[599,1]
[245,310]
[505,225]
[420,265]
[577,47]
[60,167]
[252,307]
[412,79]
[94,6]
[491,220]
[417,138]
[236,147]
[528,95]
[594,135]
[428,1]
[131,95]
[520,299]
[203,139]
[639,258]
[184,103]
[548,307]
[182,176]
[90,10]
[486,237]
[122,35]
[229,50]
[217,75]
[393,93]
[487,216]
[192,96]
[432,269]
[102,345]
[266,187]
[636,23]
[19,210]
[254,197]
[382,155]
[613,219]
[98,56]
[62,120]
[126,17]
[239,188]
[224,326]
[307,25]
[295,113]
[43,261]
[353,293]
[637,83]
[310,148]
[72,41]
[492,33]
[209,112]
[0,16]
[233,353]
[334,260]
[50,122]
[454,153]
[389,175]
[601,90]
[443,133]
[177,18]
[121,109]
[85,49]
[530,98]
[104,261]
[244,162]
[105,187]
[628,59]
[441,96]
[354,156]
[46,149]
[621,92]
[513,144]
[119,74]
[272,73]
[300,34]
[23,8]
[217,109]
[623,260]
[132,187]
[477,326]
[370,325]
[367,20]
[602,50]
[319,26]
[368,274]
[73,116]
[527,287]
[246,141]
[618,245]
[504,12]
[458,329]
[358,47]
[221,5]
[605,186]
[162,180]
[174,40]
[625,336]
[619,41]
[619,353]
[340,290]
[603,145]
[185,294]
[452,187]
[106,87]
[575,109]
[393,99]
[463,321]
[545,253]
[462,103]
[487,136]
[165,87]
[59,137]
[25,200]
[339,247]
[37,231]
[263,257]
[223,340]
[548,169]
[40,195]
[632,11]
[246,227]
[400,228]
[170,103]
[486,259]
[15,306]
[635,106]
[458,322]
[618,304]
[182,294]
[6,211]
[423,226]
[344,351]
[55,9]
[147,48]
[445,261]
[408,285]
[190,315]
[34,0]
[541,172]
[502,263]
[580,221]
[348,277]
[165,45]
[175,172]
[132,131]
[139,201]
[7,185]
[349,132]
[456,273]
[598,243]
[221,253]
[554,208]
[17,17]
[380,217]
[445,282]
[61,346]
[535,336]
[632,206]
[403,210]
[25,218]
[301,42]
[88,207]
[106,189]
[316,226]
[91,181]
[84,309]
[262,353]
[42,58]
[98,346]
[630,21]
[596,50]
[323,255]
[347,133]
[27,18]
[234,235]
[258,264]
[610,8]
[238,205]
[82,250]
[535,48]
[630,351]
[293,353]
[233,54]
[210,294]
[339,2]
[557,121]
[19,37]
[572,346]
[147,77]
[503,156]
[494,82]
[198,221]
[485,113]
[135,263]
[84,336]
[512,150]
[268,59]
[80,198]
[452,136]
[12,324]
[338,58]
[155,314]
[436,294]
[147,304]
[163,120]
[270,65]
[350,42]
[373,48]
[639,130]
[476,84]
[281,32]
[296,132]
[571,124]
[503,53]
[400,5]
[214,236]
[543,326]
[562,276]
[46,275]
[152,103]
[295,102]
[232,266]
[254,328]
[639,27]
[205,22]
[393,50]
[246,179]
[27,28]
[303,287]
[257,104]
[387,283]
[183,6]
[330,328]
[624,271]
[167,300]
[117,322]
[271,214]
[23,166]
[272,116]
[316,54]
[157,324]
[153,287]
[13,81]
[577,78]
[216,352]
[599,229]
[570,28]
[591,117]
[516,262]
[79,119]
[270,29]
[255,62]
[583,330]
[525,288]
[569,137]
[465,322]
[272,342]
[39,122]
[400,21]
[347,130]
[74,324]
[251,38]
[154,301]
[69,349]
[32,41]
[4,204]
[460,10]
[368,57]
[478,282]
[574,193]
[6,142]
[59,3]
[634,191]
[294,28]
[165,2]
[547,128]
[266,213]
[619,305]
[126,166]
[4,175]
[510,77]
[639,256]
[99,344]
[466,79]
[498,249]
[91,141]
[592,296]
[160,12]
[399,221]
[107,352]
[223,171]
[419,270]
[388,222]
[447,125]
[451,291]
[559,71]
[413,110]
[408,224]
[447,11]
[403,91]
[266,251]
[370,157]
[329,86]
[213,10]
[242,193]
[11,159]
[435,327]
[568,273]
[588,261]
[560,325]
[301,334]
[100,114]
[592,63]
[387,185]
[11,95]
[178,29]
[345,203]
[618,299]
[545,289]
[382,130]
[219,105]
[149,241]
[268,19]
[309,147]
[53,12]
[454,35]
[582,295]
[469,327]
[507,66]
[354,333]
[302,88]
[109,305]
[600,311]
[413,183]
[306,245]
[532,36]
[569,191]
[227,212]
[339,82]
[346,247]
[422,88]
[522,21]
[126,323]
[77,266]
[146,33]
[8,311]
[241,183]
[585,280]
[589,63]
[260,54]
[293,314]
[573,175]
[120,116]
[3,239]
[480,12]
[609,30]
[4,139]
[618,21]
[381,314]
[174,84]
[216,77]
[202,114]
[236,237]
[87,162]
[104,130]
[13,64]
[220,348]
[341,347]
[285,287]
[234,314]
[493,17]
[40,317]
[465,91]
[454,42]
[473,12]
[442,283]
[179,69]
[440,8]
[541,166]
[279,314]
[193,314]
[483,57]
[500,0]
[597,298]
[468,111]
[254,229]
[506,101]
[147,340]
[150,105]
[552,293]
[93,311]
[62,13]
[317,180]
[462,276]
[574,211]
[532,181]
[227,173]
[527,275]
[499,165]
[55,192]
[494,334]
[61,171]
[98,10]
[128,102]
[630,133]
[377,15]
[419,144]
[28,252]
[305,10]
[20,173]
[304,334]
[327,203]
[260,153]
[74,347]
[327,320]
[251,251]
[256,321]
[163,42]
[359,218]
[55,204]
[214,151]
[615,41]
[303,82]
[173,89]
[53,216]
[102,136]
[255,72]
[548,351]
[437,336]
[120,118]
[631,343]
[79,157]
[369,28]
[603,164]
[28,42]
[581,147]
[268,45]
[226,4]
[11,16]
[182,277]
[269,6]
[499,220]
[209,322]
[157,91]
[438,142]
[47,88]
[41,216]
[528,193]
[618,123]
[22,96]
[145,351]
[546,176]
[105,49]
[462,21]
[512,338]
[590,119]
[214,12]
[544,26]
[170,203]
[614,149]
[226,342]
[287,10]
[627,58]
[272,260]
[202,145]
[64,35]
[152,340]
[428,127]
[126,42]
[205,99]
[560,204]
[542,158]
[125,165]
[558,121]
[5,218]
[148,21]
[236,326]
[508,150]
[165,164]
[125,292]
[188,91]
[511,57]
[70,269]
[207,183]
[452,86]
[172,272]
[426,191]
[174,223]
[341,94]
[349,103]
[215,31]
[383,35]
[371,248]
[243,59]
[297,75]
[66,180]
[504,75]
[151,93]
[349,25]
[54,55]
[407,253]
[486,105]
[160,146]
[88,248]
[490,259]
[137,271]
[441,225]
[383,149]
[109,284]
[164,203]
[485,6]
[12,297]
[471,142]
[579,291]
[114,8]
[45,3]
[625,254]
[615,61]
[498,139]
[101,322]
[155,11]
[547,85]
[228,120]
[228,270]
[300,22]
[51,213]
[510,126]
[367,327]
[69,10]
[113,290]
[409,263]
[210,111]
[32,145]
[508,147]
[405,268]
[636,318]
[386,270]
[30,325]
[103,234]
[401,269]
[356,163]
[201,123]
[333,16]
[488,18]
[525,192]
[381,29]
[435,340]
[430,57]
[507,81]
[344,180]
[258,123]
[39,159]
[93,306]
[149,77]
[286,190]
[57,20]
[570,117]
[174,259]
[316,284]
[560,150]
[302,154]
[358,230]
[84,96]
[117,195]
[609,145]
[343,154]
[375,108]
[225,270]
[375,55]
[4,84]
[92,16]
[245,87]
[270,211]
[207,188]
[421,245]
[312,109]
[222,291]
[146,279]
[361,80]
[43,22]
[550,107]
[213,38]
[446,310]
[100,251]
[514,118]
[141,2]
[524,337]
[152,233]
[50,89]
[242,116]
[403,227]
[443,315]
[116,54]
[37,146]
[448,224]
[601,325]
[457,250]
[252,114]
[521,46]
[92,247]
[524,63]
[615,281]
[330,84]
[60,118]
[93,209]
[597,57]
[15,311]
[87,18]
[318,341]
[300,326]
[223,241]
[561,167]
[40,92]
[521,22]
[219,52]
[304,0]
[533,171]
[159,275]
[603,14]
[282,272]
[309,239]
[31,269]
[519,127]
[273,160]
[397,53]
[147,119]
[454,172]
[603,69]
[370,324]
[551,101]
[377,13]
[193,301]
[495,222]
[207,105]
[154,218]
[178,6]
[513,69]
[573,20]
[60,167]
[308,262]
[352,38]
[460,7]
[284,329]
[525,238]
[375,46]
[411,313]
[250,142]
[437,344]
[622,307]
[254,258]
[338,235]
[352,331]
[612,3]
[89,122]
[198,176]
[266,136]
[605,20]
[572,125]
[532,315]
[289,77]
[634,335]
[203,316]
[215,33]
[546,16]
[260,92]
[438,181]
[106,166]
[318,43]
[516,93]
[157,51]
[91,196]
[351,335]
[145,188]
[611,23]
[322,320]
[562,205]
[309,303]
[218,110]
[26,58]
[520,305]
[486,282]
[477,123]
[624,41]
[412,224]
[210,299]
[403,67]
[48,29]
[423,212]
[260,337]
[165,16]
[221,14]
[409,103]
[238,233]
[383,51]
[313,121]
[550,174]
[2,170]
[96,4]
[190,172]
[463,165]
[547,261]
[133,258]
[291,324]
[548,280]
[368,212]
[167,265]
[42,90]
[579,0]
[254,54]
[42,185]
[194,204]
[245,304]
[258,127]
[274,236]
[50,210]
[368,207]
[78,190]
[489,231]
[18,312]
[221,133]
[66,112]
[480,345]
[423,186]
[228,171]
[437,174]
[370,26]
[251,312]
[39,298]
[146,30]
[112,127]
[357,116]
[337,244]
[178,74]
[461,32]
[45,22]
[96,127]
[370,229]
[492,71]
[460,165]
[3,20]
[35,55]
[108,227]
[559,75]
[319,43]
[68,129]
[393,171]
[562,74]
[46,70]
[313,201]
[366,18]
[209,19]
[532,58]
[308,210]
[428,174]
[7,289]
[63,285]
[319,101]
[291,175]
[496,79]
[30,45]
[364,156]
[314,340]
[266,5]
[501,81]
[250,73]
[252,207]
[529,1]
[572,251]
[166,63]
[220,249]
[266,214]
[517,163]
[373,122]
[572,328]
[93,37]
[215,203]
[26,316]
[63,334]
[598,11]
[150,324]
[564,39]
[122,246]
[118,102]
[48,44]
[345,326]
[144,8]
[321,251]
[589,193]
[433,198]
[631,100]
[336,42]
[616,174]
[385,311]
[79,94]
[391,156]
[6,102]
[289,167]
[498,336]
[105,3]
[270,136]
[638,142]
[445,260]
[394,253]
[132,102]
[604,158]
[611,297]
[347,89]
[303,209]
[631,97]
[461,266]
[57,239]
[6,178]
[358,328]
[80,215]
[592,244]
[466,92]
[133,103]
[546,137]
[135,61]
[258,107]
[384,251]
[387,94]
[29,293]
[363,351]
[266,313]
[122,232]
[271,245]
[584,269]
[314,158]
[431,148]
[537,280]
[118,197]
[586,76]
[471,44]
[10,190]
[622,6]
[509,101]
[305,211]
[612,302]
[311,39]
[258,138]
[439,176]
[597,97]
[127,112]
[459,118]
[423,154]
[593,304]
[88,320]
[139,211]
[240,122]
[98,37]
[465,341]
[349,108]
[443,227]
[394,208]
[234,62]
[126,119]
[484,228]
[563,213]
[79,2]
[421,205]
[88,36]
[548,308]
[467,201]
[449,280]
[489,107]
[392,92]
[25,196]
[388,124]
[196,32]
[505,231]
[448,113]
[376,9]
[407,143]
[147,315]
[620,271]
[115,209]
[216,156]
[195,265]
[208,233]
[335,341]
[44,164]
[246,54]
[602,192]
[18,200]
[36,47]
[414,319]
[86,172]
[472,243]
[121,274]
[260,31]
[519,200]
[234,345]
[59,248]
[34,265]
[98,318]
[461,84]
[556,113]
[248,83]
[249,130]
[171,75]
[30,173]
[301,198]
[73,147]
[358,210]
[154,194]
[472,295]
[83,132]
[462,131]
[366,101]
[420,21]
[633,130]
[249,127]
[163,208]
[226,71]
[610,186]
[412,79]
[572,170]
[162,120]
[464,168]
[170,143]
[514,265]
[246,320]
[0,20]
[211,212]
[434,329]
[181,9]
[413,132]
[517,301]
[538,305]
[593,221]
[489,84]
[556,1]
[142,282]
[621,166]
[230,251]
[495,127]
[173,320]
[543,102]
[534,17]
[444,182]
[569,275]
[101,251]
[362,296]
[148,294]
[45,13]
[415,299]
[190,10]
[565,106]
[386,146]
[278,49]
[219,123]
[413,2]
[76,188]
[519,290]
[468,171]
[45,314]
[606,114]
[484,44]
[457,263]
[259,174]
[72,239]
[126,91]
[89,352]
[310,76]
[114,228]
[417,331]
[148,222]
[479,121]
[522,111]
[562,348]
[566,5]
[487,85]
[105,207]
[166,279]
[588,242]
[249,335]
[197,314]
[583,272]
[471,282]
[137,252]
[476,308]
[260,71]
[400,353]
[618,343]
[41,320]
[145,81]
[537,236]
[381,174]
[132,185]
[634,345]
[408,324]
[455,312]
[533,188]
[173,199]
[430,43]
[414,36]
[166,329]
[106,99]
[530,176]
[391,10]
[123,174]
[23,36]
[106,309]
[634,280]
[596,206]
[475,185]
[585,100]
[480,276]
[468,117]
[105,347]
[458,148]
[161,200]
[2,140]
[259,177]
[420,92]
[86,12]
[93,233]
[442,133]
[323,347]
[177,349]
[565,260]
[636,108]
[165,247]
[433,208]
[460,242]
[216,273]
[333,160]
[190,312]
[235,298]
[427,143]
[547,118]
[584,316]
[205,108]
[374,101]
[63,200]
[202,49]
[548,132]
[46,171]
[328,289]
[419,189]
[401,209]
[628,60]
[267,303]
[418,233]
[29,107]
[109,32]
[433,320]
[518,306]
[587,93]
[164,319]
[26,329]
[146,106]
[261,220]
[371,307]
[160,198]
[27,65]
[227,217]
[3,208]
[101,341]
[488,290]
[79,352]
[406,0]
[415,266]
[510,57]
[187,236]
[391,173]
[323,255]
[620,336]
[415,104]
[392,238]
[81,224]
[12,136]
[304,242]
[17,113]
[602,309]
[168,166]
[415,28]
[201,65]
[629,334]
[76,200]
[415,256]
[232,177]
[120,166]
[469,80]
[10,352]
[345,324]
[126,21]
[151,327]
[302,38]
[87,305]
[497,30]
[477,302]
[29,11]
[4,272]
[32,70]
[265,273]
[570,140]
[157,333]
[285,144]
[542,251]
[99,274]
[291,65]
[267,289]
[260,265]
[277,122]
[126,308]
[615,11]
[550,96]
[386,102]
[7,260]
[498,169]
[138,150]
[624,50]
[61,252]
[540,326]
[475,282]
[511,291]
[349,258]
[277,218]
[496,36]
[528,116]
[330,315]
[622,244]
[549,194]
[152,199]
[299,156]
[14,239]
[388,307]
[183,320]
[333,252]
[31,153]
[634,216]
[271,301]
[120,227]
[404,34]
[451,147]
[184,41]
[198,176]
[170,92]
[4,82]
[63,100]
[476,346]
[20,124]
[179,137]
[98,321]
[333,179]
[343,6]
[258,331]
[581,48]
[337,196]
[42,44]
[472,117]
[69,320]
[413,83]
[58,38]
[214,132]
[441,82]
[158,105]
[579,273]
[538,199]
[309,315]
[50,301]
[629,120]
[307,112]
[611,212]
[489,174]
[141,247]
[520,131]
[206,118]
[385,64]
[382,298]
[152,100]
[535,251]
[628,351]
[375,105]
[248,287]
[570,188]
[386,230]
[333,63]
[84,130]
[127,74]
[206,340]
[442,297]
[540,136]
[300,120]
[142,343]
[602,90]
[131,170]
[13,38]
[304,110]
[247,150]
[565,195]
[609,293]
[17,100]
[401,171]
[71,99]
[387,266]
[414,86]
[484,12]
[148,334]
[40,148]
[382,98]
[116,232]
[452,288]
[517,81]
[104,110]
[618,181]
[402,309]
[271,302]
[203,92]
[306,192]
[488,100]
[534,218]
[213,52]
[432,0]
[319,230]
[613,202]
[226,219]
[104,287]
[427,311]
[176,66]
[416,325]
[271,95]
[448,164]
[339,148]
[430,265]
[487,331]
[496,5]
[397,218]
[109,271]
[125,143]
[40,56]
[347,54]
[568,167]
[443,251]
[413,112]
[115,317]
[607,153]
[348,44]
[43,31]
[379,332]
[476,274]
[581,16]
[417,187]
[47,310]
[140,304]
[127,23]
[251,150]
[316,149]
[64,32]
[408,140]
[368,84]
[220,273]
[341,186]
[97,120]
[360,106]
[227,311]
[355,113]
[204,203]
[466,225]
[549,12]
[154,349]
[556,34]
[431,294]
[118,89]
[173,13]
[560,128]
[628,102]
[113,239]
[302,169]
[469,347]
[612,254]
[452,247]
[474,334]
[464,286]
[38,18]
[78,325]
[370,297]
[337,225]
[543,241]
[638,196]
[50,205]
[85,0]
[387,53]
[187,14]
[570,182]
[495,34]
[440,200]
[63,210]
[245,225]
[624,2]
[429,100]
[82,165]
[362,28]
[577,53]
[465,209]
[406,37]
[440,56]
[83,201]
[219,13]
[366,49]
[269,18]
[418,223]
[218,39]
[492,22]
[140,329]
[617,77]
[164,171]
[341,272]
[14,32]
[629,86]
[332,178]
[215,50]
[449,144]
[408,292]
[58,138]
[305,224]
[118,342]
[88,292]
[47,48]
[270,136]
[271,201]
[292,236]
[69,117]
[291,166]
[410,156]
[80,195]
[429,145]
[14,203]
[361,305]
[468,128]
[155,29]
[307,188]
[492,178]
[417,203]
[292,49]
[235,200]
[284,67]
[514,89]
[171,17]
[110,335]
[218,351]
[50,228]
[468,241]
[401,43]
[257,255]
[183,44]
[465,211]
[51,164]
[188,233]
[554,159]
[191,342]
[222,70]
[471,132]
[520,3]
[55,210]
[253,348]
[575,161]
[183,101]
[143,132]
[614,197]
[190,67]
[304,15]
[436,176]
[241,272]
[37,300]
[332,101]
[539,198]
[634,258]
[75,123]
[85,1]
[360,198]
[420,275]
[552,154]
[298,24]
[567,37]
[443,129]
[82,245]
[35,348]
[421,230]
[355,323]
[555,149]
[21,334]
[480,236]
[406,52]
[27,121]
[173,112]
[359,138]
[615,284]
[351,99]
[529,186]
[207,44]
[397,162]
[195,225]
[579,24]
[90,137]
[301,302]
[372,106]
[365,118]
[320,238]
[523,74]
[328,22]
[279,59]
[583,36]
[633,212]
[172,138]
[483,240]
[542,124]
[274,63]
[75,0]
[294,268]
[370,292]
[266,72]
[331,32]
[139,286]
[30,86]
[323,155]
[581,338]
[543,75]
[315,239]
[80,229]
[504,101]
[180,309]
[383,194]
[377,114]
[488,266]
[306,122]
[512,285]
[76,47]
[303,290]
[570,136]
[388,116]
[580,265]
[518,190]
[0,27]
[510,273]
[184,148]
[585,52]
[434,46]
[599,35]
[175,252]
[82,167]
[472,191]
[109,153]
[376,279]
[14,8]
[29,210]
[422,136]
[350,171]
[28,197]
[537,220]
[390,194]
[265,97]
[15,214]
[588,128]
[218,117]
[326,208]
[394,282]
[166,188]
[333,114]
[612,1]
[435,205]
[118,232]
[20,312]
[473,183]
[405,279]
[93,75]
[586,73]
[485,353]
[5,233]
[226,129]
[489,326]
[57,7]
[104,282]
[567,93]
[602,15]
[541,240]
[396,187]
[272,238]
[14,194]
[63,332]
[127,111]
[163,278]
[120,146]
[324,338]
[547,135]
[470,5]
[441,328]
[10,156]
[434,267]
[67,56]
[61,139]
[496,239]
[437,318]
[38,126]
[614,291]
[329,193]
[620,218]
[363,48]
[163,227]
[517,302]
[222,39]
[179,234]
[601,276]
[431,25]
[110,147]
[264,40]
[320,168]
[187,9]
[149,57]
[266,63]
[408,315]
[27,342]
[273,341]
[354,22]
[44,278]
[522,177]
[148,285]
[599,335]
[259,109]
[596,296]
[179,181]
[263,121]
[58,275]
[408,204]
[159,229]
[113,165]
[306,131]
[138,22]
[399,17]
[145,178]
[38,3]
[521,184]
[522,299]
[439,231]
[44,242]
[218,346]
[51,348]
[222,217]
[279,89]
[227,270]
[542,61]
[254,35]
[85,54]
[260,177]
[570,136]
[308,152]
[204,353]
[381,75]
[68,103]
[228,83]
[611,141]
[130,287]
[555,165]
[225,125]
[308,140]
[587,26]
[441,37]
[255,38]
[430,290]
[614,230]
[164,146]
[8,53]
[351,41]
[1,103]
[529,242]
[53,154]
[465,31]
[283,158]
[546,31]
[2,133]
[96,157]
[12,276]
[57,204]
[580,86]
[216,251]
[144,302]
[389,199]
[517,265]
[544,253]
[370,331]
[278,92]
[71,339]
[563,181]
[436,330]
[335,203]
[430,7]
[7,116]
[398,8]
[148,238]
[110,220]
[535,211]
[267,198]
[69,158]
[100,80]
[136,175]
[551,336]
[48,211]
[339,103]
[559,153]
[31,118]
[392,186]
[451,301]
[626,22]
[216,28]
[548,293]
[227,20]
[54,165]
[224,56]
[593,185]
[465,317]
[356,150]
[302,195]
[465,85]
[304,294]
[552,209]
[194,129]
[424,238]
[208,237]
[349,277]
[262,133]
[337,279]
[448,278]
[121,64]
[215,47]
[584,217]
[349,287]
[9,280]
[21,64]
[519,331]
[457,147]
[0,351]
[526,263]
[345,215]
[219,348]
[313,192]
[351,280]
[154,248]
[228,143]
[601,42]
[85,295]
[197,201]
[133,10]
[132,11]
[177,141]
[45,25]
[549,112]
[267,166]
[623,136]
[343,104]
[516,200]
[444,184]
[83,89]
[499,303]
[538,58]
[378,145]
[250,118]
[529,277]
[599,144]
[415,41]
[14,39]
[229,214]
[440,348]
[137,202]
[560,6]
[342,76]
[259,302]
[97,86]
[357,320]
[159,329]
[588,181]
[620,181]
[114,121]
[155,125]
[82,207]
[388,194]
[533,48]
[113,336]
[121,201]
[87,163]
[288,136]
[629,196]
[53,123]
[136,92]
[281,93]
[183,144]
[168,264]
[35,298]
[369,193]
[424,169]
[31,153]
[174,0]
[283,13]
[390,141]
[269,40]
[565,281]
[204,136]
[459,151]
[111,140]
[566,255]
[12,288]
[416,350]
[93,145]
[250,179]
[24,328]
[516,272]
[438,14]
[431,282]
[350,345]
[336,34]
[88,62]
[312,6]
[323,218]
[74,67]
[469,255]
[240,83]
[507,22]
[580,232]
[330,207]
[531,147]
[12,103]
[381,267]
[522,39]
[590,285]
[130,202]
[161,298]
[568,320]
[129,87]
[585,341]
[375,221]
[503,206]
[49,337]
[39,206]
[486,177]
[163,338]
[492,293]
[479,350]
[526,246]
[395,142]
[59,44]
[193,58]
[18,265]
[5,103]
[291,62]
[328,129]
[131,216]
[181,94]
[446,352]
[248,133]
[378,44]
[393,146]
[447,273]
[503,207]
[491,217]
[40,320]
[514,283]
[63,109]
[431,303]
[416,311]
[608,56]
[323,342]
[501,215]
[94,36]
[418,69]
[444,237]
[223,54]
[198,311]
[496,325]
[20,25]
[232,197]
[574,320]
[619,71]
[391,151]
[185,4]
[543,193]
[247,91]
[597,266]
[57,105]
[356,39]
[313,66]
[343,267]
[41,203]
[236,302]
[457,277]
[431,251]
[389,335]
[441,189]
[211,157]
[141,94]
[136,216]
[596,287]
[6,163]
[143,30]
[515,160]
[530,237]
[426,22]
[399,214]
[234,136]
[585,121]
[88,151]
[540,259]
[334,116]
[562,102]
[387,219]
[569,275]
[316,163]
[239,137]
[446,179]
[98,313]
[432,183]
[52,124]
[476,164]
[127,5]
[454,285]
[444,45]
[29,19]
[147,299]
[516,38]
[623,97]
[257,306]
[341,12]
[241,341]
[301,287]
[379,289]
[366,347]
[564,140]
[157,279]
[187,265]
[66,256]
[174,252]
[391,136]
[630,346]
[294,277]
[542,42]
[542,331]
[312,233]
[443,94]
[440,91]
[321,142]
[510,213]
[142,268]
[48,325]
[249,198]
[272,253]
[251,162]
[324,212]
[353,235]
[360,229]
[43,39]
[291,40]
[84,116]
[162,348]
[327,179]
[637,263]
[410,98]
[637,353]
[489,314]
[287,96]
[514,74]
[232,277]
[292,119]
[97,243]
[596,244]
[406,1]
[267,62]
[129,144]
[484,83]
[88,58]
[32,341]
[550,216]
[195,237]
[555,294]
[408,173]
[323,67]
[265,48]
[111,167]
[138,318]
[199,277]
[619,105]
[421,38]
[160,159]
[127,231]
[100,72]
[54,321]
[24,168]
[188,69]
[330,329]
[1,154]
[560,203]
[364,209]
[352,113]
[503,339]
[377,345]
[431,92]
[570,9]
[64,6]
[284,74]
[328,238]
[628,262]
[578,46]
[213,26]
[541,199]
[568,196]
[465,223]
[464,110]
[296,235]
[482,47]
[380,58]
[8,5]
[596,266]
[346,309]
[631,12]
[420,304]
[474,69]
[520,30]
[341,332]
[545,115]
[161,303]
[626,20]
[225,351]
[404,275]
[552,346]
[584,348]
[635,155]
[98,42]
[526,200]
[596,219]
[294,19]
[187,351]
[60,83]
[369,234]
[202,110]
[247,191]
[523,172]
[242,124]
[556,190]
[308,281]
[155,211]
[171,213]
[152,28]
[70,210]
[331,308]
[339,260]
[492,102]
[349,183]
[575,80]
[208,73]
[47,58]
[201,293]
[479,317]
[287,64]
[79,23]
[185,68]
[615,301]
[81,257]
[272,135]
[525,225]
[549,343]
[341,236]
[492,259]
[196,341]
[148,191]
[293,27]
[100,20]
[380,219]
[546,182]
[422,349]
[636,193]
[93,171]
[632,26]
[303,40]
[379,103]
[201,103]
[324,42]
[332,341]
[511,125]
[115,194]
[88,341]
[87,222]
[239,192]
[110,156]
[413,168]
[481,65]
[520,11]
[149,30]
[354,186]
[174,31]
[420,99]
[253,255]
[518,6]
[433,151]
[26,274]
[227,212]
[129,312]
[126,86]
[28,253]
[92,30]
[30,79]
[54,94]
[635,234]
[90,36]
[150,119]
[610,158]
[315,206]
[356,126]
[175,336]
[168,225]
[587,318]
[22,281]
[496,298]
[158,321]
[539,287]
[76,291]
[196,55]
[357,136]
[527,196]
[544,67]
[584,92]
[8,298]
[96,181]
[78,104]
[83,20]
[29,232]
[424,141]
[467,214]
[44,103]
[65,41]
[515,48]
[76,155]
[237,40]
[622,96]
[579,231]
[383,340]
[322,183]
[115,288]
[510,249]
[173,196]
[30,201]
[345,119]
[45,325]
[559,266]
[205,104]
[458,131]
[199,186]
[90,346]
[410,298]
[72,214]
[75,77]
[332,118]
[97,166]
[484,26]
[629,155]
[54,337]
[386,22]
[138,87]
[417,298]
[53,255]
[252,46]
[611,42]
[352,258]
[173,244]
[250,326]
[240,352]
[21,214]
[61,314]
[386,282]
[296,341]
[316,335]
[179,29]
[148,119]
[355,250]
[535,50]
[591,111]
[544,334]
[216,12]
[411,258]
[94,32]
[567,53]
[492,129]
[244,324]
[89,265]
[28,34]
[255,13]
[456,337]
[488,74]
[83,231]
[243,78]
[531,85]
[299,259]
[28,248]
[346,52]
[143,279]
[533,35]
[120,164]
[76,311]
[300,16]
[72,163]
[566,221]
[617,300]
[306,4]
[273,190]
[594,101]
[570,51]
[271,320]
[477,4]
[170,163]
[210,241]
[572,148]
[158,44]
[473,38]
[81,21]
[121,308]
[166,267]
[515,345]
[265,194]
[347,161]
[386,245]
[20,63]
[518,19]
[527,107]
[363,318]
[68,178]
[390,10]
[608,174]
[558,116]
[126,297]
[635,149]
[346,290]
[570,60]
[631,92]
[315,339]
[223,295]
[349,68]
[4,158]
[305,157]
[571,70]
[494,70]
[375,253]
[638,345]
[574,275]
[604,187]
[260,127]
[490,247]
[540,69]
[147,183]
[552,160]
[589,341]
[587,323]
[40,175]
[588,103]
[468,191]
[634,73]
[324,161]
[367,109]
[42,132]
[286,109]
[108,32]
[587,39]
[154,128]
[405,209]
[617,83]
[602,64]
[395,238]
[21,235]
[580,182]
[385,44]
[383,180]
[385,285]
[318,192]
[358,166]
[37,90]
[515,152]
[389,109]
[277,214]
[419,178]
[372,349]
[292,51]
[161,149]
[298,68]
[497,144]
[272,283]
[576,275]
[524,15]
[253,137]
[398,20]
[480,160]
[537,265]
[334,299]
[355,12]
[239,271]
[162,191]
[470,244]
[172,94]
[148,301]
[535,241]
[541,42]
[286,52]
[528,234]
[399,292]
[460,98]
[33,271]
[393,115]
[162,3]
[571,286]
[214,120]
[616,147]
[512,162]
[459,107]
[394,211]
[36,151]
[522,148]
[510,102]
[489,248]
[34,237]
[170,214]
[430,153]
[2,107]
[204,47]
[264,265]
[201,72]
[468,95]
[369,71]
[271,5]
[59,223]
[343,270]
[3,308]
[326,3]
[404,27]
[218,261]
[220,62]
[560,293]
[624,81]
[535,234]
[18,176]
[21,71]
[633,40]
[347,215]
[402,158]
[490,15]
[573,239]
[464,8]
[334,345]
[583,259]
[36,325]
[224,255]
[129,237]
[506,336]
[15,46]
[631,238]
[254,122]
[161,319]
[241,19]
[351,191]
[565,81]
[84,63]
[19,191]
[131,140]
[515,146]
[556,273]
[146,268]
[27,159]
[22,262]
[460,272]
[80,327]
[324,322]
[567,53]
[415,224]
[452,230]
[407,60]
[56,171]
[619,316]
[201,31]
[479,228]
[39,49]
[607,318]
[0,102]
[574,219]
[288,250]
[286,238]
[602,273]
[586,215]
[41,193]
[72,190]
[11,218]
[585,32]
[478,123]
[582,326]
[159,167]
[74,158]
[84,55]
[214,311]
[215,244]
[271,298]
[1,39]
[10,258]
[164,192]
[95,349]
[551,82]
[571,130]
[175,106]
[299,286]
[561,247]
[296,295]
[55,9]
[40,0]
[505,312]
[336,239]
[341,297]
[542,247]
[218,290]
[582,246]
[103,135]
[340,239]
[413,261]
[142,80]
[472,217]
[400,312]
[478,313]
[416,325]
[412,18]
[362,227]
[375,280]
[225,3]
[328,260]
[50,316]
[182,344]
[419,2]
[312,219]
[195,315]
[467,267]
[493,203]
[462,308]
[621,309]
[218,142]
[230,241]
[599,99]
[524,24]
[461,87]
[461,247]
[268,138]
[303,67]
[166,335]
[593,196]
[500,173]
[527,352]
[411,126]
[106,345]
[304,250]
[313,71]
[575,95]
[463,189]
[134,241]
[272,320]
[478,51]
[630,23]
[168,138]
[250,56]
[371,82]
[159,336]
[217,273]
[302,280]
[293,59]
[158,123]
[252,58]
[124,135]
[301,75]
[616,289]
[333,97]
[172,325]
[274,330]
[411,5]
[383,169]
[589,1]
[347,276]
[243,31]
[174,73]
[611,180]
[382,35]
[366,191]
[405,177]
[126,178]
[394,308]
[249,322]
[61,209]
[245,295]
[473,156]
[532,197]
[582,246]
[617,263]
[365,260]
[530,1]
[604,158]
[0,210]
[14,195]
[276,69]
[222,26]
[420,318]
[261,24]
[225,28]
[355,119]
[399,145]
[347,82]
[261,330]
[358,151]
[602,55]
[189,130]
[33,264]
[56,74]
[385,175]
[369,315]
[271,324]
[162,308]
[19,9]
[388,308]
[5,172]
[41,266]
[291,167]
[46,170]
[114,260]
[634,69]
[130,245]
[537,57]
[264,13]
[581,145]
[156,144]
[174,54]
[371,125]
[631,334]
[104,83]
[408,38]
[242,185]
[613,332]
[37,92]
[597,328]
[152,300]
[245,273]
[29,256]
[66,353]
[237,208]
[232,81]
[207,84]
[517,113]
[565,3]
[527,217]
[306,70]
[199,75]
[577,172]
[18,84]
[329,313]
[44,196]
[103,272]
[151,342]
[304,173]
[148,192]
[382,94]
[328,340]
[349,351]
[357,191]
[137,71]
[371,124]
[626,235]
[21,338]
[570,315]
[59,283]
[558,62]
[369,122]
[243,105]
[54,323]
[372,95]
[540,150]
[330,164]
[548,44]
[532,210]
[235,1]
[475,353]
[331,108]
[491,12]
[475,178]
[501,210]
[553,125]
[595,71]
[290,115]
[461,127]
[435,109]
[376,147]
[462,30]
[565,270]
[226,6]
[364,166]
[142,139]
[252,343]
[621,219]
[589,65]
[356,127]
[165,290]
[308,151]
[63,178]
[557,298]
[603,110]
[474,136]
[635,292]
[531,326]
[139,20]
[251,172]
[269,284]
[499,232]
[391,106]
[125,184]
[138,110]
[102,88]
[578,9]
[636,16]
[374,287]
[450,353]
[514,85]
[203,25]
[524,301]
[478,322]
[464,150]
[226,33]
[572,169]
[20,53]
[357,61]
[293,234]
[239,174]
[168,304]
[34,6]
[451,346]
[468,308]
[573,18]
[405,294]
[177,296]
[638,220]
[357,292]
[7,248]
[188,245]
[237,164]
[222,223]
[625,305]
[240,186]
[206,211]
[337,86]
[227,241]
[279,330]
[201,122]
[10,152]
[129,146]
[510,309]
[234,347]
[513,218]
[299,202]
[193,181]
[123,120]
[636,111]
[25,236]
[476,199]
[178,175]
[43,324]
[263,107]
[136,44]
[223,289]
[444,92]
[244,174]
[278,254]
[64,17]
[408,190]
[454,344]
[409,144]
[298,242]
[157,59]
[263,9]
[496,156]
[548,29]
[342,314]
[280,247]
[393,176]
[578,33]
[266,199]
[207,41]
[599,177]
[345,29]
[406,195]
[186,315]
[363,282]
[226,194]
[85,155]
[109,313]
[546,284]
[63,272]
[174,170]
[169,194]
[341,162]
[568,288]
[479,194]
[246,65]
[615,124]
[630,114]
[366,129]
[38,160]
[423,253]
[87,111]
[491,341]
[417,29]
[278,101]
[614,79]
[154,186]
[196,334]
[173,244]
[472,61]
[35,184]
[282,331]
[80,20]
[34,143]
[112,53]
[168,240]
[359,22]
[547,135]
[379,222]
[141,46]
[534,334]
[224,293]
[78,309]
[554,80]
[22,14]
[632,9]
[585,221]
[611,293]
[144,232]
[299,44]
[74,302]
[232,350]
[332,254]
[518,208]
[208,344]
[401,193]
[522,2]
[270,71]
[12,73]
[96,338]
[57,115]
[446,60]
[416,245]
[318,29]
[186,272]
[514,252]
[1,3]
[586,334]
[27,130]
[360,170]
[224,147]
[19,72]
[537,25]
[90,11]
[279,89]
[511,245]
[389,49]
[4,237]
[296,50]
[491,170]
[346,35]
[630,300]
[209,76]
[30,136]
[51,319]
[264,281]
[493,327]
[83,28]
[569,158]
[483,185]
[364,322]
[223,88]
[347,317]
[259,157]
[612,0]
[86,347]
[303,102]
[285,28]
[506,9]
[302,292]
[241,258]
[405,229]
[40,277]
[574,8]
[436,11]
[339,307]
[413,119]
[394,67]
[25,326]
[490,231]
[379,236]
[488,97]
[210,276]
[417,214]
[177,2]
[545,128]
[367,22]
[260,108]
[208,240]
[319,329]
[502,131]
[423,143]
[610,94]
[381,3]
[174,265]
[607,96]
[619,104]
[282,201]
[391,131]
[590,112]
[203,275]
[374,57]
[27,181]
[488,135]
[348,340]
[402,280]
[456,95]
[94,253]
[358,251]
[146,26]
[341,15]
[614,308]
[66,20]
[83,8]
[2,134]
[307,232]
[599,232]
[492,22]
[495,170]
[309,89]
[352,351]
[53,276]
[437,222]
[6,329]
[584,37]
[206,123]
[418,241]
[189,48]
[210,98]
[380,129]
[636,249]
[286,234]
[410,238]
[612,248]
[367,55]
[251,229]
[355,165]
[150,17]
[628,294]
[429,302]
[535,306]
[617,94]
[524,94]
[534,154]
[590,41]
[138,349]
[624,305]
[494,176]
[473,267]
[56,257]
[293,38]
[446,307]
[205,216]
[225,15]
[337,329]
[347,297]
[22,296]
[131,22]
[259,84]
[139,304]
[212,349]
[471,64]
[493,233]
[616,349]
[261,259]
[501,38]
[498,237]
[536,42]
[630,209]
[119,353]
[362,330]
[482,12]
[261,280]
[622,57]
[393,267]
[342,267]
[488,55]
[109,95]
[608,124]
[97,333]
[408,304]
[480,151]
[582,306]
[236,226]
[404,196]
[571,222]
[23,233]
[570,155]
[53,173]
[59,87]
[418,328]
[14,338]
[2,74]
[505,193]
[322,178]
[579,290]
[270,270]
[185,17]
[534,178]
[97,35]
[179,93]
[352,64]
[488,102]
[612,352]
[526,190]
[81,147]
[361,314]
[186,155]
[358,282]
[587,180]
[295,150]
[636,237]
[225,286]
[262,292]
[201,72]
[177,89]
[476,134]
[522,257]
[388,278]
[51,210]
[113,185]
[173,307]
[85,142]
[523,324]
[557,262]
[275,347]
[40,67]
[526,24]
[206,49]
[188,139]
[40,172]
[116,343]
[567,15]
[503,61]
[430,11]
[582,264]
[493,214]
[398,253]
[356,307]
[255,187]
[524,239]
[576,76]
[413,107]
[43,141]
[436,210]
[137,49]
[587,209]
[268,184]
[50,121]
[551,332]
[76,42]
[423,141]
[452,192]
[554,267]
[468,218]
[424,200]
[13,336]
[241,286]
[76,330]
[546,161]
[593,164]
[542,294]
[545,333]
[635,290]
[303,91]
[574,259]
[430,55]
[279,160]
[527,282]
[438,287]
[594,265]
[65,240]
[306,266]
[390,79]
[413,198]
[630,46]
[492,194]
[355,333]
[485,283]
[12,144]
[287,294]
[616,54]
[611,11]
[412,268]
[221,329]
[241,80]
[519,213]
[517,275]
[579,117]
[503,77]
[417,228]
[415,36]
[150,313]
[245,267]
[32,185]
[450,234]
[615,273]
[361,14]
[159,14]
[364,6]
[542,278]
[3,229]
[468,173]
[601,138]
[13,44]
[216,7]
[292,242]
[102,342]
[341,271]
[342,7]
[121,142]
[339,93]
[220,287]
[277,256]
[438,116]
[510,311]
[110,174]
[454,78]
[101,40]
[395,122]
[164,281]
[261,229]
[26,337]
[259,71]
[71,132]
[635,21]
[425,29]
[175,240]
[634,60]
[131,319]
[625,47]
[423,40]
[132,79]
[192,114]
[343,76]
[433,265]
[94,1]
[523,229]
[213,248]
[424,220]
[564,83]
[52,282]
[271,24]
[233,142]
[202,270]
[603,195]
[565,218]
[241,117]
[482,205]
[360,182]
[399,110]
[238,275]
[438,102]
[23,104]
[232,329]
[269,120]
[195,104]
[485,325]
[359,49]
[301,282]
[468,289]
[193,276]
[178,336]
[38,206]
[479,158]
[458,325]
[473,54]
[493,302]
[343,283]
[463,152]
[370,181]
[633,269]
[245,24]
[605,228]
[99,312]
[630,341]
[273,119]
[575,268]
[452,118]
[542,38]
[63,313]
[476,165]
[568,346]
[53,345]
[307,328]
[214,177]
[322,79]
[520,158]
[242,194]
[545,195]
[84,271]
[418,336]
[2,52]
[193,6]
[186,238]
[292,57]
[465,148]
[446,27]
[445,243]
[182,85]
[433,315]
[550,250]
[172,339]
[71,114]
[235,6]
[497,55]
[352,41]
[237,321]
[239,188]
[510,166]
[33,229]
[397,311]
[9,214]
[120,213]
[88,326]
[297,199]
[600,251]
[383,83]
[109,353]
[281,218]
[86,149]
[527,25]
[426,143]
[359,244]
[162,281]
[207,46]
[454,349]
[14,318]
[390,263]
[191,132]
[202,286]
[358,111]
[28,52]
[268,256]
[365,80]
[199,11]
[311,43]
[458,270]
[183,157]
[593,142]
[428,3]
[220,225]
[481,17]
[194,162]
[348,124]
[281,305]
[34,335]
[459,68]
[7,15]
[58,132]
[93,127]
[55,218]
[73,233]
[613,44]
[431,60]
[195,185]
[238,171]
[255,245]
[152,105]
[339,144]
[131,330]
[183,249]
[504,21]
[230,164]
[385,248]
[103,234]
[14,61]
[297,188]
[388,193]
[146,341]
[405,121]
[572,299]
[133,283]
[167,188]
[623,158]
[593,274]
[71,109]
[115,43]
[446,47]
[453,127]
[94,325]
[381,310]
[594,346]
[27,122]
[345,230]
[238,278]
[344,192]
[41,137]
[507,264]
[486,62]
[158,100]
[484,333]
[195,223]
[120,226]
[518,2]
[95,196]
[61,50]
[634,288]
[266,103]
[199,100]
[536,126]
[541,350]
[195,352]
[217,120]
[172,39]
[321,186]
[201,183]
[608,92]
[465,181]
[392,173]
[538,317]
[590,116]
[502,5]
[459,180]
[26,57]
[105,282]
[219,125]
[378,324]
[308,76]
[49,316]
[200,310]
[431,157]
[91,298]
[40,225]
[203,303]
[368,91]
[269,115]
[419,156]
[491,207]
[384,34]
[408,66]
[393,44]
[298,44]
[567,160]
[114,99]
[293,31]
[317,221]
[52,33]
[499,129]
[513,50]
[35,10]
[443,273]
[491,297]
[125,338]
[32,263]
[603,110]
[303,288]
[485,323]
[435,199]
[28,315]
[503,99]
[4,141]
[122,84]
[357,148]
[34,129]
[353,123]
[381,219]
[65,212]
[300,103]
[431,332]
[441,249]
[576,323]
[150,340]
[336,319]
[369,151]
[195,79]
[187,15]
[359,22]
[333,214]
[418,115]
[60,186]
[47,187]
[467,112]
[52,234]
[129,182]
[87,237]
[109,34]
[79,164]
[529,115]
[201,166]
[228,25]
[598,145]
[504,98]
[195,162]
[568,128]
[174,96]
[541,162]
[221,195]
[374,210]
[279,52]
[13,313]
[548,294]
[325,277]
[364,105]
[221,24]
[323,287]
[557,332]
[86,27]
[444,88]
[634,110]
[95,267]
[13,97]
[61,267]
[79,16]
[588,89]
[64,25]
[579,6]
[166,127]
[342,143]
[585,30]
[6,125]
[450,28]
[51,61]
[471,341]
[219,130]
[151,3]
[283,214]
[283,120]
[126,119]
[209,241]
[530,201]
[99,187]
[205,74]
[317,167]
[449,262]
[43,248]
[414,326]
[298,337]
[77,278]
[160,282]
[296,190]
[592,9]
[164,2]
[591,174]
[583,158]
[101,342]
[435,98]
[335,58]
[334,319]
[607,172]
[196,87]
[264,11]
[319,107]
[409,17]
[575,75]
[633,263]
[496,148]
[276,84]
[220,92]
[163,349]
[601,266]
[199,281]
[589,343]
[580,218]
[629,6]
[212,89]
[112,325]
[113,5]
[22,32]
[141,225]
[396,211]
[14,344]
[18,228]
[315,293]
[460,38]
[570,224]
[493,72]
[396,30]
[220,267]
[634,226]
[145,340]
[349,62]
[572,100]
[124,212]
[229,287]
[90,35]
[148,84]
[489,94]
[334,351]
[400,200]
[531,331]
[542,70]
[410,52]
[602,303]
[171,209]
[186,248]
[564,165]
[104,211]
[221,296]
[585,280]
[359,308]
[281,225]
[458,168]
[163,57]
[599,15]
[630,139]
[330,31]
[237,308]
[412,206]
[323,130]
[498,84]
[193,236]
[591,310]
[440,268]
[48,328]
[539,234]
[228,244]
[392,87]
[16,4]
[331,156]
[66,52]
[25,274]
[489,44]
[571,107]
[578,299]
[365,251]
[311,349]
[148,317]
[581,296]
[46,223]
[164,312]
[329,130]
[6,23]
[516,18]
[472,179]
[15,292]
[138,49]
[516,15]
[564,337]
[296,266]
[435,0]
[575,20]
[443,236]
[210,132]
[336,314]
[132,343]
[258,242]
[612,283]
[161,53]
[200,232]
[283,103]
[542,72]
[320,215]
[43,329]
[128,193]
[375,305]
[478,278]
[321,70]
[604,235]
[105,199]
[398,8]
[94,336]
[439,213]
[193,36]
[358,241]
[556,201]
[548,220]
[70,226]
[590,290]
[483,72]
[2,204]
[519,245]
[320,307]
[134,185]
[451,168]
[194,0]
[6,258]
[373,70]
[433,105]
[287,128]
[317,243]
[107,64]
[377,105]
[519,219]
[300,343]
[369,30]
[155,339]
[104,230]
[342,208]
[436,334]
[101,214]
[166,24]
[41,268]
[50,130]
[610,113]
[211,122]
[542,126]
[413,349]
[96,43]
[367,69]
[626,86]
[589,137]
[317,260]
[285,100]
[620,74]
[527,83]
[50,199]
[99,114]
[251,30]
[388,115]
[580,349]
[634,218]
[540,226]
[309,285]
[212,275]
[259,27]
[532,179]
[223,31]
[146,281]
[15,28]
[21,319]
[355,190]
[553,201]
[420,349]
[168,333]
[600,82]
[161,207]
[2,213]
[428,309]
[279,273]
[542,353]
[34,40]
[4,257]
[181,212]
[124,104]
[579,253]
[61,250]
[227,279]
[444,171]
[65,343]
[296,146]
[575,230]
[94,8]
[196,158]
[397,270]
[349,267]
[184,82]
[35,55]
[59,146]
[12,190]
[130,41]
[347,304]
[422,285]
[597,57]
[29,93]
[273,209]
[598,195]
[490,95]
[17,106]
[213,138]
[342,122]
[162,169]
[377,186]
[307,174]
[251,283]
[565,127]
[227,285]
[510,3]
[533,124]
[518,341]
[505,249]
[191,222]
[387,263]
[113,282]
[391,36]
[558,59]
[165,143]
[392,282]
[266,328]
[315,243]
[263,68]
[567,27]
[526,23]
[333,185]
[46,139]
[567,157]
[621,79]
[138,250]
[86,115]
[620,282]
[11,194]
[367,24]
[187,144]
[430,124]
[28,272]
[198,331]
[29,138]
[64,172]
[341,216]
[472,282]
[371,156]
[355,338]
[441,80]
[280,26]
[108,137]
[327,55]
[162,202]
[443,163]
[597,227]
[114,250]
[257,210]
[39,245]
[76,325]
[91,327]
[156,239]
[62,131]
[296,273]
[609,153]
[68,181]
[104,293]
[189,73]
[402,166]
[468,353]
[568,114]
[269,49]
[9,0]
[507,179]
[147,52]
[59,17]
[515,179]
[177,267]
[138,6]
[542,163]
[28,227]
[269,224]
[244,145]
[72,220]
[161,182]
[560,72]
[214,103]
[180,23]
[479,266]
[213,52]
[107,155]
[537,2]
[154,150]
[183,258]
[241,316]
[280,338]
[148,317]
[489,5]
[333,3]
[182,28]
[249,247]
[109,209]
[196,176]
[132,167]
[242,292]
[439,304]
[306,81]
[63,204]
[390,84]
[470,181]
[174,308]
[340,157]
[332,29]
[52,46]
[66,18]
[610,27]
[289,15]
[337,350]
[237,281]
[226,353]
[491,175]
[35,231]
[325,77]
[273,242]
[468,111]
[611,276]
[166,58]
[387,118]
[600,326]
[95,348]
[341,301]
[123,316]
[367,171]
[226,53]
[125,282]
[261,237]
[179,298]
[56,115]
[221,248]
[547,246]
[388,259]
[13,200]
[96,203]
[319,3]
[312,19]
[568,248]
[437,339]
[411,233]
[125,133]
[293,264]
[107,16]
[401,303]
[420,318]
[237,180]
[224,194]
[176,199]
[328,0]
[370,192]
[125,182]
[627,41]
[326,272]
[516,49]
[618,83]
[154,108]
[446,178]
[357,195]
[327,3]
[431,18]
[421,235]
[230,34]
[193,125]
[623,147]
[168,261]
[443,113]
[22,297]
[361,149]
[585,335]
[225,128]
[261,231]
[387,213]
[121,119]
[588,70]
[246,296]
[114,132]
[374,46]
[213,239]
[198,313]
[105,345]
[607,270]
[487,345]
[53,280]
[637,59]
[551,350]
[130,37]
[15,95]
[303,211]
[454,350]
[146,304]
[314,76]
[52,324]
[244,122]
[474,334]
[339,10]
[171,2]
[127,228]
[426,168]
[302,302]
[485,348]
[547,322]
[110,69]
[13,148]
[21,61]
[459,213]
[198,306]
[96,155]
[602,193]
[243,7]
[346,319]
[620,298]
[203,13]
[75,303]
[507,110]
[475,128]
[114,239]
[65,12]
[548,3]
[350,288]
[232,285]
[195,318]
[509,119]
[323,100]
[251,134]
[273,269]
[141,290]
[599,13]
[358,287]
[477,349]
[271,60]
[611,86]
[427,7]
[551,187]
[286,39]
[13,182]
[542,237]
[513,40]
[3,43]
[116,57]
[336,87]
[393,87]
[369,24]
[617,108]
[434,232]
[131,169]
[604,228]
[151,79]
[3,264]
[73,65]
[35,74]
[408,283]
[322,188]
[624,236]
[7,98]
[449,109]
[359,84]
[474,32]
[168,223]
[626,258]
[161,111]
[436,315]
[503,260]
[612,266]
[481,322]
[121,296]
[322,32]
[245,132]
[516,192]
[52,12]
[472,21]
[324,46]
[92,198]
[318,4]
[598,220]
[462,210]
[396,105]
[591,322]
[121,87]
[69,6]
[518,74]
[0,340]
[569,63]
[30,194]
[197,78]
[518,170]
[573,64]
[283,136]
[36,236]
[455,280]
[594,141]
[312,32]
[313,334]
[428,126]
[431,275]
[156,298]
[539,72]
[270,311]
[466,1]
[236,321]
[602,100]
[309,20]
[30,335]
[431,160]
[472,31]
[272,313]
[3,87]
[84,224]
[238,161]
[250,338]
[599,203]
[608,64]
[400,173]
[256,330]
[556,73]
[198,54]
[358,102]
[619,55]
[581,66]
[168,198]
[366,56]
[570,200]
[112,25]
[560,315]
[13,7]
[346,44]
[10,346]
[162,275]
[35,209]
[120,121]
[540,36]
[255,291]
[453,69]
[248,106]
[96,271]
[354,80]
[28,140]
[96,171]
[29,194]
[220,89]
[94,235]
[182,46]
[50,204]
[407,86]
[546,147]
[77,15]
[371,341]
[92,250]
[368,211]
[467,46]
[370,237]
[353,245]
[80,152]
[313,253]
[624,15]
[114,217]
[240,248]
[284,44]
[126,55]
[395,117]
[568,107]
[14,310]
[254,10]
[392,134]
[528,351]
[512,307]
[266,41]
[410,124]
[236,95]
[295,144]
[369,143]
[92,137]
[85,207]
[393,146]
[38,295]
[221,261]
[457,104]
[315,157]
[448,295]
[7,97]
[384,254]
[440,227]
[130,143]
[205,182]
[214,172]
[20,97]
[453,114]
[328,258]
[518,131]
[434,14]
[21,313]
[298,168]
[511,321]
[160,336]
[72,67]
[227,131]
[51,150]
[289,220]
[122,58]
[445,156]
[299,17]
[7,130]
[480,150]
[394,230]
[105,159]
[92,182]
[385,112]
[215,277]
[307,286]
[560,162]
[67,167]
[360,1]
[394,332]
[98,352]
[488,324]
[274,22]
[109,30]
[260,40]
[297,141]
[106,305]
[68,213]
[615,287]
[24,314]
[15,238]
[318,171]
[578,8]
[607,258]
[251,279]
[385,63]
[334,57]
[154,207]
[597,13]
[309,312]
[414,114]
[414,57]
[486,184]
[12,342]
[408,95]
[551,272]
[18,332]
[18,248]
[182,333]
[590,107]
[553,99]
[317,31]
[403,281]
[352,247]
[54,130]
[395,289]
[555,93]
[302,192]
[113,196]
[306,349]
[67,241]
[309,160]
[140,64]
[170,67]
[7,124]
[387,250]
[70,119]
[274,212]
[471,118]
[533,260]
[402,150]
[328,299]
[104,246]
[324,253]
[411,137]
[336,295]
[344,139]
[289,174]
[461,250]
[215,64]
[608,101]
[168,218]
[119,0]
[145,329]
[352,13]
[559,333]
[93,34]
[472,158]
[94,272]
[158,210]
[606,98]
[326,240]
[253,341]
[224,38]
[428,95]
[247,29]
[23,175]
[329,202]
[607,97]
[468,217]
[100,200]
[560,253]
[638,152]
[466,34]
[166,230]
[379,247]
[8,253]
[49,258]
[87,199]
[482,335]
[230,234]
[519,191]
[293,124]
[152,337]
[521,137]
[172,252]
[441,20]
[105,64]
[246,201]
[39,184]
[324,249]
[241,181]
[13,316]
[213,65]
[583,281]
[165,166]
[60,198]
[9,223]
[179,53]
[390,18]
[333,86]
[350,353]
[198,164]
[322,344]
[530,58]
[332,345]
[439,123]
[504,27]
[438,202]
[504,353]
[302,228]
[256,158]
[131,170]
[507,154]
[522,332]
[512,94]
[613,210]
[100,320]
[347,305]
[580,251]
[307,2]
[437,268]
[105,165]
[72,255]
[335,137]
[578,136]
[510,202]
[307,20]
[195,335]
[405,322]
[447,260]
[304,125]
[307,70]
[213,166]
[290,235]
[572,239]
[503,285]
[139,204]
[492,91]
[283,335]
[71,211]
[238,81]
[163,95]
[230,283]
[43,143]
[184,300]
[564,77]
[28,325]
[435,183]
[399,140]
[423,216]
[424,276]
[532,56]
[547,62]
[84,179]
[361,162]
[632,40]
[287,322]
[593,127]
[63,325]
[22,159]
[124,220]
[273,110]
[27,148]
[487,26]
[236,48]
[489,23]
[428,153]
[458,107]
[157,261]
[224,44]
[452,84]
[84,93]
[277,190]
[33,293]
[307,33]
[479,32]
[299,136]
[157,48]
[414,299]
[558,121]
[272,282]
[423,151]
[485,249]
[218,142]
[300,271]
[178,115]
[52,267]
[135,329]
[223,266]
[211,274]
[249,89]
[472,16]
[476,4]
[35,147]
[46,282]
[620,113]
[356,215]
[404,305]
[11,191]
[57,19]
[181,305]
[468,112]
[135,121]
[609,50]
[273,86]
[98,96]
[424,78]
[350,109]
[89,176]
[177,219]
[350,278]
[222,290]
[581,198]
[185,119]
[147,292]
[549,47]
[69,348]
[135,350]
[68,68]
[323,234]
[296,289]
[281,322]
[525,207]
[347,131]
[111,153]
[285,326]
[253,173]
[219,26]
[310,152]
[0,38]
[411,21]
[306,308]
[369,270]
[528,49]
[418,188]
[282,268]
[277,165]
[636,85]
[564,71]
[236,131]
[631,209]
[417,116]
[284,30]
[622,21]
[325,222]
[3,129]
[325,106]
[567,19]
[601,98]
[171,198]
[264,210]
[373,40]
[380,182]
[363,5]
[68,286]
[397,295]
[252,295]
[322,132]
[74,318]
[441,81]
[329,13]
[4,34]
[18,328]
[42,329]
[244,221]
[262,252]
[344,217]
[362,329]
[117,56]
[521,181]
[119,86]
[434,148]
[5,204]
[630,161]
[40,242]
[414,11]
[609,143]
[480,150]
[602,353]
[45,11]
[236,255]
[72,123]
[426,26]
[36,18]
[193,71]
[227,145]
[17,167]
[634,292]
[558,6]
[137,57]
[245,348]
[518,224]
[637,337]
[54,248]
[284,84]
[14,25]
[446,213]
[208,304]
[335,264]
[325,113]
[167,115]
[546,336]
[636,126]
[343,245]
[477,284]
[100,228]
[259,200]
[589,81]
[493,82]
[570,101]
[600,57]
[57,299]
[388,172]
[36,312]
[596,297]
[281,132]
[206,305]
[570,220]
[428,90]
[208,30]
[324,196]
[126,69]
[233,157]
[315,313]
[181,262]
[581,214]
[255,174]
[436,142]
[235,276]
[573,53]
[192,88]
[342,322]
[348,65]
[4,40]
[330,113]
[377,308]
[254,301]
[146,352]
[435,200]
[286,134]
[331,199]
[0,119]
[629,289]
[30,20]
[502,193]
[599,215]
[94,251]
[514,213]
[80,211]
[35,346]
[311,326]
[7,35]
[635,16]
[483,54]
[307,90]
[473,163]
[302,36]
[335,56]
[508,252]
[408,181]
[587,245]
[379,177]
[629,160]
[230,240]
[282,321]
[44,167]
[470,266]
[574,137]
[305,63]
[225,244]
[379,301]
[495,146]
[431,82]
[253,88]
[607,197]
[406,296]
[224,306]
[412,237]
[150,218]
[224,283]
[18,341]
[142,173]
[498,265]
[89,170]
[394,198]
[157,63]
[357,131]
[34,265]
[581,194]
[203,140]
[184,291]
[538,48]
[534,278]
[13,164]
[418,254]
[239,39]
[303,303]
[66,283]
[147,38]
[468,351]
[319,213]
[114,33]
[81,123]
[298,311]
[240,104]
[2,54]
[50,214]
[146,52]
[330,125]
[116,222]
[14,97]
[494,251]
[229,234]
[453,30]
[229,44]
[463,180]
[598,106]
[223,228]
[172,78]
[104,114]
[577,106]
[567,94]
[311,153]
[556,32]
[218,325]
[35,208]
[618,353]
[237,247]
[179,336]
[580,157]
[27,111]
[610,37]
[433,234]
[355,285]
[271,112]
[509,260]
[563,81]
[637,163]
[189,288]
[135,351]
[60,30]
[514,50]
[310,133]
[401,322]
[463,55]
[34,92]
[58,33]
[75,301]
[223,45]
[573,140]
[474,207]
[343,54]
[256,256]
[592,65]
[68,107]
[483,348]
[500,213]
[540,275]
[265,153]
[49,300]
[367,244]
[15,162]
[129,184]
[328,120]
[254,327]
[336,260]
[326,304]
[155,247]
[206,327]
[59,138]
[110,257]
[89,22]
[260,45]
[188,89]
[309,259]
[268,228]
[575,33]
[605,109]
[29,143]
[320,291]
[306,188]
[17,329]
[339,204]
[436,186]
[203,168]
[441,132]
[344,133]
[176,193]
[551,21]
[289,271]
[381,321]
[356,62]
[172,257]
[322,52]
[545,1]
[483,28]
[631,58]
[410,98]
[433,84]
[250,259]
[80,152]
[488,107]
[132,75]
[72,69]
[156,164]
[533,233]
[579,3]
[274,91]
[418,202]
[282,16]
[123,49]
[239,279]
[445,344]
[471,318]
[486,340]
[341,226]
[478,305]
[311,140]
[433,234]
[144,268]
[224,77]
[306,185]
[329,199]
[146,225]
[162,210]
[590,83]
[75,86]
[347,251]
[234,314]
[179,65]
[2,168]
[296,55]
[235,10]
[135,29]
[17,165]
[543,41]
[185,181]
[219,233]
[341,211]
[328,144]
[217,137]
[612,40]
[615,160]
[475,53]
[432,40]
[22,167]
[266,187]
[225,318]
[80,32]
[462,254]
[182,194]
[489,146]
[524,350]
[457,255]
[261,303]
[98,304]
[312,301]
[337,69]
[102,58]
[339,249]
[455,197]
[491,166]
[215,219]
[504,301]
[334,32]
[535,22]
[260,175]
[234,83]
[7,152]
[259,342]
[369,196]
[503,172]
[561,242]
[524,72]
[636,1]
[425,260]
[366,292]
[547,245]
[417,15]
[494,229]
[632,49]
[58,133]
[508,4]
[434,288]
[601,63]
[101,262]
[420,253]
[143,204]
[618,280]
[603,272]
[380,158]
[152,194]
[407,240]
[437,26]
[362,218]
[117,154]
[529,40]
[118,1]
[95,331]
[165,30]
[514,182]
[15,275]
[636,351]
[503,197]
[617,180]
[504,21]
[233,59]
[11,40]
[201,164]
[493,17]
[405,129]
[113,209]
[71,2]
[437,316]
[100,92]
[463,272]
[125,54]
[563,53]
[299,247]
[376,54]
[531,345]
[294,272]
[313,118]
[528,280]
[171,224]
[22,348]
[29,7]
[79,111]
[438,161]
[517,211]
[638,322]
[224,319]
[84,23]
[111,304]
[638,93]
[616,276]
[162,107]
[380,36]
[29,319]
[530,110]
[561,113]
[301,36]
[271,185]
[369,292]
[382,204]
[147,192]
[357,275]
[499,208]
[450,91]
[198,110]
[397,130]
[193,183]
[159,36]
[306,160]
[82,257]
[144,313]
[119,320]
[534,130]
[278,326]
[304,50]
[53,208]
[337,4]
[65,147]
[26,2]
[518,141]
[238,204]
[531,205]
[349,336]
[568,137]
[136,159]
[294,145]
[65,186]
[13,93]
[47,291]
[600,269]
[96,290]
[301,290]
[519,56]
[46,147]
[392,135]
[31,215]
[573,22]
[184,290]
[626,288]
[254,46]
[332,158]
[529,299]
[368,229]
[554,333]
[311,301]
[524,334]
[164,148]
[334,178]
[616,157]
[54,11]
[419,319]
[237,91]
[558,214]
[151,51]
[498,328]
[594,332]
[521,75]
[226,153]
[208,288]
[107,119]
[421,268]
[116,212]
[519,20]
[525,214]
[61,290]
[45,121]
[71,55]
[82,221]
[274,129]
[39,77]
[322,257]
[47,334]
[487,46]
[215,144]
[236,155]
[621,24]
[269,214]
[86,150]
[100,14]
[338,339]
[570,271]
[329,207]
[381,114]
[543,29]
[247,199]
[444,132]
[363,296]
[18,93]
[24,89]
[401,157]
[616,131]
[113,182]
[76,221]
[444,268]
[335,252]
[71,315]
[79,260]
[448,164]
[520,96]
[515,8]
[241,302]
[201,107]
[295,352]
[274,230]
[627,256]
[168,183]
[271,353]
[384,255]
[547,110]
[591,188]
[612,33]
[365,337]
[539,145]
[205,177]
[293,216]
[607,77]
[31,230]
[436,102]
[14,204]
[516,162]
[237,300]
[273,38]
[125,138]
[377,156]
[208,286]
[433,244]
[214,221]
[155,220]
[256,188]
[50,119]
[2,225]
[199,177]
[391,304]
[399,127]
[420,222]
[519,279]
[555,201]
[67,300]
[341,88]
[248,1]
[311,298]
[342,82]
[264,50]
[331,18]
[356,167]
[188,59]
[592,96]
[57,197]
[72,182]
[469,310]
[146,266]
[43,64]
[219,217]
[347,79]
[7,295]
[522,176]
[622,170]
[328,26]
[314,42]
[104,163]
[261,155]
[179,11]
[336,146]
[497,103]
[389,49]
[67,191]
[398,287]
[536,78]
[353,25]
[95,302]
[39,95]
[295,133]
[96,352]
[566,279]
[618,184]
[470,281]
[41,142]
[219,127]
[139,100]
[335,166]
[379,338]
[53,16]
[26,194]
[241,231]
[280,96]
[293,103]
[501,27]
[585,203]
[34,173]
[558,255]
[106,249]
[67,272]
[121,148]
[78,62]
[447,225]
[306,295]
[531,45]
[420,189]
[614,74]
[12,339]
[300,245]
[200,109]
[635,235]
[155,18]
[460,14]
[547,279]
[407,317]
[560,352]
[383,200]
[552,100]
[36,128]
[251,99]
[285,125]
[82,182]
[22,136]
[226,29]
[492,205]
[452,331]
[207,245]
[336,247]
[451,307]
[571,48]
[507,49]
[300,63]
[331,105]
[556,81]
[536,324]
[228,2]
[125,192]
[59,174]
[542,263]
[397,148]
[304,191]
[62,246]
[528,135]
[183,244]
[218,209]
[208,50]
[366,74]
[580,47]
[422,293]
[479,238]
[170,290]
[170,176]
[428,301]
[621,318]
[310,13]
[438,177]
[469,165]
[510,61]
[513,311]
[381,17]
[79,57]
[563,147]
[331,330]
[270,162]
[149,7]
[1,272]
[176,95]
[617,81]
[19,331]
[431,99]
[233,94]
[160,351]
[192,308]
[451,220]
[292,4]
[396,187]
[280,263]
[487,344]
[527,241]
[18,212]
[353,306]
[87,49]
[527,36]
[132,32]
[479,74]
[315,3]
[421,77]
[287,206]
[113,269]
[120,55]
[519,4]
[14,209]
[361,251]
[369,235]
[487,266]
[294,352]
[100,246]
[57,262]
[600,151]
[597,142]
[290,42]
[261,329]
[611,272]
[203,268]
[432,306]
[317,121]
[510,243]
[479,7]
[63,120]
[468,183]
[349,208]
[303,35]
[583,53]
[360,17]
[98,292]
[347,101]
[263,336]
[359,119]
[502,155]
[512,98]
[50,167]
[318,165]
[486,187]
[216,210]
[289,117]
[36,325]
[156,313]
[422,97]
[243,123]
[331,140]
[342,232]
[481,257]
[149,186]
[399,145]
[581,90]
[499,339]
[410,105]
[120,323]
[214,55]
[150,9]
[139,321]
[235,108]
[120,81]
[179,219]
[409,64]
[97,140]
[180,337]
[196,342]
[168,299]
[206,120]
[150,245]
[78,277]
[320,101]
[428,127]
[165,120]
[297,106]
[367,246]
[95,39]
[320,126]
[331,308]
[227,241]
[8,192]
[454,271]
[149,248]
[10,275]
[567,17]
[3,75]
[462,99]
[271,97]
[260,32]
[231,58]
[277,185]
[157,298]
[484,222]
[271,294]
[510,67]
[328,289]
[178,223]
[274,14]
[197,220]
[569,119]
[456,313]
[356,83]
[262,66]
[431,61]
[447,204]
[155,46]
[262,23]
[492,261]
[286,305]
[316,340]
[507,247]
[71,329]
[119,14]
[207,101]
[510,336]
[507,109]
[612,314]
[335,200]
[587,250]
[468,0]
[304,207]
[99,308]
[537,185]
[64,30]
[280,9]
[638,276]
[569,191]
[402,181]
[50,128]
[102,344]
[260,288]
[366,263]
[39,166]
[389,233]
[6,97]
[516,85]
[234,76]
[94,296]
[171,232]
[395,190]
[361,30]
[265,341]
[436,222]
[234,128]
[625,281]
[627,343]
[48,293]
[548,297]
[495,240]
[510,3]
[505,74]
[20,247]
[451,223]
[1,291]
[115,245]
[295,116]
[558,298]
[247,346]
[602,64]
[157,48]
[438,114]
[135,229]
[630,172]
[21,42]
[540,185]
[125,128]
[412,22]
[438,12]
[541,199]
[28,9]
[331,109]
[95,349]
[9,118]
[264,4]
[412,57]
[456,251]
[240,240]
[108,315]
[420,9]
[620,223]
[98,75]
[329,68]
[355,298]
[28,80]
[157,46]
[254,81]
[87,277]
[201,18]
[494,2]
[603,56]
[305,289]
[411,93]
[486,347]
[83,268]
[420,194]
[196,167]
[138,95]
[352,128]
[325,193]
[174,203]
[477,3]
[203,176]
[64,51]
[198,252]
[504,223]
[5,100]
[143,224]
[116,194]
[570,347]
[481,346]
[527,244]
[467,272]
[454,266]
[247,268]
[88,56]
[219,178]
[437,85]
[204,153]
[205,165]
[151,155]
[265,270]
[124,317]
[548,212]
[603,294]
[77,3]
[428,44]
[502,326]
[577,15]
[133,143]
[219,99]
[635,242]
[333,39]
[130,248]
[346,112]
[137,83]
[211,338]
[497,203]
[257,59]
[199,349]
[320,255]
[457,253]
[393,170]
[575,97]
[588,43]
[187,258]
[486,36]
[202,3]
[203,0]
[111,351]
[465,180]
[611,253]
[503,301]
[140,284]
[295,108]
[562,310]
[252,251]
[626,136]
[269,245]
[6,165]
[529,167]
[226,113]
[277,152]
[83,210]
[1,253]
[418,349]
[16,235]
[225,229]
[130,166]
[455,113]
[267,208]
[44,157]
[101,163]
[334,147]
[527,304]
[486,120]
[122,311]
[411,346]
[623,148]
[502,92]
[78,116]
[491,313]
[591,87]
[438,259]
[622,60]
[468,243]
[511,175]
[472,91]
[175,334]
[584,133]
[39,152]
[306,112]
[443,286]
[312,329]
[627,80]
[65,64]
[321,259]
[639,301]
[36,286]
[440,231]
[369,57]
[317,10]
[394,255]
[297,55]
[503,348]
[361,26]
[491,61]
[620,305]
[267,332]
[166,81]
[121,210]
[319,192]
[400,260]
[525,42]
[568,76]
[462,342]
[449,346]
[156,294]
[78,44]
[278,262]
[464,0]
[167,351]
[523,182]
[150,78]
[349,178]
[422,59]
[3,102]
[30,287]
[562,44]
[81,157]
[46,22]
[458,75]
[52,265]
[112,0]
[177,62]
[11,352]
[596,193]
[393,214]
[449,232]
[93,183]
[531,164]
[322,281]
[7,214]
[310,340]
[619,152]
[479,126]
[15,239]
[463,165]
[169,129]
[387,70]
[482,323]
[504,10]
[359,181]
[84,155]
[599,346]
[46,213]
[26,320]
[463,14]
[388,169]
[273,107]
[408,33]
[589,96]
[536,241]
[105,78]
[296,189]
[535,47]
[343,284]
[209,227]
[472,91]
[386,270]
[132,314]
[298,201]
[271,87]
[471,174]
[178,195]
[434,241]
[32,302]
[190,124]
[313,220]
[94,206]
[70,47]
[574,50]
[591,228]
[478,353]
[189,270]
[469,276]
[317,254]
[430,122]
[429,22]
[221,269]
[68,53]
[264,183]
[437,13]
[455,292]
[85,16]
[120,289]
[183,22]
[572,11]
[294,69]
[531,353]
[578,299]
[419,242]
[535,213]
[484,182]
[386,144]
[265,229]
[5,221]
[435,305]
[262,36]
[170,222]
[591,202]
[544,28]
[613,169]
[511,248]
[199,58]
[500,122]
[436,44]
[359,75]
[631,65]
[412,165]
[413,300]
[246,123]
[362,206]
[368,246]
[275,157]
[602,135]
[97,187]
[246,87]
[349,81]
[392,242]
[20,105]
[604,125]
[179,0]
[412,95]
[347,282]
[496,182]
[311,170]
[407,34]
[613,115]
[292,160]
[277,283]
[362,181]
[543,139]
[285,168]
[274,203]
[288,16]
[320,208]
[333,317]
[49,188]
[335,272]
[443,57]
[302,301]
[453,100]
[49,209]
[606,325]
[119,192]
[316,122]
[374,154]
[487,125]
[590,139]
[355,137]
[281,234]
[127,87]
[121,177]
[104,93]
[205,260]
[77,270]
[261,132]
[340,60]
[396,211]
[177,297]
[162,221]
[478,308]
[168,88]
[19,88]
[496,17]
[104,136]
[354,321]
[121,240]
[118,225]
[448,186]
[508,0]
[272,299]
[332,101]
[450,260]
[517,114]
[307,303]
[101,238]
[75,27]
[616,208]
[469,339]
[536,140]
[1,294]
[160,187]
[316,266]
[398,178]
[94,252]
[441,195]
[441,195]
[22,194]
[494,165]
[341,302]
[421,50]
[632,179]
[542,161]
[520,176]
[345,226]
[89,251]
[403,72]
[187,243]
[187,21]
[64,330]
[288,349]
[161,325]
[391,255]
[390,160]
[17,308]
[351,306]
[62,49]
[590,69]
[265,128]
[394,12]
[112,343]
[264,281]
[204,296]
[86,161]
[288,313]
[494,313]
[309,52]
[389,243]
[440,330]
[414,268]
[57,283]
[600,167]
[67,203]
[399,182]
[586,38]
[344,277]
[362,145]
[309,106]
[424,137]
[165,3]
[408,251]
[260,251]
[52,310]
[360,226]
[464,152]
[53,318]
[334,124]
[277,152]
[551,272]
[368,124]
[406,159]
[198,100]
[572,239]
[118,343]
[298,331]
[600,312]
[488,101]
[58,261]
[557,30]
[33,55]
[581,231]
[633,76]
[411,86]
[456,314]
[522,133]
[33,204]
[370,182]
[555,190]
[244,350]
[117,287]
[267,56]
[155,117]
[236,243]
[502,16]
[606,232]
[2,256]
[588,210]
[234,276]
[158,29]
[39,64]
[374,44]
[213,127]
[222,339]
[97,191]
[157,7]
[116,65]
[41,324]
[425,81]
[580,287]
[546,58]
[80,271]
[599,205]
[435,245]
[162,148]
[303,64]
[490,191]
[123,254]
[637,128]
[64,1]
[541,131]
[563,148]
[320,212]
[19,255]
[356,306]
[445,51]
[206,113]
[136,216]
[282,174]
[526,330]
[434,133]
[486,321]
[18,88]
[144,143]
[194,33]
[525,284]
[40,178]
[56,49]
[330,259]
[375,339]
[603,57]
[258,90]
[156,279]
[276,91]
[265,30]
[47,292]
[226,253]
[507,319]
[338,67]
[452,66]
[477,129]
[605,49]
[166,30]
[215,349]
[109,296]
[537,144]
[169,310]
[193,137]
[37,75]
[102,47]
[473,180]
[16,120]
[560,207]
[283,185]
[62,288]
[313,203]
[444,52]
[612,269]
[521,15]
[569,345]
[78,353]
[409,275]
[310,108]
[124,195]
[572,164]
[632,63]
[530,236]
[64,4]
[126,289]
[484,40]
[419,245]
[431,86]
[554,162]
[240,192]
[170,54]
[451,90]
[285,336]
[291,53]
[493,313]
[546,54]
[160,217]
[552,116]
[248,126]
[617,309]
[540,22]
[101,102]
[250,12]
[465,85]
[447,249]
[246,97]
[177,221]
[220,73]
[491,249]
[277,284]
[521,96]
[352,316]
[601,235]
[389,97]
[177,258]
[281,351]
[340,103]
[113,100]
[166,70]
[531,78]
[595,200]
[456,254]
[421,204]
[570,174]
[539,2]
[383,160]
[621,174]
[399,123]
[305,154]
[7,1]
[421,344]
[141,278]
[346,194]
[552,35]
[14,339]
[462,15]
[338,83]
[160,3]
[444,35]
[493,317]
[11,341]
[64,34]
[124,344]
[501,90]
[393,186]
[180,67]
[58,303]
[597,26]
[337,162]
[286,313]
[199,303]
[445,280]
[599,240]
[281,297]
[463,26]
[175,190]
[227,104]
[23,221]
[403,331]
[83,300]
[559,286]
[499,124]
[55,328]
[299,201]
[433,179]
[290,193]
[339,339]
[639,63]
[354,122]
[637,290]
[499,312]
[622,318]
[257,319]
[561,238]
[258,177]
[319,316]
[519,58]
[558,335]
[158,140]
[162,331]
[231,252]
[425,275]
[89,34]
[119,285]
[95,333]
[12,127]
[524,169]
[138,9]
[131,40]
[439,122]
[535,26]
[470,329]
[451,100]
[236,105]
[367,125]
[423,33]
[497,122]
[491,326]
[70,217]
[587,319]
[32,2]
[77,187]
[272,34]
[70,44]
[451,263]
[442,35]
[131,86]
[238,301]
[521,302]
[304,262]
[398,211]
[311,260]
[252,98]
[93,25]
[224,19]
[578,122]
[596,129]
[17,146]
[26,211]
[21,193]
[535,20]
[383,336]
[305,278]
[69,136]
[541,32]
[78,143]
[413,104]
[276,337]
[462,323]
[208,338]
[86,130]
[382,162]
[263,6]
[215,202]
[202,247]
[565,292]
[479,329]
[586,9]
[265,149]
[63,183]
[297,223]
[530,288]
[287,226]
[165,90]
[91,162]
[404,337]
[21,99]
[387,148]
[184,143]
[328,315]
[167,47]
[331,237]
[334,172]
[514,44]
[55,348]
[392,15]
[487,181]
[115,116]
[272,151]
[17,68]
[250,330]
[366,54]
[166,349]
[348,257]
[142,83]
[220,305]
[339,223]
[359,256]
[106,239]
[441,253]
[321,36]
[382,211]
[544,96]
[288,196]
[241,73]
[609,81]
[555,25]
[288,113]
[136,142]
[65,314]
[161,39]
[456,53]
[509,55]
[427,42]
[519,51]
[76,222]
[407,85]
[554,90]
[310,164]
[273,352]
[529,350]
[62,161]
[454,224]
[599,312]
[234,311]
[458,50]
[467,254]
[465,204]
[180,0]
[342,290]
[119,8]
[158,131]
[344,39]
[171,192]
[374,302]
[132,209]
[117,185]
[263,239]
[514,22]
[538,318]
[70,225]
[285,353]
[356,173]
[207,291]
[227,3]
[295,248]
[23,119]
[374,118]
[47,293]
[571,71]
[610,249]
[352,180]
[121,282]
[448,337]
[42,191]
[34,226]
[543,252]
[240,322]
[134,298]
[160,88]
[459,97]
[41,39]
[80,231]
[291,134]
[605,39]
[313,151]
[487,201]
[620,266]
[598,307]
[9,106]
[348,295]
[359,275]
[367,13]
[498,6]
[424,23]
[396,7]
[522,20]
[214,13]
[217,32]
[428,229]
[637,234]
[484,164]
[510,225]
[523,323]
[275,291]
[305,256]
[207,101]
[90,105]
[223,339]
[441,97]
[59,172]
[219,41]
[421,198]
[318,348]
[61,66]
[460,323]
[193,320]
[207,263]
[432,21]
[14,196]
[474,220]
[574,336]
[206,198]
[618,91]
[280,310]
[224,323]
[433,261]
[50,106]
[168,184]
[466,127]
[383,245]
[420,77]
[383,214]
[536,138]
[590,191]
[410,18]
[61,111]
[164,20]
[185,339]
[350,2]
[169,256]
[480,236]
[562,331]
[162,318]
[382,187]
[64,121]
[452,85]
[97,272]
[250,76]
[447,207]
[348,127]
[230,126]
[431,107]
[166,24]
[557,237]
[105,329]
[233,313]
[183,5]
[161,233]
[168,80]
[289,95]
[117,334]
[627,235]
[165,34]
[132,325]
[252,131]
[253,206]
[374,109]
[623,22]
[413,125]
[491,4]
[372,154]
[389,49]
[182,154]
[119,45]
[299,353]
[47,326]
[629,151]
[462,257]
[533,249]
[464,197]
[260,317]
[620,60]
[494,348]
[505,269]
[618,338]
[583,73]
[232,140]
[70,314]
[141,52]
[232,214]
[252,259]
[279,153]
[592,202]
[531,277]
[375,2]
[380,212]
[187,283]
[284,166]
[153,161]
[275,214]
[427,317]
[575,119]
[469,8]
[490,187]
[413,315]
[151,307]
[524,275]
[47,297]
[379,264]
[622,262]
[48,322]
[521,149]
[524,229]
[355,36]
[177,309]
[78,269]
[366,147]
[631,72]
[133,188]
[508,29]
[14,320]
[255,47]
[568,79]
[169,221]
[564,22]
[369,180]
[333,64]
[567,177]
[505,278]
[159,1]
[261,211]
[274,337]
[373,311]
[8,295]
[496,10]
[142,182]
[471,128]
[149,301]
[159,146]
[50,207]
[303,98]
[144,277]
[598,27]
[432,257]
[537,252]
[72,58]
[168,285]
[321,230]
[553,163]
[618,139]
[423,319]
[330,150]
[614,310]
[299,141]
[287,84]
[233,342]
[540,204]
[464,315]
[100,207]
[33,349]
[421,222]
[614,106]
[10,275]
[174,60]
[633,188]
[169,157]
[89,289]
[638,306]
[139,238]
[241,247]
[617,97]
[59,294]
[523,160]
[45,167]
[107,29]
[277,238]
[182,104]
[36,270]
[460,71]
[479,30]
[204,135]
[600,304]
[221,79]
[456,339]
[376,325]
[555,5]
[611,216]
[348,225]
[610,83]
[383,101]
[84,210]
[89,178]
[45,172]
[38,261]
[124,53]
[153,260]
[81,62]
[55,309]
[476,93]
[592,303]
[489,322]
[237,104]
[251,71]
[99,165]
[478,301]
[365,158]
[65,171]
[509,168]
[21,213]
[144,138]
[257,237]
[12,38]
[411,284]
[396,282]
[575,85]
[251,244]
[192,189]
[212,113]
[400,160]
[210,52]
[590,8]
[423,50]
[519,334]
[209,86]
[74,31]
[86,136]
[96,275]
[524,297]
[565,204]
[303,41]
[142,11]
[582,343]
[425,260]
[123,28]
[116,37]
[18,243]
[277,199]
[488,17]
[19,57]
[301,302]
[401,277]
[143,292]
[301,229]
[108,201]
[138,191]
[391,286]
[160,1]
[353,289]
[460,239]
[438,185]
[43,79]
[121,27]
[148,238]
[636,339]
[252,106]
[23,120]
[518,27]
[160,340]
[153,106]
[104,78]
[584,94]
[397,219]
[46,295]
[255,89]
[410,201]
[207,346]
[10,143]
[582,316]
[511,47]
[262,8]
[139,287]
[553,220]
[177,326]
[172,279]
[596,217]
[387,300]
[298,70]
[154,1]
[503,277]
[203,333]
[585,154]
[477,278]
[488,170]
[418,293]
[106,294]
[106,137]
[309,147]
[252,98]
[630,23]
[260,307]
[126,8]
[450,234]
[399,46]
[455,181]
[336,85]
[401,246]
[289,307]
[53,52]
[556,242]
[234,129]
[253,208]
[214,68]
[238,336]
[523,21]
[277,196]
[536,94]
[149,183]
[30,106]
[628,317]
[69,132]
[462,58]
[429,268]
[9,331]
[68,342]
[295,126]
[553,345]
[485,233]
[16,26]
[40,179]
[530,0]
[362,117]
[282,319]
[531,313]
[459,205]
[352,174]
[282,169]
[636,330]
[609,14]
[491,131]
[153,285]
[375,339]
[532,212]
[637,139]
[547,171]
[90,53]
[105,330]
[327,12]
[523,261]
[254,292]
[447,297]
[15,131]
[53,201]
[103,163]
[582,175]
[362,264]
[386,104]
[293,352]
[183,137]
[98,306]
[256,118]
[394,352]
[119,217]
[267,178]
[227,199]
[9,330]
[107,228]
[480,323]
[519,99]
[381,292]
[32,67]
[282,340]
[532,272]
[385,317]
[612,72]
[520,299]
[359,310]
[580,222]
[388,225]
[629,187]
[282,34]
[363,287]
[625,18]
[531,118]
[44,172]
[354,116]
[212,293]
[547,292]
[316,44]
[286,230]
[443,171]
[273,352]
[511,353]
[604,203]
[137,99]
[376,331]
[419,150]
[286,242]
[326,187]
[407,30]
[279,250]
[254,304]
[326,143]
[102,17]
[637,233]
[623,295]
[394,353]
[245,139]
[74,288]
[313,288]
[440,329]
[152,62]
[450,4]
[144,230]
[326,301]
[413,228]
[385,78]
[264,303]
[304,160]
[534,71]
[20,255]
[335,346]
[639,77]
[217,73]
[439,303]
[172,311]
[521,200]
[529,37]
[372,193]
[617,287]
[264,48]
[514,327]
[334,167]
[355,87]
[489,54]
[237,277]
[376,79]
[401,309]
[225,261]
[524,215]
[307,245]
[527,308]
[135,321]
[473,70]
[632,126]
[188,75]
[608,114]
[15,352]
[84,18]
[273,117]
[472,188]
[491,166]
[330,247]
[543,178]
[619,63]
[220,62]
[59,172]
[173,53]
[118,110]
[631,251]
[78,53]
[517,96]
[388,131]
[280,104]
[246,329]
[258,338]
[275,114]
[446,348]
[505,222]
[456,111]
[307,301]
[502,295]
[243,155]
[57,202]
[196,88]
[307,77]
[177,212]
[198,264]
[138,58]
[402,43]
[264,13]
[300,207]
[470,206]
[112,105]
[415,59]
[38,298]
[251,320]
[366,259]
[541,266]
[446,282]
[18,197]
[90,258]
[428,158]
[347,184]
[183,135]
[590,349]
[175,287]
[71,78]
[605,247]
[521,302]
[469,194]
[569,339]
[342,287]
[274,161]
[576,345]
[554,127]
[499,0]
[486,291]
[407,324]
[188,53]
[332,306]
[98,151]
[237,260]
[473,242]
[50,146]
[470,47]
[529,133]
[633,203]
[327,256]
[380,281]
[218,348]
[559,144]
[40,152]
[399,110]
[414,295]
[65,221]
[287,196]
[358,298]
[130,168]
[67,224]
[321,3]
[467,85]
[212,210]
[58,169]
[485,122]
[518,248]
[299,142]
[27,204]
[423,180]
[304,4]
[186,48]
[581,161]
[563,223]
[341,313]
[499,304]
[589,96]
[564,342]
[444,163]
[403,189]
[591,191]
[370,138]
[442,272]
[522,88]
[334,98]
[33,289]
[226,243]
[155,262]
[329,332]
[148,97]
[109,195]
[536,204]
[591,43]
[586,240]
[288,64]
[272,11]
[564,58]
[462,173]
[509,346]
[308,283]
[376,103]
[414,33]
[586,255]
[369,329]
[484,343]
[509,256]
[326,35]
[127,57]
[634,199]
[175,330]
[442,100]
[233,303]
[447,183]
[277,49]
[451,165]
[501,206]
[14,175]
[120,2]
[270,187]
[147,183]
[527,59]
[189,125]
[568,189]
[133,337]
[603,113]
[253,327]
[118,291]
[420,96]
[542,329]
[631,307]
[597,212]
[304,240]
[121,295]
[470,50]
[212,146]
[55,341]
[23,207]
[195,301]
[536,262]
[460,289]
[234,77]
[42,2]
[633,334]
[418,231]
[327,172]
[29,101]
[117,300]
[382,203]
[439,206]
[141,293]
[106,212]
[541,287]
[364,255]
[615,67]
[184,97]
[375,339]
[496,350]
[350,205]
[529,101]
[170,290]
[514,145]
[7,208]
[223,72]
[27,292]
[18,42]
[225,219]
[42,134]
[520,344]
[547,348]
[122,330]
[617,183]
[300,101]
[467,51]
[165,277]
[416,334]
[76,67]
[455,274]
[230,129]
[284,303]
[60,227]
[264,211]
[197,221]
[502,50]
[160,331]
[411,69]
[437,353]
[237,35]
[402,190]
[275,86]
[401,334]
[547,7]
[279,87]
[8,260]
[421,106]
[569,17]
[382,215]
[392,347]
[153,96]
[11,284]
[485,256]
[519,45]
[585,274]
[448,209]
[167,211]
[393,180]
[209,236]
[533,25]
[254,43]
[162,277]
[376,25]
[394,307]
[256,297]
[261,150]
[109,182]
[584,59]
[46,130]
[372,47]
[568,102]
[471,329]
[61,194]
[477,77]
[548,289]
[392,101]
[4,342]
[61,186]
[314,172]
[551,239]
[638,136]
[626,293]
[300,252]
[472,153]
[392,327]
[246,197]
[121,326]
[575,242]
[299,29]
[128,313]
[19,96]
[390,127]
[230,43]
[193,176]
[522,264]
[276,214]
[425,347]
[243,343]
[369,63]
[51,201]
[107,283]
[506,309]
[224,201]
[366,199]
[394,147]
[178,136]
[196,142]
[211,269]
[551,202]
[324,284]
[48,301]
[624,212]
[155,156]
[384,170]
[491,26]
[492,224]
[347,16]
[142,342]
[441,297]
[311,298]
[553,130]
[191,103]
[337,184]
[337,213]
[494,336]
[61,182]
[460,143]
[549,103]
[43,39]
[96,179]
[539,83]
[107,125]
[239,224]
[7,162]
[335,90]
[434,9]
[469,183]
[315,302]
[463,188]
[469,135]
[278,62]
[342,232]
[214,167]
[221,323]
[321,342]
[35,58]
[423,67]
[299,238]
[564,290]
[60,168]
[337,337]
[106,153]
[211,29]
[94,283]
[37,37]
[544,153]
[273,277]
[209,54]
[133,272]
[304,229]
[311,306]
[606,51]
[332,181]
[451,346]
[244,336]
[448,187]
[71,216]
[117,295]
[476,105]
[422,294]
[141,33]
[303,187]
[421,193]
[409,326]
[212,222]
[634,125]
[20,274]
[514,74]
[39,23]
[464,273]
[179,156]
[258,276]
[527,248]
[547,274]
[596,256]
[249,286]
[447,295]
[261,347]
[307,275]
[76,301]
[113,240]
[4,311]
[276,52]
[410,114]
[331,338]
[129,215]
[175,349]
[56,63]
[390,193]
[191,13]
[81,270]
[494,201]
[572,285]
[564,236]
[112,233]
[613,320]
[134,99]
[510,215]
[615,191]
[91,244]
[40,57]
[489,189]
[77,136]
[18,278]
[612,173]
[367,309]
[387,236]
[355,28]
[28,338]
[582,334]
[364,194]
[69,150]
[298,36]
[48,256]
[257,324]
[246,148]
[578,208]
[463,104]
[235,253]
[497,343]
[306,317]
[15,41]
[138,225]
[89,133]
[401,135]
[421,273]
[78,222]
[517,13]
[87,93]
[237,14]
[636,96]
[554,197]
[432,172]
[634,217]
[321,199]
[375,65]
[4,325]
[9,242]
[344,11]
[217,309]
[122,330]
[177,251]
[373,316]
[201,121]
[320,21]
[371,288]
[156,188]
[337,344]
[586,124]
[616,94]
[9,109]
[411,44]
[316,287]
[492,168]
[563,89]
[197,279]
[399,117]
[607,269]
[604,52]
[150,125]
[98,27]
[212,328]
[511,284]
[210,125]
[585,91]
[612,139]
[267,88]
[323,25]
[334,285]
[474,319]
[275,328]
[220,338]
[284,297]
[387,113]
[16,73]
[560,313]
[444,140]
[453,339]
[263,286]
[262,79]
[253,333]
[616,350]
[491,271]
[112,304]
[19,170]
[536,349]
[311,305]
[415,343]
[413,212]
[456,81]
[146,152]
[247,166]
[409,84]
[117,40]
[298,276]
[377,64]
[469,192]
[456,81]
[208,259]
[45,256]
[532,49]
[626,137]
[582,274]
[465,227]
[429,249]
[532,192]
[210,141]
[285,261]
[571,107]
[428,96]
[595,348]
[142,263]
[491,219]
[20,325]
[248,21]
[445,273]
[111,289]
[250,278]
[553,179]
[231,178]
[453,97]
[424,101]
[117,221]
[332,36]
[469,117]
[102,301]
[330,240]
[169,37]
[174,210]
[295,243]
[638,125]
[573,249]
[185,15]
[190,228]
[289,228]
[294,145]
[389,132]
[244,76]
[568,130]
[57,206]
[307,138]
[207,317]
[601,9]
[607,122]
[454,333]
[31,280]
[384,9]
[229,234]
[105,6]
[105,340]
[19,162]
[321,318]
[583,87]
[332,206]
[434,42]
[94,241]
[394,196]
[608,102]
[545,139]
[491,139]
[577,237]
[136,347]
[244,89]
[248,132]
[530,212]
[429,8]
[406,168]
[480,257]
[605,46]
[490,32]
[339,124]
[49,282]
[312,42]
[42,9]
[138,330]
[465,250]
[47,159]
[533,157]
[83,351]
[451,196]
[135,101]
[200,192]
[175,174]
[499,5]
[43,227]
[91,73]
[101,219]
[9,350]
[437,94]
[68,217]
[114,268]
[607,28]
[237,318]
[461,154]
[94,45]
[505,345]
[425,48]
[206,138]
[572,184]
[162,179]
[573,270]
[532,299]
[569,275]
[543,337]
[507,106]
[54,351]
[242,240]
[149,147]
[270,109]
[595,195]
[171,181]
[386,327]
[399,15]
[496,146]
[247,37]
[361,308]
[356,300]
[602,41]
[403,124]
[298,344]
[588,25]
[303,237]
[597,210]
[240,315]
[115,110]
[228,231]
[488,270]
[612,113]
[118,111]
[251,256]
[523,208]
[22,62]
[559,63]
[72,39]
[417,92]
[556,128]
[568,250]
[102,9]
[127,294]
[43,251]
[162,271]
[357,179]
[282,285]
[115,114]
[470,40]
[33,114]
[525,350]
[567,298]
[339,198]
[26,251]
[579,161]
[79,0]
[276,348]
[630,86]
[340,36]
[13,149]
[176,285]
[201,259]
[434,346]
[361,168]
[357,128]
[403,3]
[25,129]
[605,183]
[346,264]
[253,189]
[467,81]
[121,341]
[205,242]
[314,69]
[409,16]
[553,200]
[136,342]
[509,244]
[565,309]
[324,193]
[273,249]
[435,181]
[285,162]
[172,340]
[471,113]
[30,66]
[284,179]
[339,171]
[285,26]
[548,192]
[387,105]
[443,106]
[57,314]
[635,68]
[365,238]
[249,89]
[34,175]
[551,194]
[118,271]
[518,305]
[131,98]
[148,196]
[277,151]
[391,186]
[105,226]
[437,321]
[100,320]
[428,161]
[599,140]
[473,34]
[122,336]
[360,169]
[523,315]
[518,331]
[450,285]
[453,47]
[606,330]
[618,349]
[78,199]
[246,323]
[219,161]
[487,176]
[484,311]
[486,153]
[113,11]
[3,162]
[266,315]
[454,218]
[73,341]
[525,238]
[233,230]
[306,190]
[60,107]
[491,144]
[328,97]
[114,309]
[212,38]
[104,326]
[452,279]
[133,255]
[110,334]
[502,9]
[494,13]
[509,118]
[408,160]
[550,58]
[191,310]
[408,247]
[22,12]
[58,67]
[40,64]
[410,160]
[378,272]
[163,30]
[563,10]
[88,202]
[211,339]
[227,137]
[288,262]
[28,314]
[345,127]
[88,189]
[264,217]
[188,298]
[364,298]
[465,218]
[560,10]
[164,54]
[320,99]
[216,275]
[278,218]
[486,26]
[124,30]
[5,314]
[406,241]
[160,274]
[599,108]
[105,3]
[254,66]
[67,75]
[389,223]
[215,302]
[225,224]
[141,70]
[502,176]
[241,136]
[160,14]
[520,199]
[259,335]
[622,114]
[434,121]
[267,325]
[576,8]
[534,207]
[28,131]
[492,213]
[232,333]
[21,131]
[182,165]
[230,13]
[537,224]
[583,195]
[289,165]
[162,118]
[94,203]
[524,349]
[103,97]
[479,14]
[601,346]
[200,80]
[359,165]
[143,332]
[132,21]
[522,292]
[374,155]
[533,108]
[107,176]
[164,129]
[606,99]
[274,275]
[422,228]
[81,327]
[23,270]
[40,23]
[309,324]
[145,263]
[365,117]
[427,252]
[118,81]
[8,164]
[401,114]
[496,244]
[23,31]
[460,350]
[33,34]
[607,267]
[248,55]
[38,1]
[505,82]
[498,149]
[118,46]
[485,3]
[212,254]
[592,287]
[579,75]
[560,112]
[21,95]
[407,285]
[278,227]
[238,79]
[453,272]
[374,265]
[453,38]
[145,303]
[633,275]
[513,88]
[557,99]
[196,334]
[441,183]
[547,22]
[197,98]
[197,173]
[482,309]
[534,221]
[232,3]
[461,155]
[165,279]
[182,291]
[439,146]
[199,150]
[207,23]
[257,234]
[406,313]
[289,341]
[583,293]
[308,329]
[72,277]
[603,151]
[553,49]
[424,58]
[362,196]
[623,161]
[77,115]
[461,124]
[242,148]
[37,199]
[632,11]
[340,159]
[462,181]
[371,114]
[94,265]
[111,39]
[127,277]
[555,88]
[159,29]
[312,215]
[460,272]
[326,299]
[583,265]
[514,330]
[526,281]
[89,191]
[302,319]
[637,289]
[56,119]
[380,312]
[615,146]
[358,317]
[535,318]
[99,298]
[111,14]
[520,222]
[373,73]
[549,162]
[23,243]
[414,262]
[214,297]
[244,219]
[89,350]
[531,23]
[106,135]
[154,176]
[283,7]
[157,210]
[464,234]
[272,298]
[63,193]
[418,46]
[558,234]
[317,68]
[217,180]
[560,7]
[571,112]
[128,348]
[43,140]
[329,276]
[614,78]
[187,163]
[8,280]
[71,287]
[342,198]
[634,82]
[630,25]
[474,215]
[491,54]
[580,122]
[344,63]
[188,27]
[578,277]
[226,148]
[23,216]
[607,6]
[2,351]
[216,154]
[453,288]
[471,126]
[598,315]
[107,51]
[397,147]
[242,172]
[449,197]
[75,226]
[98,229]
[512,162]
[99,43]
[97,133]
[541,132]
[519,201]
[72,211]
[215,248]
[521,121]
[471,51]
[510,190]
[123,57]
[274,170]
[459,235]
[337,136]
[106,164]
[210,101]
[378,289]
[139,224]
[204,147]
[322,188]
[472,145]
[113,307]
[437,257]
[28,266]
[214,308]
[57,318]
[248,65]
[557,114]
[567,183]
[368,217]
[453,345]
[300,204]
[585,75]
[60,7]
[178,236]
[358,160]
[160,187]
[252,166]
[432,93]
[151,202]
[281,17]
[412,186]
[219,129]
[424,217]
[130,190]
[598,338]
[413,183]
[15,239]
[639,99]
[180,89]
[556,268]
[48,22]
[456,124]
[269,38]
[75,136]
[431,187]
[414,266]
[628,87]
[64,297]
[232,327]
[133,154]
[628,285]
[306,186]
[574,87]
[99,232]
[134,161]
[372,11]
[87,114]
[257,100]
[459,132]
[297,202]
[284,246]
[570,86]
[159,172]
[600,21]
[288,139]
[269,251]
[208,15]
[360,254]
[264,341]
[338,33]
[112,48]
[292,164]
[145,172]
[617,163]
[463,85]
[136,346]
[231,53]
[305,4]
[600,84]
[564,166]
[251,205]
[305,71]
[320,30]
[576,160]
[599,230]
[204,218]
[295,54]
[354,254]
[305,33]
[123,19]
[622,75]
[505,255]
[224,332]
[81,28]
[421,22]
[273,201]
[618,42]
[215,336]
[509,315]
[233,340]
[565,277]
[504,9]
[529,262]
[513,14]
[564,274]
[265,176]
[16,256]
[41,339]
[26,122]
[607,330]
[287,183]
[401,209]
[623,174]
[565,80]
[573,290]
[443,226]
[477,268]
[305,277]
[321,41]
[267,47]
[44,24]
[221,323]
[522,295]
[103,271]
[490,127]
[96,196]
[328,177]
[291,243]
[17,328]
[476,7]
[125,263]
[409,44]
[570,278]
[462,131]
[230,313]
[117,263]
[176,279]
[316,40]
[497,120]
[639,292]
[356,176]
[164,214]
[111,33]
[86,338]
[145,79]
[401,310]
[580,314]
[9,316]
[108,147]
[433,111]
[7,47]
[559,43]
[44,13]
[216,14]
[475,117]
[538,313]
[2,28]
[518,139]
[144,199]
[257,254]
[66,225]
[127,107]
[44,278]
[254,137]
[419,283]
[411,81]
[342,151]
[494,165]
[120,137]
[432,81]
[496,47]
[436,71]
[547,223]
[609,178]
[629,287]
[61,177]
[611,58]
[50,266]
[51,174]
[615,141]
[214,312]
[163,151]
[405,277]
[356,141]
[64,150]
[284,11]
[499,207]
[390,157]
[458,292]
[170,229]
[49,214]
[546,57]
[237,121]
[246,178]
[98,85]
[577,194]
[33,39]
[457,344]
[190,21]
[30,202]
[133,122]
[156,58]
[223,67]
[472,206]
[363,74]
[29,115]
[174,81]
[367,192]
[320,20]
[483,348]
[505,209]
[27,94]
[483,25]
[392,325]
[567,320]
[282,56]
[7,273]
[163,69]
[298,305]
[62,153]
[78,169]
[474,153]
[32,351]
[23,196]
[553,59]
[607,315]
[398,107]
[241,99]
[601,84]
[347,53]
[573,4]
[106,253]
[388,53]
[173,155]
[37,98]
[602,50]
[572,222]
[59,312]
[505,340]
[197,179]
[100,107]
[441,164]
[512,263]
[636,286]
[76,24]
[241,261]
[490,53]
[221,47]
[540,58]
[223,345]
[34,267]
[301,194]
[586,333]
[513,212]
[124,1]
[154,77]
[277,118]
[490,305]
[335,30]
[470,200]
[475,2]
[22,231]
[585,207]
[181,9]
[589,299]
[548,122]
[147,177]
[226,148]
[530,3]
[84,93]
[51,94]
[537,224]
[310,237]
[474,283]
[105,184]
[267,125]
[630,196]
[529,297]
[35,220]
[238,101]
[141,161]
[318,230]
[490,252]
[23,90]
[304,26]
[585,348]
[287,33]
[247,19]
[417,161]
[177,71]
[234,231]
[444,128]
[484,313]
[613,266]
[295,232]
[107,25]
[446,73]
[383,320]
[111,166]
[262,51]
[598,26]
[364,34]
[341,103]
[215,266]
[121,194]
[136,55]
[591,144]
[320,30]
[235,29]
[365,155]
[638,114]
[150,275]
[131,241]
[198,92]
[197,208]
[52,88]
[320,109]
[475,78]
[388,86]
[174,7]
[533,184]
[319,165]
[331,330]
[101,84]
[597,291]
[343,111]
[140,230]
[351,286]
[49,131]
[106,97]
[248,59]
[245,193]
[571,182]
[217,183]
[490,52]
[8,128]
[327,131]
[249,78]
[21,332]
[588,216]
[510,309]
[340,269]
[236,35]
[100,314]
[496,247]
[155,169]
[338,198]
[503,331]
[30,78]
[571,259]
[359,293]
[473,79]
[494,115]
[427,153]
[554,212]
[603,234]
[285,349]
[246,272]
[429,166]
[151,278]
[204,43]
[442,88]
[435,108]
[312,303]
[619,25]
[66,261]
[162,220]
[224,245]
[131,230]
[387,294]
[97,103]
[212,130]
[366,90]
[636,287]
[513,103]
[229,218]
[357,113]
[412,171]
[14,190]
[107,302]
[357,119]
[220,156]
[246,162]
[521,299]
[213,43]
[439,39]
[448,128]
[559,167]
[632,329]
[99,168]
[257,16]
[513,265]
[302,288]
[231,28]
[369,227]
[26,199]
[353,175]
[303,330]
[399,297]
[177,334]
[578,229]
[465,47]
[481,245]
[562,297]
[602,166]
[23,21]
[127,38]
[305,330]
[539,83]
[76,54]
[407,94]
[180,253]
[578,13]
[463,227]
[72,338]
[163,219]
[370,9]
[222,347]
[430,306]
[624,76]
[615,339]
[580,345]
[431,113]
[351,256]
[46,208]
[415,351]
[260,113]
[160,310]
[214,246]
[307,18]
[172,321]
[638,31]
[373,205]
[355,68]
[86,291]
[342,133]
[343,225]
[399,146]
[279,71]
[331,190]
[19,221]
[356,116]
[458,236]
[272,192]
[443,237]
[429,324]
[268,11]
[501,56]
[255,249]
[427,217]
[518,333]
[175,217]
[82,268]
[297,302]
[589,56]
[351,54]
[242,116]
[332,94]
[592,228]
[152,72]
[581,204]
[402,57]
[531,210]
[507,307]
[154,258]
[372,25]
[154,226]
[492,233]
[2,105]
[36,64]
[308,19]
[88,61]
[50,8]
[349,222]
[236,216]
[520,42]
[190,137]
[108,203]
[172,243]
[542,70]
[286,302]
[412,39]
[177,263]
[588,305]
[455,139]
[235,79]
[323,306]
[51,29]
[522,102]
[408,21]
[202,7]
[377,188]
[620,299]
[255,265]
[243,80]
[543,174]
[410,39]
[29,52]
[579,337]
[155,221]
[535,123]
[347,276]
[347,311]
[346,52]
[159,41]
[135,262]
[333,309]
[414,289]
[588,188]
[139,201]
[7,113]
[412,68]
[598,122]
[9,60]
[434,74]
[258,264]
[469,239]
[370,134]
[448,119]
[239,226]
[18,33]
[494,274]
[366,247]
[565,29]
[169,40]
[621,208]
[275,314]
[163,276]
[236,172]
[364,296]
[264,201]
[75,296]
[613,277]
[10,347]
[496,111]
[516,18]
[167,28]
[469,22]
[175,340]
[380,217]
[354,142]
[593,327]
[79,5]
[437,294]
[441,258]
[416,73]
[124,269]
[401,345]
[145,91]
[187,20]
[54,227]
[9,336]
[469,76]
[587,30]
[525,223]
[482,33]
[524,312]
[254,55]
[398,323]
[375,81]
[390,252]
[245,36]
[484,123]
[384,341]
[544,302]
[317,53]
[393,187]
[366,254]
[82,218]
[74,200]
[341,135]
[415,72]
[444,217]
[274,5]
[213,281]
[235,8]
[562,150]
[545,339]
[255,174]
[105,303]
[113,155]
[69,101]
[91,343]
[202,145]
[69,107]
[307,27]
[624,105]
[327,3]
[44,240]
[16,261]
[271,239]
[577,308]
[297,330]
[204,163]
[33,96]
[41,265]
[69,231]
[251,338]
[621,143]
[487,163]
[354,230]
[81,190]
[412,108]
[401,152]
[397,128]
[22,282]
[125,283]
[48,111]
[423,279]
[547,95]
[99,9]
[46,350]
[612,136]
[631,236]
[425,331]
[318,306]
[398,246]
[247,63]
[462,195]
[388,101]
[285,106]
[423,201]
[56,49]
[303,119]
[64,47]
[532,254]
[624,113]
[493,4]
[3,63]
[216,261]
[85,259]
[37,232]
[484,141]
[125,136]
[230,117]
[573,46]
[71,282]
[62,295]
[388,319]
[311,103]
[67,187]
[591,136]
[631,218]
[468,278]
[388,217]
[281,92]
[512,243]
[513,201]
[129,140]
[596,268]
[7,189]
[371,170]
[159,147]
[388,47]
[279,231]
[638,268]
[77,6]
[500,19]
[246,95]
[124,79]
[462,211]
[313,64]
[82,70]
[575,222]
[81,211]
[272,6]
[485,73]
[462,170]
[91,295]
[407,19]
[250,50]
[167,278]
[625,11]
[581,353]
[218,144]
[375,212]
[345,227]
[29,155]
[15,82]
[410,43]
[2,84]
[303,311]
[181,215]
[564,325]
[598,278]
[119,184]
[66,204]
[460,214]
[83,76]
[174,125]
[483,115]
[443,291]
[482,230]
[113,24]
[126,293]
[429,177]
[536,53]
[30,85]
[111,329]
[11,34]
[469,78]
[183,247]
[213,65]
[154,330]
[504,87]
[359,143]
[275,286]
[499,239]
[259,59]
[286,175]
[54,127]
[467,213]
[620,336]
[56,282]
[141,170]
[605,3]
[631,350]
[523,86]
[185,320]
[201,138]
[39,42]
[290,314]
[356,63]
[216,100]
[251,345]
[474,92]
[219,108]
[558,0]
[96,214]
[637,21]
[227,350]
[112,333]
[401,124]
[552,84]
[335,316]
[521,176]
[142,343]
[439,21]
[346,299]
[466,71]
[305,82]
[366,213]
[565,286]
[176,160]
[246,345]
[457,71]
[268,188]
[606,0]
[399,172]
[122,210]
[468,302]
[161,88]
[405,133]
[455,283]
[350,298]
[602,187]
[169,1]
[325,209]
[307,199]
[449,214]
[244,342]
[471,293]
[90,303]
[210,151]
[551,214]
[528,239]
[486,41]
[80,188]
[240,82]
[63,315]
[180,176]
[294,264]
[628,180]
[480,309]
[70,55]
[343,7]
[227,126]
[540,239]
[234,334]
[64,202]
[620,122]
[592,127]
[500,207]
[247,106]
[298,46]
[135,178]
[505,267]
[106,107]
[383,159]
[629,173]
[436,329]
[529,182]
[610,353]
[526,57]
[1,137]
[620,3]
[471,7]
[20,47]
[381,155]
[241,199]
[179,147]
[478,188]
[285,163]
[196,268]
[502,179]
[207,255]
[225,343]
[457,311]
[342,210]
[456,180]
[610,160]
[64,47]
[628,16]
[146,248]
[608,209]
[81,293]
[260,55]
[612,233]
[574,249]
[46,159]
[273,58]
[440,309]
[202,4]
[220,9]
[73,129]
[9,264]
[485,285]
[258,256]
[245,220]
[306,35]
[321,203]
[331,208]
[571,183]
[357,5]
[289,253]
[333,182]
[438,297]
[67,106]
[610,103]
[485,281]
[452,318]
[109,105]
[234,30]
[6,203]
[215,33]
[385,98]
[147,186]
[320,156]
[473,305]
[55,57]
[141,38]
[279,56]
[313,270]
[375,189]
[256,278]
[589,353]
[115,148]
[138,48]
[89,258]
[386,41]
[593,283]
[155,34]
[311,122]
[74,271]
[527,60]
[379,39]
[546,87]
[51,17]
[3,133]
[174,212]
[58,317]
[322,102]
[376,56]
[147,56]
[587,288]
[185,159]
[414,299]
[514,142]
[203,94]
[418,118]
[293,1]
[495,264]
[444,173]
[608,122]
[25,115]
[502,176]
[424,12]
[119,224]
[14,327]
[42,338]
[298,128]
[373,252]
[409,336]
[532,50]
[258,185]
[599,7]
[150,106]
[613,96]
[395,208]
[124,331]
[314,46]
[541,265]
[200,99]
[522,17]
[352,219]
[30,319]
[405,30]
[323,183]
[189,273]
[375,96]
[589,93]
[609,285]
[518,253]
[200,55]
[157,222]
[442,225]
[189,234]
[423,139]
[180,262]
[215,207]
[628,319]
[360,303]
[559,319]
[559,289]
[441,250]
[251,260]
[623,10]
[132,257]
[20,102]
[39,297]
[7,5]
[600,135]
[363,66]
[81,222]
[99,239]
[170,49]
[418,38]
[42,6]
[362,126]
[624,270]
[530,295]
[36,56]
[318,93]
[158,133]
[603,340]
[451,61]
[573,348]
[6,337]
[289,337]
[291,65]
[488,227]
[552,72]
[394,45]
[53,215]
[522,291]
[269,279]
[132,171]
[554,287]
[507,223]
[212,138]
[489,214]
[153,247]
[28,266]
[536,96]
[258,202]
[387,156]
[258,275]
[275,35]
[188,38]
[315,226]
[121,41]
[1,249]
[440,239]
[368,285]
[228,35]
[418,199]
[546,230]
[43,17]
[238,293]
[284,51]
[160,68]
[400,273]
[309,254]
[329,212]
[104,328]
[130,148]
[431,164]
[115,80]
[467,246]
[560,134]
[487,198]
[139,216]
[37,332]
[198,268]
[6,244]
[542,306]
[25,54]
[366,282]
[224,213]
[41,227]
[294,245]
[232,31]
[458,52]
[93,125]
[480,118]
[567,111]
[559,135]
[118,59]
[17,254]
[578,170]
[385,2]
[488,28]
[61,303]
[586,221]
[445,35]
[527,138]
[535,122]
[453,27]
[608,23]
[629,176]
[92,128]
[330,4]
[522,20]
[212,183]
[70,85]
[483,293]
[188,339]
[615,86]
[126,48]
[22,123]
[616,325]
[111,51]
[402,73]
[88,123]
[281,269]
[271,144]
[206,14]
[529,337]
[583,124]
[504,109]
[216,211]
[495,328]
[399,146]
[444,193]
[67,67]
[583,330]
[179,324]
[357,136]
[301,296]
[394,216]
[4,121]
[638,219]
[150,227]
[529,69]
[418,48]
[338,319]
[600,69]
[114,167]
[549,272]
[328,64]
[131,225]
[596,24]
[98,345]
[227,91]
[267,29]
[509,295]
[514,88]
[590,28]
[437,138]
[161,59]
[637,111]
[352,17]
[170,216]
[135,171]
[366,24]
[279,224]
[401,34]
[585,187]
[401,251]
[152,4]
[398,266]
[62,230]
[516,299]
[561,339]
[282,315]
[407,211]
[580,133]
[124,188]
[388,139]
[500,91]
[360,2]
[1,346]
[37,266]
[215,255]
[357,117]
[249,74]
[347,334]
[49,320]
[208,265]
[502,161]
[18,162]
[503,38]
[365,214]
[536,175]
[60,77]
[548,156]
[558,61]
[112,105]
[19,320]
[582,322]
[68,72]
[578,314]
[420,342]
[58,47]
[89,228]
[461,336]
[532,273]
[620,65]
[64,89]
[632,142]
[468,324]
[550,89]
[370,307]
[137,233]
[188,125]
[412,341]
[480,157]
[373,116]
[509,16]
[512,104]
[100,245]
[147,193]
[306,241]
[563,54]
[334,215]
[153,200]
[90,54]
[223,224]
[195,10]
[395,246]
[267,123]
[89,173]
[233,239]
[401,102]
[458,335]
[554,82]
[536,230]
[18,93]
[409,194]
[386,91]
[195,150]
[50,341]
[193,306]
[239,338]
[286,247]
[397,244]
[12,79]
[456,114]
[549,196]
[340,50]
[114,171]
[615,12]
[41,28]
[211,340]
[345,67]
[172,255]
[360,53]
[270,140]
[62,195]
[637,40]
[307,287]
[69,235]
[619,182]
[294,279]
[193,128]
[110,24]
[95,237]
[332,352]
[133,122]
[606,71]
[223,176]
[532,259]
[173,240]
[517,246]
[295,9]
[111,9]
[64,0]
[522,294]
[425,234]
[492,283]
[576,195]
[595,44]
[43,232]
[41,198]
[118,63]
[26,99]
[452,86]
[302,57]
[548,34]
[237,243]
[44,267]
[144,153]
[624,146]
[632,304]
[495,40]
[480,196]
[17,16]
[362,32]
[443,190]
[249,81]
[360,140]
[620,242]
[74,96]
[180,4]
[293,31]
[93,105]
[485,200]
[434,71]
[528,310]
[464,164]
[454,217]
[613,210]
[122,335]
[441,339]
[280,264]
[82,62]
[380,264]
[432,182]
[178,335]
[169,283]
[636,73]
[158,321]
[301,214]
[232,0]
[576,24]
[251,159]
[462,343]
[192,284]
[96,32]
[381,116]
[136,305]
[420,160]
[371,66]
[524,177]
[122,22]
[392,136]
[246,77]
[39,328]
[616,49]
[584,114]
[58,126]
[481,68]
[375,326]
[419,303]
[460,90]
[606,137]
[222,337]
[587,344]
[7,285]
[54,125]
[217,83]
[36,113]
[604,134]
[311,175]
[548,242]
[544,318]
[557,39]
[307,35]
[48,102]
[368,194]
[547,139]
[426,107]
[275,185]
[578,274]
[257,79]
[297,75]
[51,175]
[76,182]
[439,47]
[126,278]
[237,349]
[46,185]
[562,273]
[511,339]
[398,291]
[585,49]
[573,302]
[313,103]
[380,270]
[345,307]
[234,91]
[603,160]
[60,248]
[537,111]
[377,116]
[235,85]
[491,179]
[320,312]
[24,266]
[294,304]
[300,298]
[584,52]
[306,30]
[449,316]
[565,191]
[34,186]
[541,201]
[219,19]
[286,146]
[211,104]
[358,287]
[49,195]
[433,183]
[139,153]
[581,304]
[170,185]
[634,13]
[181,307]
[448,171]
[103,310]
[366,81]
[574,314]
[520,192]
[73,29]
[185,165]
[233,36]
[466,227]
[300,155]
[343,226]
[164,350]
[255,20]
[84,139]
[46,168]
[474,107]
[410,154]
[156,218]
[288,165]
[18,288]
[448,221]
[122,328]
[231,82]
[179,262]
[517,21]
[293,241]
[211,300]
[129,48]
[448,115]
[514,93]
[223,340]
[596,183]
[104,247]
[490,253]
[265,47]
[408,111]
[419,156]
[361,316]
[101,236]
[593,148]
[100,295]
[557,322]
[389,336]
[538,202]
[374,158]
[174,134]
[467,197]
[489,36]
[389,332]
[95,197]
[139,10]
[126,266]
[120,347]
[218,133]
[32,27]
[601,281]
[111,38]
[316,143]
[480,231]
[136,211]
[542,39]
[554,155]
[479,24]
[112,63]
[636,136]
[573,85]
[563,23]
[398,11]
[132,65]
[501,142]
[608,184]
[554,56]
[316,206]
[477,223]
[370,54]
[449,222]
[42,307]
[239,317]
[230,204]
[317,62]
[418,230]
[530,299]
[154,232]
[80,72]
[288,290]
[232,112]
[520,137]
[38,227]
[300,71]
[99,244]
[157,142]
[423,60]
[620,248]
[316,255]
[245,14]
[214,343]
[634,99]
[51,258]
[197,330]
[565,5]
[26,86]
[282,332]
[263,344]
[395,231]
[369,204]
[533,51]
[32,203]
[607,182]
[112,79]
[451,86]
[382,271]
[215,160]
[75,67]
[439,113]
[639,20]
[254,69]
[375,82]
[212,38]
[541,208]
[335,318]
[360,229]
[116,215]
[217,143]
[281,64]
[466,23]
[396,172]
[264,72]
[99,248]
[240,40]
[281,48]
[632,101]
[363,32]
[127,258]
[508,87]
[91,84]
[576,114]
[181,209]
[428,195]
[97,129]
[632,274]
[242,121]
[268,188]
[474,154]
[635,142]
[435,193]
[586,112]
[502,188]
[15,339]
[199,188]
[330,0]
[416,305]
[512,330]
[506,268]
[539,153]
[29,52]
[450,295]
[33,244]
[262,245]
[384,208]
[401,216]
[561,132]
[93,275]
[73,102]
[184,125]
[50,328]
[353,96]
[489,205]
[42,251]
[36,49]
[274,191]
[169,261]
[533,199]
[477,228]
[595,137]
[595,63]
[246,308]
[368,335]
[509,92]
[77,292]
[422,52]
[396,240]
[258,1]
[128,51]
[50,130]
[227,24]
[582,154]
[96,33]
[308,90]
[222,6]
[431,276]
[123,216]
[154,84]
[234,69]
[230,275]
[210,147]
[428,305]
[237,67]
[584,101]
[246,215]
[352,98]
[129,218]
[394,332]
[180,65]
[109,279]
[418,106]
[166,332]
[546,120]
[47,180]
[326,18]
[34,22]
[155,294]
[411,228]
[116,349]
[174,17]
[3,218]
[618,130]
[219,260]
[488,122]
[175,313]
[436,82]
[599,80]
[508,37]
[438,237]
[135,186]
[315,102]
[407,159]
[108,223]
[20,166]
[576,130]
[85,0]
[200,148]
[29,232]
[58,333]
[217,117]
[41,144]
[141,134]
[162,57]
[305,188]
[93,69]
[216,322]
[138,173]
[389,89]
[87,294]
[85,111]
[174,296]
[180,119]
[628,68]
[71,88]
[363,316]
[441,335]
[638,288]
[213,112]
[407,226]
[444,270]
[74,69]
[63,192]
[288,126]
[639,1]
[262,103]
[309,184]
[511,55]
[149,205]
[383,275]
[634,330]
[372,55]
[254,213]
[514,221]
[342,176]
[271,145]
[547,113]
[99,305]
[440,235]
[562,338]
[598,144]
[408,336]
[33,28]
[453,76]
[97,20]
[497,14]
[463,21]
[477,193]
[77,34]
[504,237]
[338,102]
[185,120]
[214,24]
[210,190]
[62,341]
[383,149]
[535,312]
[151,4]
[318,139]
[114,342]
[71,106]
[412,330]
[233,254]
[44,38]
[500,337]
[226,331]
[233,211]
[103,210]
[259,250]
[581,54]
[621,1]
[326,146]
[541,343]
[632,116]
[12,1]
[132,107]
[425,329]
[94,233]
[236,254]
[324,31]
[540,142]
[164,165]
[427,51]
[15,154]
[186,344]
[66,198]
[409,186]
[27,98]
[399,252]
[156,106]
[142,273]
[228,92]
[94,131]
[597,53]
[377,31]
[427,54]
[158,125]
[634,342]
[614,175]
[63,296]
[540,188]
[63,235]
[328,165]
[448,1]
[403,26]
[384,328]
[245,256]
[460,136]
[99,106]
[420,90]
[470,110]
[574,146]
[508,149]
[635,176]
[589,42]
[211,147]
[335,214]
[191,306]
[311,307]
[381,259]
[144,25]
[608,34]
[185,176]
[62,93]
[230,276]
[117,295]
[477,214]
[292,272]
[490,32]
[526,223]
[589,166]
[209,4]
[233,37]
[400,154]
[118,36]
[584,38]
[333,153]
[307,38]
[381,167]
[158,338]
[183,330]
[366,245]
[109,2]
[60,341]
[608,83]
[501,106]
[548,68]
[25,12]
[130,197]
[283,73]
[256,239]
[292,24]
[257,264]
[596,140]
[597,332]
[45,92]
[410,133]
[118,317]
[209,119]
[27,238]
[478,92]
[44,315]
[628,234]
[43,289]
[0,3]
[573,63]
[178,28]
[455,319]
[112,220]
[119,240]
[339,162]
[6,338]
[581,329]
[300,168]
[220,189]
[58,15]
[386,321]
[635,253]
[484,107]
[398,36]
[199,118]
[140,217]
[309,197]
[30,230]
[625,95]
[581,39]
[271,259]
[352,24]
[72,308]
[426,96]
[491,335]
[118,331]
[541,162]
[619,350]
[620,321]
[64,169]
[317,16]
[565,296]
[513,60]
[537,168]
[199,69]
[14,154]
[52,310]
[134,265]
[340,111]
[561,221]
[73,28]
[256,124]
[431,347]
[637,351]
[462,46]
[110,317]
[208,185]
[402,315]
[167,207]
[358,256]
[135,294]
[601,232]
[80,101]
[351,273]
[242,208]
[490,229]
[161,60]
[262,235]
[634,259]
[308,185]
[488,302]
[401,294]
[363,270]
[170,245]
[483,88]
[639,347]
[558,349]
[432,104]
[377,169]
[281,10]
[259,29]
[125,263]
[59,13]
[576,220]
[519,125]
[629,29]
[77,194]
[552,334]
[569,203]
[314,240]
[152,17]
[459,28]
[436,276]
[252,317]
[420,31]
[128,68]
[382,215]
[490,95]
[14,247]
[475,141]
[576,146]
[234,86]
[600,22]
[610,227]
[98,200]
[395,251]
[367,194]
[251,162]
[460,188]
[381,21]
[474,85]
[483,59]
[464,189]
[308,297]
[116,140]
[103,253]
[91,150]
[240,315]
[233,210]
[368,279]
[367,6]
[283,47]
[324,25]
[611,149]
[52,234]
[106,69]
[197,231]
[398,73]
[244,66]
[275,39]
[171,228]
[217,154]
[113,181]
[440,331]
[566,340]
[309,176]
[255,12]
[4,183]
[555,66]
[217,113]
[379,27]
[245,272]
[294,304]
[101,252]
[20,48]
[114,245]
[374,252]
[550,293]
[520,112]
[111,299]
[203,36]
[501,107]
[598,117]
[476,260]
[486,323]
[460,95]
[536,295]
[583,65]
[553,124]
[411,329]
[60,214]
[46,251]
[218,348]
[28,264]
[30,295]
[380,316]
[302,211]
[356,102]
[497,258]
[65,59]
[293,55]
[28,348]
[203,336]
[573,161]
[221,212]
[603,35]
[626,91]
[410,200]
[327,263]
[278,226]
[14,110]
[299,98]
[469,79]
[631,258]
[359,160]
[17,62]
[355,87]
[71,147]
[397,98]
[176,316]
[91,113]
[237,109]
[75,206]
[496,255]
[416,134]
[369,176]
[561,30]
[90,17]
[148,349]
[306,114]
[471,342]
[124,267]
[559,239]
[316,97]
[495,38]
[221,346]
[230,266]
[469,7]
[199,68]
[498,284]
[362,310]
[553,243]
[102,291]
[103,165]
[323,283]
[505,39]
[427,184]
[364,1]
[601,141]
[183,288]
[619,172]
[572,270]
[156,0]
[518,214]
[217,21]
[225,13]
[48,10]
[385,13]
[547,292]
[375,167]
[593,263]
[524,125]
[186,292]
[306,137]
[604,289]
[590,223]
[570,245]
[236,306]
[220,188]
[619,56]
[131,243]
[618,62]
[460,177]
[0,284]
[367,249]
[334,348]
[515,132]
[31,160]
[41,198]
[597,264]
[397,139]
[317,44]
[249,343]
[550,141]
[377,70]
[199,93]
[323,116]
[411,76]
[318,232]
[541,73]
[478,123]
[417,332]
[127,337]
[622,281]
[122,155]
[109,232]
[369,112]
[35,228]
[316,232]
[400,326]
[38,57]
[551,270]
[631,117]
[161,72]
[261,209]
[637,340]
[244,118]
[209,149]
[622,352]
[70,214]
[495,25]
[276,51]
[324,37]
[548,158]
[310,92]
[316,89]
[396,240]
[334,255]
[256,300]
[496,126]
[494,273]
[151,143]
[375,248]
[46,294]
[305,191]
[442,74]
[511,44]
[11,23]
[281,26]
[362,225]
[324,107]
[295,15]
[28,267]
[232,224]
[518,148]
[549,232]
[36,94]
[379,303]
[566,117]
[224,326]
[333,259]
[182,302]
[532,196]
[516,280]
[638,51]
[166,347]
[523,159]
[223,130]
[313,212]
[119,178]
[393,233]
[114,187]
[288,308]
[419,112]
[371,253]
[251,139]
[31,270]
[486,35]
[19,59]
[248,330]
[501,243]
[131,123]
[612,231]
[475,27]
[465,97]
[447,155]
[458,324]
[87,26]
[285,289]
[451,69]
[379,185]
[270,311]
[255,70]
[126,346]
[48,97]
[170,292]
[197,172]
[96,311]
[436,49]
[38,15]
[148,20]
[592,196]
[189,291]
[442,25]
[240,324]
[539,262]
[293,103]
[619,196]
[138,91]
[511,257]
[225,81]
[347,154]
[402,220]
[141,182]
[490,282]
[117,153]
[387,13]
[297,226]
[492,196]
[447,296]
[520,51]
[503,241]
[144,241]
[189,229]
[137,255]
[223,284]
[338,236]
[389,302]
[214,1]
[446,225]
[153,54]
[455,3]
[404,124]
[210,109]
[432,193]
[282,160]
[487,341]
[337,312]
[142,335]
[395,41]
[522,4]
[185,308]
[552,199]
[586,231]
[239,223]
[240,7]
[330,220]
[288,70]
[123,255]
[261,18]
[344,11]
[79,279]
[427,19]
[151,343]
[359,253]
[280,66]
[562,80]
[397,112]
[189,169]
[540,43]
[159,325]
[601,136]
[66,124]
[122,106]
[233,352]
[43,96]
[144,176]
[28,108]
[97,120]
[591,195]
[500,119]
[511,30]
[13,77]
[541,171]
[255,288]
[573,248]
[421,202]
[444,38]
[460,164]
[53,350]
[307,145]
[530,153]
[108,258]
[634,121]
[376,118]
[556,213]
[396,232]
[69,105]
[255,327]
[297,2]
[307,39]
[65,261]
[160,151]
[289,249]
[253,157]
[393,11]
[113,239]
[476,329]
[610,1]
[572,158]
[247,83]
[139,335]
[64,192]
[62,201]
[190,161]
[46,279]
[286,320]
[60,292]
[458,187]
[33,129]
[379,262]
[560,127]
[27,241]
[44,133]
[21,235]
[89,270]
[454,338]
[237,147]
[561,176]
[15,94]
[537,288]
[231,199]
[285,97]
[597,236]
[368,87]
[463,77]
[537,35]
[517,155]
[466,37]
[303,162]
[612,284]
[92,176]
[507,266]
[491,58]
[454,12]
[115,353]
[43,61]
[581,317]
[441,65]
[423,79]
[255,216]
[385,104]
[469,58]
[609,174]
[301,209]
[112,155]
[459,115]
[183,3]
[320,38]
[185,27]
[378,131]
[473,266]
[439,277]
[519,73]
[616,327]
[420,90]
[366,25]
[195,314]
[104,242]
[32,256]
[426,0]
[158,172]
[102,26]
[75,320]
[539,55]
[360,109]
[424,301]
[610,273]
[438,185]
[437,13]
[530,271]
[369,341]
[369,303]
[387,282]
[282,323]
[509,327]
[596,97]
[119,45]
[218,117]
[375,196]
[634,238]
[581,150]
[337,79]
[596,247]
[386,66]
[91,97]
[250,121]
[177,37]
[607,248]
[543,341]
[340,61]
[23,291]
[609,271]
[259,150]
[6,300]
[255,273]
[70,299]
[163,286]
[39,164]
[612,29]
[331,4]
[262,41]
[348,238]
[238,281]
[505,6]
[397,139]
[18,239]
[344,37]
[377,192]
[265,42]
[250,182]
[147,258]
[285,67]
[290,0]
[64,295]
[150,28]
[122,61]
[94,9]
[154,180]
[106,169]
[342,226]
[297,291]
[185,180]
[145,320]
[435,177]
[43,113]
[328,305]
[233,150]
[342,85]
[419,151]
[456,209]
[405,10]
[67,150]
[243,322]
[101,277]
[341,154]
[74,324]
[293,312]
[141,338]
[382,287]
[191,306]
[502,282]
[71,222]
[15,239]
[488,100]
[161,246]
[593,110]
[358,77]
[208,172]
[464,241]
[460,114]
[163,169]
[350,308]
[126,139]
[281,207]
[593,28]
[520,164]
[240,306]
[253,115]
[127,205]
[409,170]
[449,175]
[32,43]
[520,75]
[538,103]
[115,53]
[424,3]
[262,351]
[248,303]
[119,108]
[399,149]
[403,242]
[305,108]
[194,78]
[44,25]
[163,163]
[509,210]
[534,80]
[19,119]
[118,298]
[380,169]
[364,261]
[320,332]
[128,111]
[50,301]
[88,119]
[372,105]
[531,146]
[225,300]
[574,326]
[140,335]
[589,78]
[45,63]
[73,26]
[150,172]
[140,268]
[636,97]
[364,311]
[38,109]
[430,234]
[402,76]
[308,102]
[339,109]
[372,148]
[239,296]
[33,302]
[127,304]
[277,104]
[7,22]
[315,118]
[467,229]
[419,330]
[298,48]
[492,171]
[258,228]
[423,294]
[417,83]
[571,65]
[574,285]
[485,70]
[264,257]
[336,291]
[273,122]
[458,103]
[44,160]
[476,174]
[39,125]
[609,44]
[561,331]
[507,294]
[431,293]
[186,151]
[569,249]
[63,33]
[513,73]
[42,320]
[22,98]
[412,95]
[474,271]
[421,330]
[595,136]
[105,353]
[16,262]
[336,225]
[430,294]
[289,26]
[215,318]
[37,180]
[422,62]
[333,74]
[139,111]
[82,250]
[174,221]
[434,175]
[436,139]
[509,322]
[482,164]
[52,56]
[366,97]
[591,131]
[614,93]
[502,112]
[440,107]
[407,312]
[264,313]
[292,60]
[178,86]
[605,93]
[325,159]
[112,348]
[158,4]
[106,41]
[74,241]
[408,106]
[284,273]
[478,191]
[99,150]
[251,59]
[79,105]
[316,322]
[232,261]
[109,80]
[303,287]
[332,308]
[165,347]
[619,200]
[145,48]
[439,235]
[8,305]
[589,14]
[56,349]
[213,29]
[302,54]
[612,187]
[64,258]
[75,159]
[490,264]
[145,346]
[97,214]
[585,113]
[565,20]
[65,316]
[594,9]
[317,340]
[304,180]
[425,261]
[109,68]
[269,214]
[131,261]
[80,55]
[393,294]
[320,12]
[42,185]
[464,46]
[368,108]
[25,280]
[211,160]
[378,123]
[79,335]
[24,129]
[86,230]
[614,25]
[633,259]
[543,290]
[244,140]
[410,11]
[66,21]
[513,277]
[139,207]
[278,47]
[35,297]
[443,184]
[136,127]
[401,206]
[138,20]
[502,325]
[392,194]
[518,127]
[44,221]
[535,0]
[486,154]
[506,339]
[18,210]
[94,83]
[291,312]
[350,84]
[400,167]
[412,212]
[585,14]
[86,234]
[168,259]
[607,18]
[7,140]
[219,229]
[338,34]
[82,179]
[628,81]
[591,313]
[35,353]
[593,60]
[4,20]
[630,235]
[542,338]
[56,37]
[99,210]
[162,191]
[108,105]
[61,255]
[623,229]
[529,191]
[74,71]
[143,74]
[204,331]
[237,73]
[627,65]
[612,305]
[439,326]
[274,117]
[587,158]
[69,16]
[242,47]
[568,52]
[468,264]
[301,285]
[357,290]
[262,332]
[504,15]
[37,279]
[266,72]
[597,73]
[540,256]
[476,194]
[415,75]
[44,299]
[390,269]
[598,208]
[545,110]
[615,231]
[189,168]
[9,131]
[360,50]
[97,245]
[363,290]
[83,31]
[441,110]
[506,299]
[279,107]
[579,32]
[138,323]
[90,74]
[535,203]
[163,26]
[498,119]
[334,216]
[16,210]
[274,192]
[158,109]
[575,189]
[238,61]
[236,238]
[236,258]
[347,140]
[635,202]
[248,84]
[578,113]
[303,209]
[403,12]
[531,163]
[569,2]
[344,311]
[22,191]
[392,272]
[596,220]
[44,35]
[374,288]
[423,220]
[59,193]
[625,169]
[409,50]
[144,295]
[286,324]
[133,54]
[295,177]
[236,2]
[620,138]
[282,246]
[296,298]
[154,251]
[100,161]
[50,222]
[358,88]
[410,341]
[589,268]
[345,353]
[340,157]
[304,281]
[301,70]
[72,177]
[293,40]
[320,52]
[7,32]
[540,20]
[516,292]
[110,8]
[352,55]
[248,179]
[32,115]
[411,124]
[302,301]
[543,230]
[214,54]
[173,41]
[415,169]
[394,239]
[524,17]
[220,172]
[79,118]
[593,70]
[411,133]
[183,330]
[36,128]
[334,127]
[321,12]
[57,192]
[571,163]
[355,25]
[580,300]
[471,189]
[357,297]
[22,322]
[383,296]
[205,129]
[21,327]
[157,26]
[528,206]
[286,331]
[286,297]
[94,200]
[446,26]
[543,80]
[59,210]
[579,36]
[629,316]
[274,212]
[160,340]
[11,200]
[385,187]
[580,312]
[27,3]
[41,8]
[399,82]
[415,143]
[542,173]
[258,256]
[439,341]
[306,63]
[29,142]
[211,154]
[160,201]
[60,115]
[632,288]
[193,226]
[636,272]
[163,78]
[0,291]
[239,204]
[462,217]
[605,28]
[131,11]
[258,282]
[173,351]
[198,95]
[580,265]
[418,68]
[479,156]
[532,143]
[301,60]
[41,343]
[231,67]
[560,192]
[158,250]
[397,84]
[50,301]
[355,228]
[55,310]
[252,76]
[132,75]
[326,156]
[495,8]
[412,155]
[218,292]
[467,109]
[452,307]
[364,257]
[153,254]
[204,295]
[357,5]
[511,174]
[30,114]
[606,218]
[290,86]
[314,307]
[287,251]
[157,154]
[337,124]
[223,161]
[316,275]
[478,97]
[369,61]
[384,275]
[614,247]
[36,121]
[602,46]
[590,292]
[247,100]
[11,214]
[123,282]
[582,282]
[20,139]
[510,80]
[157,128]
[461,189]
[562,203]
[44,206]
[390,79]
[73,51]
[359,20]
[323,255]
[607,347]
[93,316]
[11,174]
[557,134]
[270,279]
[625,116]
[160,187]
[359,241]
[300,253]
[506,193]
[623,176]
[119,222]
[114,124]
[458,22]
[253,265]
[612,191]
[95,282]
[539,290]
[184,238]
[58,122]
[98,48]
[166,91]
[563,49]
[57,85]
[510,80]
[125,333]
[178,3]
[155,145]
[131,342]
[145,279]
[317,62]
[254,194]
[521,208]
[102,51]
[546,105]
[476,156]
[261,310]
[430,350]
[90,311]
[322,322]
[470,183]
[593,166]
[553,103]
[172,230]
[256,308]
[456,207]
[71,120]
[479,289]
[444,103]
[448,72]
[595,63]
[476,83]
[100,351]
[628,165]
[616,353]
[259,65]
[142,145]
[164,26]
[520,270]
[350,120]
[152,237]
[24,94]
[336,240]
[272,321]
[439,38]
[107,260]
[96,253]
[264,15]
[582,308]
[481,256]
[213,253]
[385,142]
[277,171]
[222,340]
[179,191]
[176,332]
[509,91]
[391,205]
[251,245]
[469,236]
[593,7]
[611,231]
[281,22]
[377,87]
[339,259]
[251,312]
[364,181]
[365,158]
[571,38]
[38,346]
[399,0]
[152,329]
[297,109]
[354,238]
[315,29]
[170,90]
[270,125]
[219,222]
[115,147]
[99,227]
[475,36]
[386,110]
[453,110]
[210,303]
[631,108]
[380,333]
[11,155]
[323,125]
[549,200]
[461,297]
[93,228]
[565,340]
[334,119]
[153,282]
[522,124]
[619,198]
[258,9]
[382,60]
[412,235]
[107,212]
[77,241]
[54,273]
[418,36]
[144,163]
[145,141]
[595,70]
[165,98]
[111,299]
[525,39]
[405,41]
[72,44]
[533,329]
[67,197]
[425,299]
[598,308]
[135,308]
[363,233]
[382,209]
[591,99]
[459,22]
[394,319]
[431,181]
