30
2
9
7
14
17
20
6
16
28
9
8
9
7
6
51
19
14
14
18
21
10
39
13
7
10
8
9
32
17
11
17
11
28
21
29
13
30
1
20
8
27
11
51
52
32
6
10
35
19
4
9
11
29
11
5
6
28
27
76
37
31
10
20
6
17
14
11
8
12
11
10
10
22
2
10
10
7
15
5
10
32
27
31
218
8
24
99
32
7
13
27
26
11
192
6
16
3
16
32
18
10
11
25
39
15
18
28
14
14
10
29
44
16
7
6
13
40
26
13
10
32
6
6
33
16
90
22
12
19
17
58
19
27
10
81
8
67
19
20
20
9
19
10
7
9
29
13
18
35
18
50
17
33
7
8
9
10
8
13
7
19
18
11
30
13
10
15
18
10
22
12
29
27
114
9
26
29
7
6
5
73
49
26
6
21
7
13
16
7
51
49
11
9
33
4
24
12
9
23
21
6
9
8
1
21
28
12
11
11
11
12
17
37
9
12
20
13
15
26
19
7
11
27
11
10
36
8
17
8
18
4
7
64
13
1
6
11
30
9
13
11
20
8
13
9
21
7
5
6
10
105
31
18
12
11
23
57
11
3
13
9
34
25
73
19
35
3
30
12
10
31
32
15
13
6
4
22
19
35
78
11
7
7
18
21
6
28
9
28
18
19
5
10
21
14
6
61
12
33
9
9
9
11
27
15
33
21
17
28
8
8
11
7
23
22
38
9
12
29
11
15
18
8
17
20
16
110
12
49
18
73
41
10
