76.406
34.287
98.609
10.732
34.039
12.136
14.569
19.135
41.385
10.984
16.233
74.93
49.068
33.075
28.54
168.99
11.888
60.607
141.107
48.232
70.164
18.906
118.142
9.911
26.565
123.767
19.908
56.584
5.99
23.645
57.652
66.957
44.238
142.201
10.414
21.712
19.034
8.233
45.406
210.074
6.384
37.228
99.814
16.509
29.144
23.525
30.476
11.375
12.66
23.452
21.839
9.054
5.643
29.784
303.496
216.346
87.384
247.41
7.763
23.602
300.077
147.781
20.801
24.356
47.07
16.024
29.502
14.599
8.676
19.339
123.212
30.37
14.871
100.686
8.12
85.148
11.011
17.26
7.562
48.488
91.717
20.977
8.631
40.114
29.916
57.383
32.083
59.135
24.688
413.796
19.768
123.737
208.704
99.833
153.076
129.934
17.19
16.5
18.925
37.347
48.273
35.541
16.023
28.158
114.657
16.526
14.611
7.57
97.048
42.848
224.873
14.963
14.521
125.068
56.788
24.399
51.384
498.786
5.963
42.204
42.372
15.046
6.743
104.819
226.551
132.114
20.293
66.702
8.239
82.444
73.102
35.708
104.258
49.194
22.078
6.675
128.271
27.898
20.066
10.782
39.916
6.001
42.92
30.013
8.742
23.806
14.282
27.289
10.876
18.048
112.176
23.432
35.614
24.026
5.191
196.646
400.126
11.72
16.397
7.153
122.534
19.108
17.142
12.931
8.58
78.006
10.356
15.668
27.853
44.13
250.259
58.146
9.587
68.876
7.582
41.514
23.164
22.962
25.267
157.722
103.503
6.161
51.997
6.469
30.065
34.131
104.331
15.058
24.786
20.538
33.895
10.61
26.895
106.991
42.785
54
266.255
98.789
125.688
8.701
133.371
6.233
10.722
178.352
43.307
15.52
9.169
6.967
4.467
67.388
5.542
56.805
22.434
20.111
8.61
18.522
5.745
26.821
33.163
96.767
112.369
13.023
47.425
172.07
123.96
32.233
29.869
14.95
26.321
361.941
50.101
17.995
370.814
61.52
9.729
48.744
11.332
23.611
151.853
102.042
16.036
18.832
17.685
10.912
59.107
61.046
219.005
396.189
143.768
6.575
9.077
31.604
11.64
16.873
424.751
40.723
30.514
9
71.977
16.365
28.678
10.435
20.266
31.283
72.724
29.031
162.904
263.97
33.817
136.206
91.096
7.943
6.809
16.672
48.935
32.132
45.245
28.376
142.128
10.274
20.186
94.858
29.468
64.571
18.079
7.559
244.739
16.194
13.233
33.959
10.835
25.077
37.742
39.021
11.67
16.519
35.853
119.747
26.532
72.702
18.217
21.012
12.226
10.247
30.491
30.656
93.357
101.547
71.667
65.058
42.997
64.096
18.094
52.888
19.997
28.914
7.583
50.684
35.151
246.351
32.069
85.75
37.269
25.319
33.884
13.005
16.661
67.637
20.316
14.703
20.242
65.035
12.831
49.579
22.077
16.441
14.441
50.139
33.628
163.69
14.279
46.733
135.713
15.217
95.825
100.826
23.609
29.584
143.773
34.846
57.334
109.214
26.412
6.577
21.794
23.615
12.663
6.803
29.893
8.468
117.56
68.966
103.03
17
128.195
94.639
13.253
9.82
20.946
63.916
7.091
98.153
55
31.714
71.792
11.612
6.464
6.767
59.774
75.347
9.846
169.512
8.923
12.294
70.308
15.412
134.432
70.92
333.165
17.27
14.716
9.552
134.748
17.624
28.555
4.468
7.184
59.748
41.689
148.503
7.714
27.677
16.896
366.026
46.304
202.437
50.774
12.455
68.841
14.994
16.624
102.999
43.06
6.908
221.871
127.103
35.976
10.04
115.469
41.57
20.78
17.761
161.037
24.237
119.511
20.927
40.757
36.784
7.889
16.848
10.714
98.647
15.4
76.606
142.249
75.421
11.163
10.681
4.333
111.659
10.464
295.022
356.835
9.995
4.906
23.928
18.598
19.282
92.899
73.105
54.032
92.613
20.017
36.697
16.183
85.94
52.286
24.409
11.717
29.521
16.779
62.973
32.614
14.479
78.391
19.332
21.422
20.412
6.482
64.29
16.711
36.191
22.438
60.147
13.38
5.425
35.415
132.543
84.371
8.138
8.218
17.395
93.024
59.557
42.593
99.939
70.464
25.984
10.825
50.936
24.292
31.442
9.904
12.127
183.408
12.187
33.221
56.354
10.246
66.936
184.245
69.716
9.579
8.628
8.182
122.562
26.02
8.622
25.339
131.02
60.221
427.596
52.072
95.489
254.931
8.085
14.208
9.58
151.104
53.849
10.295
9.911
33.377
13.793
48.182
35.525
7.401
62.923
14.15
150.305
63.785
112.945
20.892
31.523
7.354
35.73
35.9
18.738
115.717
25.73
46.733
91.064
28.184
20.249
100.027
6.485
50.111
8.67
7.63
10.068
106.341
45.116
89.499
89.506
37.223
94.755
66.577
129.237
4.044
7.416
12.527
40.779
182.475
243.486
8.658
37.273
26.119
13.866
15.581
19.316
13.066
14.248
194.605
131.486
111.926
51.462
39.73
9.614
16.488
140.06
118.543
12.503
34.554
30.09
16.776
50.998
13.927
16.247
5.333
13.331
76.559
22.192
86.593
78.138
44.209
5.165
54.973
16.631
77.119
8.82
116.463
117.652
122.044
6.729
26.844
66.27
18.986
18.228
11.321
10.076
66.957
16.568
5.717
120.829
59.143
94.682
220.342
108.624
63.96
22.086
19.999
6.492
22.419
23.449
88.537
7.879
52.456
20.15
237.948
20.609
23.805
6.028
5.624
25.043
14.727
17.6
9.42
10.275
77.289
17.369
46.149
130.05
9.278
33.518
136.747
71.222
34.947
6.166
66.793
209.252
13.577
150.546
10.946
20.767
77.88
15.29
34.696
16.045
28.255
53.053
27.518
5.793
43.591
8.061
337.493
20.805
18.733
10.117
32.06
62.025
13.489
7.953
12.901
12.124
10.946
53.637
32.013
29.154
243.789
26.531
14.512
30.452
22.451
250.136
80.465
9.662
57.688
175.273
73.734
107.892
30.129
8.51
115.614
10.683
190.606
59.747
109.719
114.044
9.602
70.382
9.838
31.548
23.189
87.238
31.501
26.292
45.075
17.674
6.406
43.651
201.323
22.21
32.431
20.386
14.334
122.298
22.509
31.075
27.33
44.426
68.716
32.326
42.949
23.626
9.819
48.955
23.792
8.261
8.064
139.685
19.156
133.759
9.296
264.718
72.404
12.678
6.167
22.109
47.488
180.579
25.443
7.949
17.801
16.688
123.609
7.306
11.75
20.518
141.083
6.549
13.018
350.672
10.845
24.87
40.21
9.914
44.093
4.858
11.074
11.831
33.711
6.943
32.626
40.264
12.145
13.224
10.076
11.863
16.503
13.917
17.134
11.589
40.119
66.522
42.789
41.29
147.922
11.898
34.253
38.17
57.238
11.201
20.164
336.941
34.851
37.559
126.262
10.411
6.12
13.841
210.904
60.705
5.826
19.073
9.978
41.895
38.235
14.51
10.083
22.44
8.552
31.812
17.29
44.552
76.328
9.714
6.17
11.36
27.094
30.624
186.91
10.561
23.077
47.333
70.474
26.232
7.648
50.415
66.311
48.763
105.529
62.196
35.167
30.702
10.545
42.021
46.482
25.447
16.789
22.273
100.045
39.747
6.037
8.884
38.136
150.038
97.685
249.452
19.9
12.585
22.055
19.542
35.106
18.057
24.313
7.595
56.641
19.809
50.372
15.583
12.784
25.489
18.076
13.734
313.867
13.732
58.329
11.509
29.637
15.33
13.649
15.4
18.984
142.282
49.853
17.13
38.763
13.662
15.743
20.044
12.263
15.978
43.545
77.716
10.617
106.058
48.608
11.905
16.141
19.647
19.619
24.38
8.512
27.248
29.595
60.357
14.671
250.248
107.454
53.105
15.637
