8.756
11.788
9.507
92.693
18.401
42.182
12.889
26.738
42.684
11.46
7.636
6.585
10.472
4.82
21.37
13.959
40.524
14.845
30.084
56.938
33.025
20.949
50.18
14.237
64.69
7.89
112.301
69.486
11.812
11.722
8.746
76.744
19.493
208.108
69.772
16.483
91.559
28.355
11.491
18.962
9.008
15.985
237.523
9.731
10.935
37.525
19.407
41.266
100.034
51.391
26.12
7.618
50.735
7.065
21.732
14.413
37.741
20.261
52.502
7.774
41.574
31.721
43.902
41.164
36.422
17.791
53.438
41.151
9.638
70.343
23.225
76.701
93.737
15.623
11.268
10.512
7.884
46.207
105.781
10.559
63.052
6.489
10.793
27.883
39.562
166.829
23.901
15.883
83.741
7.215
51.136
35.86
11.82
7.364
16.196
89.93
8.405
10.735
6.69
346.615
142.434
16.778
46.009
9.083
14.635
5.024
42.293
47.911
13.131
39.442
120.892
91.909
7.424
49.314
12.136
17.97
45.563
9.288
39.048
145.633
60.526
10.306
105.102
100.914
20.051
11.594
20.984
85.475
8.819
44.191
46.555
5.617
32.625
143.773
10.686
34.692
51.204
32.507
41.066
11.118
34.261
15.556
17.645
5.607
23.741
40.114
22.915
19.811
8.856
139.279
22.682
50.001
72.379
12.603
13.248
14.093
124.016
42.046
166.503
37.695
20.274
98.629
35.332
22.005
45.812
11.069
19.713
16.854
94.227
7.637
9.558
21.18
87.136
127.007
8.123
24.248
6.475
30.617
22.079
10.387
10.869
12.935
69.066
32.98
29.513
10.76
62.041
7.748
94.147
112.332
43.058
30.099
22.392
5.802
64.123
238.068
28.865
6.658
13.102
31.474
35.917
30.685
37.743
16.291
15.776
12.333
76.238
5.92
20.059
28.484
38.462
243.328
20.666
17.597
58.946
11.973
159.675
220.8
8.034
12.941
16.999
18.077
35.697
5.614
7.716
272.391
33.615
7.025
9.337
109.231
14.383
50.332
25.319
13.629
55.367
9.275
16.453
39.035
40.011
101.132
21.77
31.017
61.692
12.682
56.955
24.362
22.877
35.002
32.475
9.226
12.168
231.498
13.81
121.679
26.063
52.578
31.414
144.552
14.642
7.78
48.56
50.043
89.536
18.116
31.259
61.215
17.026
38.216
31.512
5.568
24.641
79.581
28.75
9.515
315.906
9.556
10.171
13.913
13.073
6.018
13.966
28.063
30.001
51.28
7.527
25.083
75.233
7.973
156.643
210.626
6.817
26.724
11.342
17.43
31.778
8.491
138.828
18.905
48.839
6.983
101.939
52.126
13.31
11.126
235.303
25.344
45.335
5.421
10.738
51.855
77.863
46.503
18.452
10.648
31.214
59.664
57.958
33.929
39.411
54.274
16.709
119.251
14.204
49.783
6.339
95.168
55.288
11.518
24.482
8.168
78.194
29.299
6.51
39.034
5.76
13.271
24.107
8.013
123.851
12.009
8.976
62.3
135.889
41.267
9.466
15.611
151.828
31.435
122.01
16.561
14.648
17.046
59.068
51.63
310.125
45.685
10.714
96.24
10.058
288.748
8.907
10.031
135.7
118.565
21.306
49.292
37.329
66.862
34.533
13.33
8.929
12.078
12.135
7.358
32.363
10.893
97.442
78.943
22.766
28.998
8.442
26.382
6.251
7.546
67.325
11.216
39.145
9.645
11.14
34.688
22.068
16.64
5.964
176.957
17.37
31.737
59.783
5.791
15.73
227.146
17.657
120.499
21.958
13.915
8.184
112.134
16.55
10.963
62.286
179.982
19.322
21.682
58.748
37.285
20.413
8.627
320.491
93.26
33.684
13.464
6.27
4.812
7.044
11.372
43.363
7.413
23.139
8.124
284.505
15.202
117.894
8.604
24.91
14.866
22.785
20.757
49.908
36.759
7.586
96.165
8.981
21.569
17.61
15.604
159.659
100.034
26.587
43.44
22.764
67.412
16.816
54.434
174.327
15.191
39.923
25.223
7.723
93.789
71.646
14.925
57.861
24.987
222.131
84.187
31.706
42.916
6.195
56.608
15.48
11.316
37.307
124.854
26.348
105.173
21.591
11.788
7.198
9.572
142.487
138.753
284.86
7.547
146.119
27.831
52.039
16.943
11.322
155.823
135.585
9.001
8.909
10.898
149.411
22.59
9.474
6.907
37.021
8.847
230.184
8.063
7.899
13.433
190.52
69.137
15.328
33.927
167.972
22.079
11.395
177.732
14.011
8.171
21.916
26.821
35.708
5.756
12.83
8.432
27.431
54.745
9.176
61.874
13.223
151.83
11.166
6.213
54.458
13.548
49.512
274.857
41.47
6.363
187.037
15.998
5.353
11.697
13.574
36.099
69.904
20.586
24.146
61.726
4.866
123.762
15.131
108.846
72.903
9.375
7.201
15.337
48.511
64.438
6.815
76.987
7.277
6.384
48.611
127.986
47.976
10.693
181.131
124.171
11.168
38.268
132.118
27.658
30.808
12.883
200.899
22.72
16.034
13.777
8.321
190.516
21.576
137.604
77.868
10.866
14.3
33.5
57.309
7.87
29.808
62.877
13.556
15.66
22.664
64.447
21.097
132.099
26.244
7.553
72.409
5.979
22.98
68.491
17.716
8.404
110.426
5.833
18.52
15.823
65.145
9.167
6.897
24.719
8.473
18.41
55.93
80.737
38.37
13.857
34.655
13.333
10.527
38.061
49.935
86.652
18.178
18.075
197.372
99.067
129.83
38.077
14.948
47.114
12.403
6.265
29.269
7.076
14.139
10.831
51.99
101.566
36.146
53.52
79.711
85.947
18.072
36.929
58.23
65.037
9.028
125.646
22.959
11.492
49.415
17.081
20.551
84.711
174.15
47.86
68.177
7.396
16.145
66.143
53.091
20.789
27.39
26.932
52.885
43.245
32.936
122.113
40.935
69.061
17.697
8.882
15.562
9.142
11.596
20.983
28.433
24.406
17.634
19.541
11.107
5.888
87.086
6.458
58.751
7.476
9.394
28.682
82.601
7.978
15.755
28.265
25.808
14.522
10.091
66.981
10.579
11.442
24.196
50.973
21.207
51.079
8.48
4.918
73.064
9.598
57.942
7.468
30.933
29.461
25.631
46.866
80.755
7.694
59.39
101.86
6.381
83.488
31.898
9.505
30.193
25.079
55.055
32.872
10.526
11.943
24.717
11.385
24.878
15.446
5.875
37.712
13.929
28.286
75.979
125.827
44.141
42.316
75.882
86.299
6.547
6.653
88.933
7.234
9.671
6.9
59.893
33.095
179.176
12.469
9.825
11.98
26.987
38.542
7.319
19.764
7.089
13.056
36.481
49.044
15.343
96.652
125.373
73.087
82.711
55.035
23.152
79.239
11.74
18.006
47.268
77.658
29.14
11.558
26.865
25.972
42.42
257.894
7.779
44.365
18.437
22.345
9.997
11.565
44.068
12.473
51.646
26.577
9.685
13.135
174.943
25.128
29.05
32.268
47.721
5.645
210.869
191.922
166.762
53.136
13.814
264.753
125.827
176.137
50.281
5.714
10.58
15.071
47.047
111.114
30.539
8.849
21.306
18.991
58.732
207.088
9.038
19.513
86.945
135.341
53.28
27.236
7.392
70.648
39.777
7.659
43.569
74.688
22.456
15.343
40.295
12.273
29.915
6.153
200.555
5.19
20.853
45.275
39.514
34.878
50.343
15.95
14.162
27.305
5.538
60.275
10.002
54.122
25.838
47.166
8.281
10.302
58.257
294.488
99.485
8.016
19.869
18.283
93.861
30.646
34.457
316.484
18.892
157.722
201.409
11.6
68.992
37.62
18.016
46.442
12.921
39.851
12.834
13.53
9.136
37.225
15.706
130.59
89.014
91.521
248.805
8.804
15.649
33.275
6.298
21.964
25.645
10.371
85.358
38.04
104.403
16.314
47.764
74.602
8.019
