236.494
252.79
84.386
523.746
49.657
37.063
46.117
43.917
26.033
451.512
32.091
24.931
16.231
18.585
32.89
76.82
190.67
74.715
17.212
24.725
157.082
30.342
128.619
37.981
22.514
48.045
69.146
33.764
27.063
17.165
16.747
80.744
55.143
37.436
74.192
61.95
83.229
352.387
50.408
17.286
18.306
41.145
255.283
142.608
30.632
160.545
117.055
21.173
928.225
36.992
25.179
411.376
454.774
27.768
28.033
18.224
45.64
218.398
433.337
52.882
115.378
392.465
161.907
27.639
46.819
540.616
184.053
204.906
19.058
44.969
24.298
24.978
24.523
17.554
381.41
56.84
60.808
127.585
113.887
644.816
58.791
369.097
125.716
95.173
74.095
185.749
369.567
182.596
109.61
633.373
265.29
374.124
590.049
369.728
64.687
384.802
52.282
160.69
15.939
32.089
78.277
84.28
234.877
494.347
26.003
155.356
46.661
1011.752
66.927
48.716
128.372
38.502
49.828
113.777
35.737
149.423
17.65
40.936
18.994
19.053
168.186
42.364
557.152
450.798
429.807
363.921
244.734
18.409
275.596
25.404
158.821
27.427
390.507
264.366
230.056
188.719
137.529
25.297
554.111
47.945
70.204
62.623
38.642
42.849
229.232
369.247
23.469
506.435
100.232
723.891
188.124
20.761
23.171
178.749
26.964
139.424
79.931
241.215
1391.999
207.268
971.991
450.426
38.382
23.881
156.455
148.031
28.283
994.369
19.192
22.837
29.075
186.151
868.526
180.265
31.266
29.214
322.398
99.596
76.215
650.435
182.22
36.639
164.75
72.314
18.031
76.482
39.818
835.31
211.399
28.059
512.164
26.656
34.018
44.379
31.597
48.312
17.972
65.153
363.396
140.598
109.736
105.198
134.129
19.238
23.7
178.845
23.786
424.836
47.987
79.166
440.825
31.246
30.971
349.466
57.381
52.075
65.514
352.461
245.505
130.708
37.395
23.121
76.1
164.508
17.478
46.957
38.104
17.608
667.811
194.315
473.382
889.772
20.969
29.439
35.826
133.136
60.941
146.692
138.664
166.06
364.076
237.007
907.822
114.872
475.81
137.206
236.74
155.717
28.198
46.221
126.357
22.049
247.717
21.662
235.813
22.122
40.699
138.02
130.419
523.787
169.417
382.905
79.322
141.592
55.205
123.556
48.04
88.116
421.047
18.621
615.328
17.121
100.688
53.111
83.64
373.077
18.239
122.329
414.225
128.891
137.797
230.594
147.676
142.904
40.902
434.263
29.316
69.988
66.455
61.114
60.929
23.097
18.326
217.573
606.27
74.651
1544.6
262.505
23.412
23.017
35.864
42.207
62.172
46.504
839.481
166.248
139.876
61.983
62.688
20.106
24.417
214.106
76.55
80.482
572.674
877.664
22.926
88.118
18.798
17.752
242.371
148.563
27.688
64.666
418.18
19.231
47.091
164.432
40.161
21.898
123.244
32.052
223.754
17.133
21.441
481.439
692.874
202.411
138.984
22.001
98.064
24.253
201.235
34.963
55.79
60.268
18.055
100.882
54.774
56
41.947
117.551
53.816
590.9
445.534
884.839
171.247
15.911
170.463
179.113
19.383
53.771
125.396
70.421
21.113
37.316
38.042
67.119
147.216
239.598
25.274
66.2
29.968
100.517
221.929
180.04
68.435
183.825
117.774
16.667
99.003
43.458
94.403
107.289
19.28
461.118
111.729
160.672
25.852
165.638
343.733
710.502
25.544
368.466
41.188
435.761
24.242
384.105
72.351
117.621
558.438
96.112
169.773
258.726
165.114
492.626
40.224
434.291
30.517
19.69
17.763
691.316
91.933
497.938
502.841
650.504
467.556
253.332
67.147
60.17
75.646
28.889
85.503
374.731
29.888
172.401
16.687
80.675
149.21
18.424
63.46
105.566
20.194
756.21
167.826
180.99
1147.157
76.429
40.829
20.64
657.607
31.462
20.273
75.655
45.825
49.794
169.62
193.476
123.923
34.085
635.231
23.843
615.319
26.716
26.681
35.473
105.427
29.62
49.489
21.237
29.652
40.832
19.353
157.022
90.492
653.241
33.436
80.156
206.848
521.399
28.357
29.376
79.259
45.734
441.858
715.819
41.07
208.001
645.199
32.913
71.355
381.443
24.139
105.049
76.713
20.153
45.258
29.612
46.43
25.553
75.578
52.367
181.061
16.105
179.568
69.075
17.196
34.161
247.062
19.814
27.964
122.753
26.572
43.105
195.383
20.365
25.429
118.951
49.599
78.168
191.864
62.104
59.82
25.181
107.821
465.881
54.263
52.755
112.95
56.276
520.336
22.383
24.836
19.79
93.473
115.085
330.891
85.483
18.342
32.944
25.617
23.401
147.172
190.975
18.791
363.87
77.197
579.065
65.413
33.561
18.187
21.925
17.557
61.417
31.029
317.713
374.885
19.218
17.85
123.944
100.755
22.009
50.743
112.998
632.42
75.289
539.139
66.411
91.535
29.022
672.812
833.136
26.16
643.457
20.997
45.97
606.039
415.049
77.622
402.007
72.937
30.678
50.898
111.528
1063.735
155.283
73.054
123.537
34.491
755.072
46.262
77.703
67.1
40.96
82.127
31.876
455.122
19.559
77.093
44.533
155.225
28.016
172.287
75.689
109.316
173.114
155.628
178.323
716.831
99.189
384.009
169.244
44.429
95.446
237.918
99.396
85.449
255.759
48.971
29.053
33.761
1057.218
355.843
20.182
52.113
24.712
895.411
134.274
19.142
26.059
238.556
129.723
225.746
88.129
50.461
185.707
46.706
419.181
25.4
34.346
530.574
220.666
18.851
294.822
51.97
25.71
81.537
203.63
17.342
27.725
42.001
926.891
15.423
98.889
33.236
540.104
203.256
118.216
107.9
88.523
248.837
52.352
402.458
1672.531
65.339
119.682
37.812
28.119
46.77
21.87
566.661
53.244
21.45
65.166
22.725
73.371
120.509
255.283
252.753
30.129
134.993
236.623
1565.967
184.943
228.012
87.842
57.839
725.295
18.01
97.089
22.85
19.887
43.118
113.284
106.55
473.618
215.879
1093.61
982.906
16.784
144.015
31.125
29.354
170.419
92.189
70.841
376.837
70.939
1067.955
159.285
33.597
43.967
52.686
32.132
45.862
366.808
350.726
25.774
75.207
21.539
18.762
36.044
64.973
388.896
112.193
232.628
103.53
480.688
120.204
23.342
51.39
37.32
107.739
46.51
21.705
493.535
56.269
584.625
261.304
33.29
128.16
78.159
16.133
32.695
252.763
29.808
131.46
24.746
178.67
38.349
16.252
28.679
174.696
25.661
72.248
26.657
35.47
1212.496
35.482
116.583
73.528
133.452
45.489
17.469
18.592
148.107
19.206
170.324
650.559
216.098
80.606
34.75
25.625
142.34
17.218
186.763
67.04
683.949
688.148
19.743
53.357
873.58
22.785
442.463
54.171
36.618
113.035
272.151
26.396
19.997
36.863
20.044
383.941
29.334
33.424
33.386
454.399
30.174
228.877
90.995
16.153
868.313
65.691
51.973
27.016
37.727
30.895
151.262
52.39
47.545
836.303
56.219
97.949
204.231
37.126
53.545
356.176
112.876
65.661
218.376
20.493
32.633
65.289
207.583
213.251
148.611
29.372
36.614
354.749
24.201
17.024
35.323
141.312
772.79
18.404
109.21
900.322
66.063
209.69
45.146
35.726
18.315
98.001
22.962
19.568
61.451
246.383
1017.45
20.334
156.991
427.471
20.33
254.769
17.448
80.577
35.91
48.054
699.634
1177.288
21.415
40.558
25.139
40.587
18.724
97.99
49.318
50.146
486.644
371.4
46.403
1147.98
71.546
251.341
629.074
161.466
43.334
19.335
27.785
27.011
45.72
154.56
44.948
57
155.744
38.931
592.561
23.111
151.553
973.47
36.446
17.404
74.034
77.37
201.842
18.956
62.466
28.644
565.763
59.009
28.351
47.802
44.016
49.753
90.1
18.554
63.394
35.055
35.749
221.046
29.356
82.435
16.956
47.548
26.141
453.146
96.152
613.782
23.063
120.38
59.978
18.981
109.518
197.179
243.802
22.515
32.003
16.246
22.646
49.605
29.457
823.545
448.651
79.489
22.77
165.908
151.514
137.906
222.432
145.135
442.465
239.116
51.721
26.151
133.471
42.719
73.148
64.383
389.666
19.044
41.733
767.303
19.899
31.24
29.941
727.805
355.25
21.806
667.108
148.115
23.739
17.306
216.554
44.12
23.693
24.006
87.896
92.03
553.906
208.597
1093.017
257.872
19.59
168.521
395.121
17.931
75.555
149.201
19.041
58.204
218.652
147.596
124.957
51.607
26.126
35.724
698.696
63.008
88.266
30.372
158.891
70.964
52.972
22.016
428.05
202.51
54.272
23.03
504.091
17.056
342.152
199.605
96.88
191.777
48.991
19.617
116.236
199.773
360.274
29.188
76.423
