233.408
278.974
90.64
531.022
50.24
36.735
45.843
46.366
25.307
452.082
29.24
23.565
19.392
16.115
32.289
79.908
238.977
76.745
17.629
22.491
156.828
30.413
147.467
37.752
24.679
48.582
82.662
32.111
27.986
20
19.461
81.092
53.26
34.362
76.742
64.63
81.577
359.475
51.778
18.996
16.528
38.129
321.525
148.743
28.91
199.667
114.639
24.99
931.116
38.901
26.885
415.076
457.316
24.493
29.096
16.181
47.16
277.167
436.095
55.749
120.447
385.145
158.677
28.439
48.112
546.417
186.609
245.282
22.202
44.456
27.531
25.249
22.784
18.137
381.213
56.64
64.535
134.062
132.575
644.259
59.088
361.853
124.563
94.896
95.172
185.576
353.363
183.746
86.011
634.885
266.796
374.899
578.207
367.32
64.207
377.666
50.463
160.167
17.999
33.717
97.793
83.893
310.6
531.97
27.127
156.088
44.38
1007.422
67.392
50.504
125.208
36.009
54.538
114.725
36.886
184.576
18.871
40.208
19.092
16.922
191.559
41.911
559.692
450.759
429.929
370.055
251.306
21.275
287.5
23.485
158.931
28.713
391.125
260.782
233.632
219.742
179.336
27.11
560.704
50.171
71.113
67.539
39.744
44.094
265.073
370.487
26.611
504.179
99.238
718.617
184.2
20.62
23.089
206.069
27.691
165.333
77.53
300.249
1388.005
203.404
968.017
449.768
32.977
23.167
157.657
185.364
30.444
978.885
18.401
21.816
29.431
185.551
860.509
176.559
30.666
35.694
322.38
97.85
76.262
653.805
178.392
35.077
202.063
72.6
18.685
82.602
39.024
833.83
209.68
29.454
518.012
28.658
33.147
43.114
34.083
49.465
18.095
65.536
363.559
138.086
106.909
137.631
134.123
17.208
25.953
211.24
22.997
419.786
47.216
76.146
435.703
31.998
31.791
345.907
56.428
53.06
66.891
424.437
247.034
138.966
34.745
22.425
77.666
195.253
22.172
46.127
37.171
17.602
659.271
194.775
475.924
886.737
25.03
27.301
33.091
128.091
57.753
159.373
177.536
201.323
368.125
226.185
908.157
114.394
456.178
137.39
285.228
168.117
25.211
44.594
162.784
21.59
307.142
22.501
237.829
22.365
42.11
135.532
167.149
520.265
166.474
367.938
79.412
143.546
54.577
128.435
45.011
88.457
415.858
19.471
616.675
16.864
99.902
50.343
83.534
369.438
16.4
126.051
414.97
126.189
139.278
251.905
176.92
144.696
43.878
437.289
27.394
66.849
64.722
62.541
59.022
25.684
18.244
225.482
612.942
74.131
1549.335
277.23
25.315
23.573
34.909
39.642
63.54
46.909
840.949
165.41
176.584
54.937
65.845
20.727
23.335
249.879
97.171
79.914
558.238
871.727
21.087
88.717
19.38
17.219
307.301
155.872
30.721
65.885
419.093
18.851
46.793
163.092
35.468
21.365
125.316
32.793
268.273
16.104
21.209
477.401
684.114
204.305
173.879
21.87
96.807
23.495
222.768
35.196
69.073
57.546
16.92
100.634
56.448
60.744
44.601
119.002
55.807
582.912
443.623
877.338
171.423
17.812
218.119
212.148
20.043
54.076
142.942
72.782
21.519
35.567
36.822
69.036
148.296
289.864
24.169
72.641
30.503
102.631
256.805
193.671
67.12
207.578
150.008
15.822
99.159
42.906
101.165
108.887
17.703
467.634
109.793
164.024
28.403
164.867
344.283
704.807
25.265
357.449
38.888
432.732
26.081
383.827
74.79
116.09
551.603
100.676
166.445
264.955
173.474
499.957
37.673
429.555
27.077
17.511
19.627
694.274
92.898
479.434
500.787
651.71
462.628
259.733
65.884
61.307
75.923
27.539
84.754
374.532
28.58
173.765
17.593
83.76
165.208
22.071
62.943
134.301
22.804
752.726
167.623
228.238
1132.276
75.967
40.218
21.364
658.889
34.299
19.931
74.979
38.137
46.715
220.314
245.541
158.324
32.255
634.26
20.209
628.721
29.899
25.622
34.652
102.442
27.843
46.274
20.514
30.438
42.642
18.503
159.586
93.616
612.44
32.126
85.665
196.973
522.359
27.515
29.764
68.024
43.907
437.439
745.42
41.459
211.385
634.357
34.344
70.623
352.356
23.755
96.491
93.278
19.966
47.009
32.485
48.978
27.233
71.676
52.674
219.895
17.981
206.043
71.247
16.387
28.707
274.71
22.565
29.148
124.892
25.493
46.206
236.456
17.398
22.709
132.33
47.23
77.972
218.427
63.065
67.693
24.041
107.377
463.541
55.262
54.047
114.22
56.88
509.513
23.676
24.054
17.964
93.772
115.03
317.589
83.208
17.631
33.911
23.635
22.316
143.795
199.592
19.971
361.476
78.952
560.84
61.595
32.412
17.721
19.419
17.44
62.108
29.587
320.344
384.305
19.367
16.992
125.369
102.683
23.483
50.185
123.916
633.837
80.064
539.324
64.978
89.699
32.095
672.989
825.904
25.699
641.666
20.251
53.033
606.622
413.266
73.55
399.275
69.87
28.352
52.082
109.195
1072.985
154.487
74.293
144.596
34.029
753.55
44.299
76.072
65.556
38.894
110.293
32.051
450.952
16.898
77.608
42.321
200.13
29.142
198.73
75.802
129.044
172.805
154.648
185.038
725.122
99.533
382.031
167.512
43.858
120.498
289.124
112.372
87.013
313.2
52.755
27.516
29.609
1053.505
351.449
22.928
51.83
24.825
898.508
134.176
21.11
26.102
302.692
140.455
272.552
100.733
53.517
231.72
48.129
411.864
26.632
35.427
523.65
224.978
15.966
306.421
48.869
25.705
80.18
253.539
15.775
27.049
42.166
917.211
17.36
99.43
35.335
534.137
205.722
124.068
110.336
86.716
291.359
56.573
400.739
1656.688
62.594
122.569
36.189
29.524
46.757
25.266
568.919
52.073
22.86
63.367
22.155
72.937
147.574
323.174
272.773
32.633
142.134
297.22
1568.412
183.832
279.925
95.728
59.802
724.324
19.355
97.9
24.722
23.364
42.077
149.665
101.343
475.133
217.408
1090.969
985.64
15.602
144.71
32.085
27.737
207.243
91.712
81.003
361.382
74.824
993.491
156.16
33.587
40.224
49.769
37.002
51.813
360.046
345.109
22.558
72.736
20.472
18.157
35.66
66.906
387.851
111.728
294.221
115.454
483.643
121.671
22.537
51.628
32.636
133.659
48.93
22.399
490.503
53.832
584.231
258.836
32.686
126.771
75.447
15.113
34.927
263.796
29.884
129.098
25.586
218.107
41.525
18.046
28.066
184.84
27.284
76.553
30.915
36.332
1284.88
35.135
120.306
74.593
165.562
49.852
18.553
20.647
185.439
19.04
170.691
652.811
213.497
80.174
42.019
22.648
141.108
20.69
231.059
64.927
694.002
680.582
17.678
54.035
865.389
19.539
441.473
53.075
34.83
116.159
332.899
31.586
18.003
36.798
20.246
379.977
26.091
29.934
34.49
450.184
32.21
229.091
109.322
16.779
876.531
63.887
49.271
29.261
35.5
27.628
183.962
50.672
47.133
829.768
57.864
95.94
262.454
35.253
51.571
355.659
114.935
63.74
274.515
23.087
32.695
65.616
250.475
215.711
181.135
29.049
40.139
355.466
24.602
16.72
33.869
139.793
772.925
18.215
107.947
904.984
65.624
208.588
59.231
35.082
17.785
101.031
21.022
18.527
60.369
264.466
1013.088
20.17
156.224
411.646
15.627
257.919
19.625
81.897
37.523
50.879
695.212
1173.872
22.351
40.483
25.896
40.211
19.553
96.55
47.308
63.244
480.345
373.455
46.575
1145.664
70.914
319.635
623.364
161.39
46.515
20.758
26.381
27.191
53.699
149.749
41.413
69.458
155.594
36.871
579.812
20.564
156.098
980.636
39.722
15.946
75.281
76.809
255.75
18.779
71.88
28.906
553.625
56.307
24.94
47.807
42.272
50.88
88.988
21.643
73.437
34.486
35.372
276.952
29.842
91.46
16.317
47.196
24.453
449.243
96.145
613.778
22.669
120.119
60.831
18.201
109.793
200.642
293.577
26.296
36.167
16.849
25.104
46.775
29.168
836.614
444.183
76.531
20.321
164.224
171.936
139.974
237.935
169.506
486.878
238.468
59.324
28.448
132.988
41.174
82.213
66.535
395.287
18.058
41.736
764.032
19.456
28.141
31.335
732.558
355.372
23.463
673.124
146.192
23.911
19.762
268.738
44.947
25.928
27.425
90.84
91.924
555.113
206.47
1090.263
257.51
22.431
167.714
398.258
20.531
77.021
145.238
16.91
71.379
222.614
149.764
158.884
52.039
22.888
38.048
695.363
62.661
90.979
28.505
196.927
68.678
57.525
23.104
427.329
202.764
55.554
34.404
502.937
15.771
349.301
197.626
119.628
239.071
47.172
19.261
118.037
249.581
357.73
28.681
77.367
