233.383
245.566
81.845
520.635
50.705
38.405
45.124
45.082
22.726
448.63
28.942
24.899
17.158
17.772
33.524
78.97
188.346
77.014
15.695
26.339
155.719
27.322
128.352
39.53
23.139
48.273
71.789
33.547
27.862
17.459
16.585
81.121
56.947
37.93
72.366
64.271
82.18
354.718
50.399
16.413
16.102
38.287
250.091
141.615
27.944
164.009
114.753
20.61
927.578
36.366
26.395
413.937
454.539
24.756
28.883
20
44.864
217.096
435.018
53.935
118.834
389.28
159.661
27.451
48.666
572.469
183.533
202.744
21.979
44.796
23.998
23.919
25.647
19.1
382.416
58.954
60.219
130.721
115.131
649.872
58.019
368.535
123.178
96.198
75.268
184.504
331.619
184.003
86.372
636.167
261.966
378.137
579.32
366.715
62.816
383.292
51.868
159.561
17.273
33.86
89.895
84.468
233.911
499.723
26.583
156.81
45.602
997.298
62.93
48.063
126.141
38.707
49.074
114.126
39.267
146.128
18.505
42.598
16.611
16.264
166.729
42.902
560.791
447.186
429.023
344.391
245.466
19.546
268.28
26.024
159.731
27.339
394.196
261.517
226.617
185.883
141.629
25.764
558.221
48.137
69.533
61.22
37.703
43.554
226.966
373.07
22.946
503.039
96.383
716.77
185.082
20.468
25.231
176.851
25.972
138.449
77.318
237.795
1391.49
203.16
972.596
453.473
33.796
26.603
155.487
147.93
28.971
981.754
20.444
23.489
31.136
186.213
868.225
179.173
31.934
30.509
303.432
99.414
77.802
653.81
177.636
35.437
167.326
72.261
18.78
76.3
37.986
832.915
209.294
27.678
511.146
25.223
33.887
44.937
33.073
47.952
17.38
63.798
362.314
140.387
111.023
103.862
134.584
20.27
24.097
179.918
23.034
423.737
46.768
78.791
444.604
32.713
33.733
353.178
56.807
54.191
69.872
354.961
245.504
130.142
36.624
22.326
77.886
160.74
20.507
47.71
36.342
20.712
665.949
193.243
470.376
884.988
25.24
27.416
33.209
128.911
59.609
151.617
139.898
164.134
366.459
232.731
904.863
114.639
478.071
136.146
235.918
154.726
25.522
46.677
126.249
21.66
248.969
23.012
238.423
24.674
38.131
134.853
129.097
524.893
165.296
380.625
79.048
140.45
53.448
121.107
46.479
90.455
417.069
18.103
611.072
19.475
98.449
50.679
80.199
371.652
19.544
126.23
415.932
127.247
140.483
220.579
159.607
142.534
39.419
439.705
29.451
70.516
65.181
61.701
60.153
19.393
16.891
219.656
606.635
74.457
1544.71
259.833
20.306
22.912
36.054
42.224
61.287
49.4
838.38
167.357
137.126
57.289
64.52
19.318
20.327
212.283
79.788
81.794
566.676
870.893
22.357
91.436
20.915
18.106
239.074
150.025
26.811
64.812
417.247
17.474
45.161
162.674
36.218
22.448
127.134
31.273
223.152
16.622
22.637
481.344
681.868
203.042
134.254
22.858
95.883
24.758
197.692
37.644
57.236
58.233
18.006
102.443
54.103
55.162
42.898
117.575
54.662
591.43
448.101
875.324
171.151
16.836
171.77
174.481
20.094
54.124
124.434
72.284
18.396
39.953
36.649
68.271
146.631
241.665
23.193
67.446
29.879
101.476
220.551
178.575
67.874
186.745
118.418
16.473
98.36
45.187
97.541
109.97
20.322
463.321
109.726
161.699
24.112
164.902
344.938
708.762
27.6
361.093
38.306
435.343
25.756
386.79
75.217
116.312
559.632
98.115
165.12
257.704
166.877
497.658
37.951
433.276
27.144
19.303
17.415
692.947
89.517
497.605
498.934
652.559
464.523
250.595
64.143
59.751
78.735
29.053
85.422
371.687
30.064
178.089
17.969
81.162
146.601
19.323
66.568
104.783
21.842
751.859
168.313
181.745
1132.17
75.827
40.961
18.671
651.87
32.045
20.556
77.415
40.379
48.311
166.695
195.423
123.908
34.95
634.269
21.228
622.508
26.47
25.163
35.38
102.323
27.557
46.009
20.819
30.628
37.909
19.826
155.016
91.438
618.073
30.568
143.442
176.067
725.633
28.535
26.585
70.272
43.496
440.987
716.014
39.23
207.013
624.408
33.423
70.985
366.533
26.562
104.585
78.194
19.506
43.181
32.341
44.66
26.18
73.576
54.588
182.728
16.038
180.916
70.297
16.647
28.486
242.667
21.466
27.671
121.644
25.169
42.072
196.615
17.491
23.555
117.378
48.518
78.922
191.842
62.726
57.631
23.567
110.557
457.275
58.897
51.672
114.098
58.911
513.529
24.666
25.086
18.068
94.213
117.613
300.644
83.831
14.915
34.298
21.846
20.845
141.226
193.394
17.493
361.171
77.034
572.758
64.413
31.047
21.441
20.206
19.701
62.265
29.695
289.669
379.485
17.873
17.69
122.743
97.244
22.248
51.783
110.254
639.61
72.036
535.332
65.79
90.625
28.219
681.821
836.952
25.785
639.406
20.756
47.116
621.863
417.063
76.684
403.369
71.929
29.63
51.331
111.017
1071.821
155.487
71.957
121.642
32.212
757.879
46.161
76.203
63.696
39.414
82.657
30.618
456.335
17.415
78.422
43.378
156.849
30.762
172.979
77.34
108.239
174.936
153.27
175.631
716.128
97.45
380.979
165.535
42.176
93.881
240.026
98.327
83.886
257.682
47.932
29.949
31.872
1055.279
353.135
22.979
51.946
27.634
895.985
132.265
18.792
25.516
251.264
130.368
222.34
89.409
50.725
187.391
46.012
422.608
25.688
37.844
528.69
221.948
17.908
286.373
50.096
28.674
83.403
213.396
17.272
25.507
42.398
918.844
18.922
98.123
34.371
541.49
202.377
117.028
106.392
88.12
245.187
55.445
409.705
1653.292
64.749
122.313
39.44
29.627
47.313
19.948
568.191
49.365
22.975
63.717
20.348
73.833
118.53
254.342
250.418
32.726
147.115
234.195
1568.343
181.586
228.102
85.853
60.749
729.317
17.57
94.502
22.191
20.55
43.242
114.484
102.872
474.858
218.743
1108.87
983.689
17.2
144.917
32.553
27.101
168.251
87.961
72.831
378.909
71.601
1003.651
158.816
35.392
42.087
51.881
33.712
46.691
366.397
376.489
21.665
71.647
19.883
16.497
33.039
68.156
388.906
112.807
229.73
104.467
484.086
121.515
23.154
48.883
31.235
107.245
47.824
23.893
492.851
51.992
581.478
272.896
34.89
125.85
77.32
16.055
32.425
248.636
28.482
130.399
27.289
176.569
38.664
15.198
25.093
175.43
27.586
73.556
28.605
34.715
1209.948
34.441
116.531
71.25
133.157
47.465
16.053
16.555
146.822
17.725
168.481
651.448
216.74
80.267
33.598
22.588
141.653
19.306
190.611
67.148
691.192
677.253
19.175
54.109
863.514
22.997
444.762
53.34
35.484
113.63
269.965
25.263
21.358
38.596
22.35
386.095
28.819
33.372
32.68
454.209
31.793
225.536
90.945
15.616
875.134
65.538
48.902
28.5
39.283
28.956
145.749
52.431
46.266
843.027
56.851
95.692
201.362
38.233
53.081
357.473
114.488
66.382
217.52
21.757
32.754
62.52
204.263
212.884
150.413
29.757
37.323
357.619
24.399
17.684
33.732
139.598
764.849
18.054
109.461
900.979
65.387
210.59
46.623
34.561
19.727
101.528
22.623
18.443
58.936
242.854
1004.657
20.627
157.015
424.706
16.474
252.518
15.312
81.878
36.238
48.371
689.714
1207.241
24.454
39.725
27.014
37.849
16.035
98.45
50.57
48.836
480.071
371.308
44.41
1144.227
70.606
247.164
625.915
161.798
44.228
18.789
25.306
27.391
47.388
149.413
43.12
58.406
152.987
34.27
580.68
23.776
153.864
965.927
38.413
15.94
74.032
78.092
202.537
19.516
63.751
28.241
551.828
57.294
26.776
47.468
42.251
51.744
91.002
18.211
66.298
34.109
37.155
221.561
31.195
81.13
18.607
44.641
25.115
461.421
99.04
612.282
21.434
122.474
60.44
19.344
107.648
194.746
242.005
25.364
34.906
17.906
23.591
47.066
31.231
825.355
444.248
76.414
20.903
164.516
150.212
138.775
219.614
144.267
445.499
237.106
52.769
28.693
132.227
40.228
72.765
66.731
389.581
21.307
42.691
760.178
19.962
31.187
28.61
728.267
354.412
21.775
666.474
146.298
24.046
16.422
215.839
45.081
29.62
22.815
90.383
96.626
555.248
204.993
1087.413
257.226
20.016
170.554
396.33
16.803
76.878
149.453
16.138
57.45
222.488
147.155
124.862
51.745
23.227
36.695
696.868
65.928
88.244
31.734
157.664
69.034
56.878
23.387
426.848
206.848
53.632
24.693
507.849
19.457
370.527
195.727
94.522
191.323
48.939
18.896
113.426
197.244
366.102
29.727
79.286
