247.962
255.373
86.105
541.169
51.454
38.694
46.238
46.94
24.002
470.309
30.143
24.646
19.43
17.258
31.986
79.921
212.098
79.774
19.799
23.306
164.646
30.057
133.817
39.116
22.662
50.984
72.858
34.895
30.116
15.793
17.548
86.138
57.67
35.735
74.373
65.769
86.368
370.13
52.045
17.016
15.911
39.572
296.173
153.641
29.452
185.146
120.072
20.012
974.674
39.803
26.239
433.138
474.996
25.78
29.889
17.466
48.57
276.194
453.835
58.55
123.091
401.104
167.118
26.84
51.54
566.058
196.098
224.152
23.063
48.091
24.6
24.817
22.48
20.028
397.535
59.122
65.552
136.233
119.028
682.187
61.31
391.286
131.841
99.584
90.807
193.648
380.584
191.221
97.648
664.989
277.838
395.919
601.128
382.068
67.073
398.487
56.118
170.845
17.431
31.932
90.984
88.309
261.833
523.892
26.618
165.796
47.148
1043.697
66.923
54.618
132.801
38.001
51.769
121.288
37.643
164.332
17.185
39.507
18.297
17.895
179.353
44.175
581.934
467.487
452.42
381.171
256.869
22.77
282.76
23.958
171.989
27.06
409.608
275.184
241.461
196.229
152.239
27.434
584.165
48.933
71.591
64.633
41.568
45.248
239.518
385.605
25.102
532.788
102.994
753.684
197.055
21.324
26.688
189.349
27.281
143.968
81.83
256.088
1456.5
217.696
1013.993
469.728
35.474
23.533
164.313
155.409
29.685
1040.305
18.126
24.56
31.304
195.739
901.921
187.214
33.455
31.834
315.908
100.389
82.27
676.89
189.5
36.257
175.72
78.366
20.841
81.283
39.295
885.054
237.555
26.558
542.708
27.413
34.85
44.522
35.825
53.249
16.307
67.617
382.937
148.034
113.198
128.597
144.426
20.477
22.95
188.584
21.642
442.841
47.301
81.94
458.687
34.923
34.674
363.991
60.62
57.114
71.338
367.117
260.447
138.143
36.819
24.09
78.052
171.416
21.173
49.554
38.766
20.877
691.747
201.975
495.556
927.902
21.931
31.083
34.132
139.999
62.539
157.439
172.99
172.294
385.173
244.819
952.247
121.449
490.85
144.844
272.867
163.456
28.018
48.359
131.526
24.724
261.877
20.986
250.463
25.695
40.798
143.318
161.666
543.748
177.985
392.5
81.938
147.045
58.197
129.01
48.835
92.847
441.863
18.759
639.487
19.105
105.124
52.492
87.136
386.75
16.496
132.271
427.314
133.403
144.349
232.46
155.49
150.641
40.65
453.403
28.946
70.752
72.462
63.533
61.832
26.575
17.238
232.476
638.523
75.864
1619.096
275.628
20.727
22.75
36.024
40.796
65.807
51.762
878.993
174.8
173.892
56.25
66.095
19.155
24.044
227.797
87.415
84.709
591.098
915.131
22.944
96.614
20.675
18.412
268.657
156.147
30.407
67.394
431.19
20.654
46.542
172.752
36.01
24.53
129.431
33.424
270.985
18.017
23.133
498.5
724.753
212.63
145.551
23.146
100.948
27.942
210.37
37.511
58.361
58.024
17.189
106.983
57.281
59.495
43.432
125.076
55.859
609.302
466.286
939.132
182.682
17.664
179.247
189.28
22.214
57.178
132.853
74.101
20.495
36.939
37.428
70.924
154.661
251.054
22.462
72.008
29.125
104.552
235.623
186.999
70.014
193.933
122.865
17.162
104.213
43.235
99.998
113.266
20.565
479.739
115.745
169.828
24.456
173.803
360.985
738.013
25.1
388.805
39.45
451.466
23.198
403.909
76.646
122.694
584.227
99.284
178.549
271.789
175.726
521.223
39.426
453.781
27.385
17.046
19.677
724.561
94.956
516.654
525.686
681.313
486.488
270.772
70.841
62.217
79.538
28.868
88.689
389.945
29.587
183.113
17.924
83.803
154.224
21.58
64.796
117.223
20.505
790.448
175.568
203.987
1187.371
79.906
40.337
20.683
683.855
32.283
20.03
80.193
41.864
49.537
176.92
203.587
128.779
34.248
663.103
21.186
646.156
29.074
28.541
36.817
108.464
31.182
49.869
23.106
30.783
56.26
17.976
161.07
95.924
635.28
31.873
112.783
209.025
591.302
29.362
29.15
72.474
43.802
458.849
749.352
39.94
215.416
645.856
34.653
84.818
375.469
23.783
110.204
95.592
21.69
48.52
29.632
45.514
26.348
74.596
53.218
210.086
17.711
187.433
73.738
16.333
28.254
258.088
22.258
26.956
129.531
26.066
45.758
205.996
16.752
22.323
127.115
51.215
81.514
202.972
64.349
63.878
28.221
109.812
482.389
58.425
56.472
118.787
60.28
531.205
21.507
21.882
20.128
96.154
119.471
319.118
88.881
18.998
34.871
24.316
22.697
149.747
210.448
18.952
372.866
80.391
592.626
65.868
35.632
20.502
22.509
19.576
66.42
31.417
303.888
393.765
16.752
16.573
131.101
106.783
25.456
54.416
118.432
658.951
76.982
560.985
68.116
95.375
30.129
704.227
876.943
25.349
676.005
22.217
49.188
635.858
436.534
81.07
421.582
75.603
31.539
53.868
114.65
1125.96
166.475
75.836
127.364
35.87
789.256
48.677
79.861
67.458
40.89
101.263
34.517
484.316
18.928
80.472
46.325
198.077
29.389
179.535
76.888
111.698
181.169
162.909
183.37
750.754
104.52
399.895
174.346
42.278
119.601
251.681
103.956
90.345
270.885
50.066
28.883
31.05
1104.416
368.543
23.265
52.493
27.27
938.513
143.153
18.096
26.327
252.075
137.968
270.227
92.356
52.207
210.092
49.613
431.014
26.303
35.463
552.598
234.289
16.52
300.837
50.183
26.17
86.923
240.647
15.514
25.865
43.87
962.525
15.604
106.224
33.927
563.091
214.833
137.707
113.257
89.951
282.379
53.921
418.822
1757.029
69.553
126.388
38.044
29.521
49.602
20.776
596.156
52.105
19.794
64.676
22.156
74.842
131.342
268.831
264.23
33.255
143.917
271.014
1652.127
191.933
242.475
89.265
60.311
763.132
18.87
102.172
23.941
22.738
46.098
144.064
106.155
496.201
226.745
1141.879
1032.438
16.572
152.424
35.267
28.596
186.036
94.083
73.712
379.238
77.65
1040.56
165.038
34.135
45.53
50.568
32.313
50.204
375.684
367.09
24.94
76.148
19.877
17.154
37.904
67.346
407.36
117.414
276.935
105.839
506.305
126.407
23.701
50.638
30.373
132.212
48.614
24.548
515.002
55.481
607.643
275.285
32.324
134.615
80.074
15.369
36.593
260.175
29.485
135.982
24.302
215.188
44.096
15.34
28.519
184.692
28.131
76.725
30.781
38.284
1281.171
32.561
124.783
74.49
138.112
47.052
19.534
19.575
155.331
19.005
178.271
687.867
230.495
85.711
36.123
23.763
150.836
19.418
193.785
68.417
714.989
710.096
19.035
57.624
907.501
20.488
465.629
57.693
38.053
119.986
290.771
28.337
19.647
38.788
21.918
402.697
27.009
31.361
37.621
471.825
33.61
241.996
96.199
17.964
914.294
69.438
51.75
30.818
39.559
29.716
164.359
52.397
51.154
875.231
59.928
104.326
231.11
37.91
53.67
371.64
119.1
68.277
235.267
22.065
33.89
65.825
217.063
224.07
152.138
28.982
39.969
373.033
22.714
20.328
35.826
147.388
801.08
17.889
114.297
943.523
70.361
222.032
50.632
35.239
17.604
103.384
24.193
18.705
62.982
257.158
1055.875
18.719
162.983
443.266
16.179
266.539
16.058
87.585
37.859
49.641
729.129
1235.801
22.989
41.118
27.79
39.371
19.77
101.823
52.019
58.958
502.99
388.905
47.874
1200.418
72.4
311.485
654.549
174.163
45.251
21.87
24.731
27.027
50.102
160.198
42.774
58.094
161.527
35.464
605.935
23.153
159.75
1036.352
41.74
18.811
77.494
81.93
212.135
19.011
72.494
28.55
577.759
62.536
27.723
51.663
43.44
53.442
96.144
19.626
66.259
35.627
36.955
263.297
30.656
84.463
18.694
48.553
27.812
482.011
103.022
641.065
21.149
126.547
63.98
15.761
111.261
208.957
256.212
27.047
35.712
19.532
24.158
52.529
32.878
858.824
464.05
81.523
22.995
175.913
157.74
149.372
230.037
152.728
468.583
251.601
59.081
29.785
142.153
42.459
77.997
66.515
411.773
18.634
45.74
798.495
21.978
29.466
30.753
775.425
373.57
24.029
698.591
156.088
24.89
20.982
225.687
46.629
24.839
24.384
92.428
98.238
581.246
216.713
1144.522
274.412
20.535
176.715
413.761
18.809
79.626
152.958
16.828
61.295
231.584
153.79
135.785
54.29
26.153
38.464
730.808
65.468
92.131
31.885
181.171
70.985
56.616
21.07
447.716
215.139
55.338
23.563
522.896
17.043
340.545
209.015
121.303
201.637
48.515
19.833
121.445
229.981
375.117
30.075
84.175
