301.888
310.008
101.744
504.231
60.346
48.176
52.608
56.312
30.619
443.929
36.778
29.431
20.901
22.581
34.515
92.736
941.679
977.061
176.783
222.63
2232.567
296.536
521.075
239.533
365.547
237.314
303.517
261.298
385.611
176.099
180.245
1633.618
278.066
372.847
787.332
286.711
346.756
2232.313
463.046
196.873
181.36
236.616
4011.581
959.553
264.472
600.544
850.306
256.817
1984.241
437.76
230.407
1305.523
1724.081
263.791
219.764
190.465
351.501
800.774
2576.409
324.155
405.999
768.999
567.708
250.329
293.917
1023.893
605.392
625.301
246.715
256.547
331.2
72.077
35.672
21.783
648.257
195.755
146.27
294.206
288.537
1186.318
332.682
674.629
366.393
255.02
153.465
686.934
1097.063
538.308
193.221
1083.51
580.324
763.487
919.961
1227.518
447.02
662.623
204.638
331.553
30.329
388.565
123.983
137.609
413.352
756.89
69.449
391.967
146.053
1587.6
225.944
61.736
262.059
62.949
87.522
265.53
67.515
314.769
94.757
59.741
30.541
21.791
312.264
370.516
872.48
990.518
781.497
586.259
552.349
144.641
531.41
108.8
351.673
119.23
637.522
639.926
607.016
418.784
205.053
108.451
937.51
107.389
164.118
254.176
84.648
158.413
538.84
566.611
33.718
840.217
197.17
1220.888
481.183
100.636
41.14
360.167
147.912
359.528
227.606
627.229
1988.347
495.008
1495.048
573.119
142.814
104.842
381.999
370.428
97.871
1519.41
35.467
33.076
74.223
580.766
1722.83
592.017
177.73
224.255
698.471
446.566
300.67
1107.859
636.085
145.613
566.57
399.004
34.748
322.819
121.562
1366.508
717.711
112.749
940.341
117.165
130.316
79.06
214.428
116.529
250.417
286.584
770.731
560.237
267.865
160.761
310.252
22.431
39.582
402.029
27.475
577.056
182.378
249.047
618.421
251.871
128.17
487.314
225.301
122.033
219.359
548.688
653.555
315.653
50.243
56.382
112.05
335.971
21.747
174.325
81.147
73.938
1154.562
398.665
894.187
1368.664
116.986
51.488
80.595
250.822
214.759
333.412
276.995
420.825
831.913
473.415
1322.605
324.263
594.249
285.45
539.104
442.652
134.795
56.376
244.217
62.96
544.31
100.809
461.472
112.048
162.23
214.734
193.878
953.291
343.014
559.817
213.851
303.214
208.081
281.626
90.646
112.683
813.111
90.631
1060.227
93.481
123.91
154.317
136.299
614.549
98.959
286.919
680.549
248.327
340.589
436.961
268.285
352.919
126.86
701.157
115.153
131.483
155.664
119.736
96.243
110.617
34.433
504.816
1117.294
179.292
2548.985
590.159
35.191
58.583
40.822
101.916
141.061
58.153
1289.355
386.692
385.069
71.326
207.256
43.271
24.166
503.596
146.001
188.243
1014.813
1338.552
34.837
195.036
28.387
27.506
475.185
328.783
75.135
125.343
582.931
19.684
108.01
390.674
40.64
100.124
206.897
66.065
466.611
89.969
143.349
785.782
1129.356
464.087
325.436
43.343
154.848
37.713
256.582
127.179
133.483
75.601
24.548
317.237
69.313
152.692
208.243
256.871
84.976
1057.499
778.919
1699.611
525.412
89.561
211.575
373.914
100.612
66.005
452.091
233.49
26.571
97.346
75.334
90.463
222.568
549.073
121.878
151.164
38.553
196.629
497.771
361.558
407.668
358.52
303.586
21.614
188.697
108.544
186.817
232.984
40.578
760.544
300.044
323.227
139.389
430.426
598.97
910.43
126.261
616.707
107.467
579.434
35.656
662.704
238.621
182.084
781.176
387.09
314.855
549.568
366.052
822.393
128.879
538.35
101.63
44.684
40.593
1130.018
249.938
818.725
711.031
945.959
718.564
560.466
174.248
174.886
140.558
99.776
184.802
515.196
36.966
406.813
96.392
129.32
186.995
23.517
378.06
168.329
96.746
1689.602
422.593
328.824
1718.658
207.662
46.438
107.355
1172.122
260.874
26.253
317.302
80.353
128.459
360.329
363.982
298.405
94.774
994.475
159.991
1019.522
247.598
65.048
48.542
230.642
34.062
137.859
31.991
164.164
47.161
95.277
228.768
232.42
894.463
136.606
166.097
383.165
894.891
31.723
127.148
95.178
90.617
775.841
1203.523
171.307
523.84
836.881
141.538
125.381
686.502
108.861
307.326
188.985
129.438
101.803
61.814
93.95
74.489
89.562
254.394
373.306
93.663
347.249
223.788
21.165
69.733
350.053
100.832
84.278
240.946
41.957
115.148
276.7
21.29
113.019
216.603
100.944
158.752
373.326
165.627
167.102
104.204
228.698
830.315
216.29
254.661
266.32
130.692
831.835
58.411
91.521
40.04
216.171
238.005
666.482
242.355
21.768
136.106
28.201
119.906
292.511
418.539
125.63
431.532
140.149
818.249
113.74
71.665
25.631
28.499
40.264
135.3
224.249
580.01
661.422
93.25
49.005
335.798
199.146
33.868
61.205
289.659
758.29
203.21
1163.327
254.835
262.503
50.443
1382.891
1237.427
164.179
1131.379
108.631
93.617
1050.207
726.388
244.265
549.313
90.347
122.617
97.291
187.123
1374.243
489.264
252.186
226.933
66.863
1420.043
315.921
241.551
153.504
82.566
278.403
38.006
868.724
22.271
156.161
93.851
331.018
131.608
339.248
90.275
290.735
382.351
168.335
300.157
1078.791
228.344
552.164
379.872
168.188
168.066
503.052
128.351
394.039
581.031
178.235
99.037
88.939
1414.216
636.117
115.544
95.366
54.392
1423.907
411.082
28.434
47.085
342.378
413.345
527.92
253.243
95.207
347.42
179.957
721.111
118.774
131.202
779.817
410.269
92.457
433.779
244.016
38.198
180.519
373.14
92.173
146.917
136.809
1454.12
111.029
222.606
143.712
868.564
418.239
340.642
235.364
185.854
404.249
239.569
705.563
2384.322
77.116
151.316
240.702
221.918
82.377
50.983
826.498
183.349
33.065
76.25
31.278
181.871
256.524
532.685
493.568
115.099
185.313
551.449
2599.637
454.513
401.228
259.434
125.836
1134.417
95.466
165.914
33.675
46.242
59.919
215.306
260.207
553.625
524.88
2040.711
1650.949
100.342
218.991
120.492
110.608
274.197
135.791
122.82
457.597
154.347
1434.324
552.284
43.274
170.324
95.212
83.958
179.86
384.137
550.081
28.418
230.763
33.427
21.026
95.427
140.447
524.068
147.768
352.892
271.983
796.029
394.448
142.91
171.503
47.045
166.965
125.791
44.977
817.391
69.859
892.267
462.011
123.487
226.22
126.347
21.263
136.995
449.442
146.312
238.405
30.972
372.42
152.688
20.404
161.436
290.864
43.962
166.044
35.78
171.22
1926.471
80.232
382.659
132.839
300.667
59.251
26.915
24.31
263.446
94.925
320.87
962.689
412.497
168.726
89.817
78.882
208.845
49.585
316.39
185.721
959.656
797.267
105.138
117.101
1283.155
24.589
748.999
159.278
49.628
219.554
558.158
28.928
97.451
147.148
41.705
539.697
131.702
50.559
60.528
588.629
38.112
467.11
544.463
29.292
1292.819
95.054
95.999
32.701
208.737
98.58
245.15
81.135
98.611
1127.177
172.054
161.545
443.694
66.605
107.479
556.091
231.751
120.125
468.275
122.564
61.148
106.217
334.14
392.197
334.955
115.035
74.984
584.491
129.157
26.672
95.992
233.862
1070.315
101.879
202.39
1304.603
215.692
335.611
241.701
65.138
20.519
264.529
32.9
29.564
161.817
308.867
1474.989
26.392
323.313
575.73
39.511
396.788
93.664
187.645
74.199
176.223
721.392
1875.728
122.686
64.943
29.086
200.498
37.539
331.949
78.082
84.051
790.713
468.967
217.016
1435.485
233.195
396.096
833.958
327.855
185.389
25.588
34.03
112.475
58.296
378.682
170.617
108.495
236.203
46.623
857.273
118.504
317.213
1446.381
169.378
21.209
146.779
131.99
406.893
25.356
120.781
50.804
761.036
210.241
104.606
90.396
53.462
181.419
128.476
37.525
222.171
59.54
179.618
279.861
203.105
129.325
54.858
80.634
35.299
657.526
241.002
773.602
208.878
220.253
97.685
23.138
190.412
478.155
429.263
76.109
53.697
24.952
35.761
59.3
111.331
1209.507
753.541
219.925
87.031
463.515
333.503
169.715
460.588
307.647
725.957
543.024
107.709
194.056
168.407
152.129
127.131
83.125
474.985
21.93
206.746
983.824
97.131
91.559
59.083
1084.054
487.848
100.211
799.192
220.311
101.743
31.331
409.545
168.857
27.26
31.289
326.959
211.85
790.569
392.537
1672.358
463.456
47.998
335.142
490.155
38.414
92.645
259.759
91.654
89.966
368.983
257.082
260.597
63.604
110.945
101.292
826.699
201.489
173.871
49.939
328.997
228.06
134.507
30.82
680.052
456.126
125.808
44.556
575.386
95.044
612.045
470.498
202.162
462.989
68.331
31.809
190.497
421.913
637.75
38.589
218.919
