685
277
978
169
217
254
120
442
469
322
451
504
289
406
268
537
195
138
55
454
211
58
162
46
295
314
128
94
136
40
351
367
316
150
88
196
55
61
132
200
38
51
663
86
150
222
118
29
304
104
40
40
154
76
46
40
30
40
161
80
50
65
113
74
84
121
64
288
201
351
433
48
461
107
503
54
52
329
118
206
42
52
233
111
87
140
66
70
164
175
55
166
48
42
29
70
51
91
22
941
673
225
404
292
1796
200
546
146
79
47
393
1369
384
96
283
457
1401
119
89
118
119
151
1124
359
75
163
1232
112
129
130
294
131
121
198
82
350
40
11
256
143
88
37
383
30
228
503
93
90
97
1335
1154
315
196
103
99
148
218
123
113
144
208
99
1754
187
30
64
40
90
76
202
56
86
51
182
275
94
98
146
377
37
90
50
80
72
96
286
2205
177
542
183
34
163
87
35
123
140
31
174
42
118
699
876
404
393
355
262
114
202
312
79
435
740
505
458
95
597
126
219
166
109
553
83
27
385
99
295
100
249
84
503
486
129
74
90
45
69
170
48
155
193
131
70
946
150
41
396
11
123
45
184
57
209
151
90
139
169
25
81
50
46
109
26
240
266
28
153
49
123
63
101
53
49
43
723
159
167
30
38
43
181
45
26
151
346
39
678
75
75
117
89
152
64
171
68
237
96
93
48
47
173
94
392
324
655
106
94
137
116
1043
367
257
167
225
588
312
127
380
155
170
159
31
70
22
115
153
146
226
229
174
643
293
118
62
690
607
271
26
12
131
223
139
165
90
27
73
144
206
412
96
55
74
77
176
143
125
208
188
503
101
39
182
38
261
256
90
51
85
591
54
131
34
48
26
65
566
34
43
27
52
900
564
88
57
183
123
97
219
108
24
90
178
336
245
540
73
104
71
69
741
26
86
68
497
150
543
575
646
161
330
457
99
93
221
1461
28
823
49
3613
454
165
56
75
189
110
36
185
280
254
497
93
252
855
142
224
30
637
598
178
128
141
129
179
78
45
60
85
40
77
69
129
206
89
51
731
114
250
163
259
37
50
61
238
531
67
122
322
30
103
159
1511
50
23
625
83
99
41
52
442
51
62
36
46
303
78
74
162
197
54
102
284
24
131
66
51
119
221
55
30
80
13
130
135
146
429
62
379
212
70
287
375
400
129
230
129
607
121
39
649
719
85
423
116
240
102
745
278
111
30
139
480
176
62
174
100
397
1595
96
197
385
45
44
144
50
220
159
131
96
211
102
18
26
175
52
216
78
549
50
48
76
385
128
78
26
96
125
110
82
54
73
103
77
276
217
369
66
467
50
100
153
124
91
40
103
90
268
190
24
60
36
22
107
36
107
87
94
149
48
53
37
336
67
99
422
1772
457
223
281
265
397
726
137
52
102
181
160
211
30
255
538
95
194
98
33
503
707
123
173
135
1498
43
205
221
107
114
78
59
39
238
246
70
108
61
185
70
36
736
169
36
204
321
99
66
48
89
51
90
503
163
194
23
29
99
29
94
421
94
212
258
381
229
23
102
74
47
54
63
45
65
56
76
65
34
43
640
39
60
72
610
88
48
26
33
7
23
199
81
569
43
90
60
48
166
109
83
503
210
735
915
732
232
284
117
158
89
177
50
284
174
64
89
241
51
140
631
89
28
105
123
128
97
80
27
52
86
317
229
522
486
173
52
27
432
132
634
62
167
49
1327
98
54
40
172
241
116
53
80
108
107
60
93
32
70
38
138
93
25
107
76
60
74
44
128
308
47
178
212
333
46
95
67
29
443
579
101
192
566
163
36
43
242
23
176
110
57
168
70
66
172
145
29
24
45
41
308
457
295
341
69
390
120
64
314
478
202
198
85
254
201
309
65
731
369
91
375
173
69
173
31
74
172
798
42
41
298
175
204
53
131
73
181
62
63
503
66
162
637
61
37
127
232
28
181
26
266
61
89
32
65
46
133
186
307
49
49
186
61
81
199
367
66
60
339
49
59
48
503
30
933
30
46
110
84
79
52
36
1
162
36
48
76
93
90
35
26
32
29
117
188
37
59
302
169
52
53
78
124
998
112
387
512
130
127
94
227
122
126
48
912
233
68
61
392
59
1051
557
374
29
473
50
35
637
501
123
315
458
137
105
181
98
501
186
41
26
166
41
59
764
49
141
600
292
269
69
188
54
181
53
38
241
80
65
77
55
46
680
297
242
69
164
206
39
148
147
85
164
106
100
82
367
74
197
178
93
167
42
33
16
53
35
461
391
301
54
392
112
391
183
83
124
462
290
55
63
81
24
1549
265
41
112
171
96
432
456
691
165
196
758
402
45
52
11
223
998
224
172
247
356
101
110
331
53
53
49
230
55
40
91
91
45
52
107
36
310
52
61
350
217
381
165
36
235
89
394
95
32
85
578
202
58
27
180
145
66
45
209
50
30
22
36
647
687
225
177
36
135
827
150
43
141
161
95
48
120
49
171
43
41
88
189
54
167
25
229
59
54
44
50
41
22
59
24
23
48
346
25
82
131
1382
446
123
1871
623
809
291
182
295
285
255
214
146
116
131
72
159
335
82
87
148
67
35
294
141
122
45
351
48
20
165
214
54
91
94
80
703
196
123
1020
185
72
25
59
81
245
44
54
68
109
178
51
95
187
69
56
43
36
28
52
296
54
66
40
111
33
93
116
747
176
48
381
342
647
27
125
26
30
28
82
255
49
107
29
211
39
101
268
46
353
41
36
582
152
119
122
68
273
27
295
129
230
151
166
141
145
74
115
538
273
686
120
764
130
101
70
330
44
234
52
51
283
183
120
161
96
124
65
60
75
203
53
43
94
22
29
195
245
36
103
35
94
26
54
38
251
251
111
61
91
25
86
53
78
43
503
36
97
86
27
67
215
319
92
25
416
80
17
65
80
30
566
167
65
443
195
51
35
171
325
37
170
51
53
79
19
40
64
154
191
39
72
36
66
53
19
36
53
55
457
171
215
99
173
62
442
78
416
330
318
75
222
279
53
206
581
231
63
276
159
247
165
111
231
86
112
89
298
62
171
75
28
89
150
119
320
48
49
131
48
28
43
95
443
90
46
35
485
58
184
347
29
63
47
190
53
46
64
1533
55
45
20
69
112
25
34
52
78
103
81
63
151
29
201
553
84
32
107
13
48
292
215
47
43
141
73
51
582
242
65
76
6
42
291
49
206
163
31
429
90
37
289
167
225
153
374
95
56
59
135
152
1688
160
45
2241
129
171
180
152
52
166
394
143
90
32
52
101
140
189
135
301
96
600
711
2468
25
596
30
176
321
197
101
105
182
169
78
92
187
41
29
33
25
67
103
57
176
256
12
42
82
105
61
91
311
337
181
306
35
31
60
25
222
67
39
26
100
28
65
232
69
181
68
242
82
50
82
48
52
168
220
52
151
3
151
114
174
27
32
87
54
932
53
78
436
358
237
123
362
649
117
468
260
779
45
130
79
368
729
56
36
575
257
119
192
49
70
61
149
36
217
209
32
322
503
53
42
50
61
28
122
579
162
241
469
179
184
71
184
111
34
31
230
232
169
72
50
70
200
66
150
56
35
405
248
1771
48
124
22
23
80
156
77
53
185
48
179
22
182
76
31
46
19
151
38
11
24
75
112
117
102
48
92
29
319
157
35
174
39
222
136
73
46
241
734
138
116
231
79
69
248
310
702
246
182
223
55
289
328
382
526
360
85
37
93
100
174
75
292
54
505
215
42
201
297
60
43
57
49
25
626
169
592
172
152
52
304
71
169
30
126
146
154
387
33
45
74
42
47
54
171
45
77
132
125
240
107
74
47
28
98
150
260
31
39
150
177
101
25
2195
29
30
43
246
77
503
82
51
29
47
37
52
79
85
25
42
23
63
55
32
10
42
62
8
102
26
163
57
512
93
83
75
170
31
108
137
51
157
77
86
293
261
140
52
48
57
46
184
38
173
36
118
50
135
79
1113
60
46
277
31
24
84
42
25
45
62
654
53
125
28
122
35
89
68
185
36
27
52
90
209
272
44
689
32
65
51
59
71
16
48
153
49
320
56
64
110
63
66
45
55
555
65
45
145
24
36
50
45
26
36
39
197
701
44
53
62
91
70
52
21
187
38
35
272
1164
111
217
431
168
503
164
279
137
26
163
41
88
21
439
356
108
326
166
273
352
35
52
75
46
25
68
64
24
112
44
79
94
45
29
29
190
108
18
70
47
49
56
74
30
81
603
122
170
84
59
52
30
84
131
335
91
633
99
113
1708
38
348
141
225
114
33
33
167
53
164
90
139
376
232
101
76
42
31
153
74
40
57
400
44
149
122
35
138
493
191
91
170
88
45
290
78
116
49
21
107
832
233
142
1010
257
1780
58
2905
419
354
291
776
1137
177
119
394
103
117
51
357
122
81
250
29
185
85
208
115
86
57
33
52
40
52
51
47
109
126
61
57
188
92
23
41
132
198
156
21
120
377
27
88
26
163
30
409
217
34
275
60
88
195
367
452
11
161
377
60
27
54
23
36
323
112
176
25
29
30
1781
82
78
53
153
29
274
51
185
437
57
174
566
68
49
80
66
98
70
267
593
331
110
37
159
154
153
196
146
59
125
93
367
152
289
55
208
572
443
169
577
104
140
150
112
30
42
34
247
139
152
99
198
49
603
28
62
71
50
65
68
63
71
29
27
222
154
24
90
454
32
217
170
57
42
30
4
37
63
52
438
30
23
46
56
51
27
612
51
100
51
30
29
15
24
29
210
49
233
42
67
159
152
135
630
34
64
377
175
46
168
52
27
182
63
121
51
237
103
100
97
754
75
174
52
127
339
195
102
92
48
189
175
27
176
174
242
63
180
412
143
57
241
43
56
100
140
179
34
126
48
338
833
121
50
156
131
232
48
746
28
68
229
151
71
54
52
89
72
55
55
137
162
43
162
189
70
144
29
166
79
28
43
122
313
132
44
121
385
44
63
163
72
51
188
35
217
148
54
47
68
37
51
44
55
43
21
84
45
388
503
993
75
561
141
64
51
54
81
69
24
37
36
156
114
90
94
82
54
41
56
266
43
60
70
63
60
425
64
67
274
29
216
76
50
340
121
127
98
673
75
68
32
197
88
41
156
43
146
18
32
48
680
22
27
52
53
140
57
35
160
66
3
21
53
36
94
67
28
45
97
328
41
3
270
76
44
85
27
67
60
179
100
165
100
49
45
68
48
46
152
323
28
60
58
55
48
51
50
54
183
51
46
173
64
28
34
286
31
49
167
65
126
155
233
58
236
90
175
214
171
507
416
350
168
367
192
32
265
148
3
49
376
312
41
97
70
173
320
23
233
116
418
52
160
352
29
50
48
141
28
106
665
503
111
45
229
3
6
136
49
87
57
43
40
53
172
64
23
51
694
97
214
340
62
103
29
82
150
41
166
107
26
34
49
31
163
126
46
89
438
105
310
119
79
75
166
686
228
73
45
24
28
163
27
36
72
43
189
64
86
103
97
81
110
175
34
56
125
184
400
425
52
72
126
57
34
81
369
163
73
327
93
29
93
30
227
27
99
37
38
36
209
122
64
113
192
63
111
167
39
26
170
104
142
187
44
60
152
89
106
220
139
145
180
112
154
91
43
51
204
67
152
25
27
115
82
42
79
79
28
22
385
95
37
1115
355
77
44
89
1303
83
41
160
792
143
28
97
116
54
88
540
98
65
1
645
27
72
569
177
44
84
24
93
582
26
496
40
152
69
435
126
91
134
207
131
66
90
916
256
129
254
57
156
284
148
187
57
178
120
51
168
26
28
229
30
31
31
52
23
228
91
269
21
28
6
107
33
24
109
43
60
26
49
44
470
31
297
79
346
85
35
48
28
46
124
28
237
43
22
54
66
10
121
30
36
141
29
148
34
41
118
51
114
231
30
58
39
115
46
75
54
23
52
57
32
100
35
83
50
158
87
190
91
746
46
35
208
142
70
1180
120
108
393
378
901
198
430
111
460
164
51
478
176
70
32
242
69
43
217
54
77
89
101
106
99
55
220
98
46
52
57
59
88
45
42
79
45
80
58
44
157
201
75
64
84
44
313
2301
199
185
201
2103
27
49
8
27
114
81
62
289
31
45
32
33
43
766
39
79
86
52
39
58
169
332
272
77
48
40
428
23
74
79
47
46
36
72
120
169
35
73
68
88
195
325
78
187
122
93
116
101
127
246
58
258
189
216
81
396
237
79
221
114
40
55
103
100
325
147
80
121
40
35
52
39
68
53
248
24
42
100
39
379
199
58
110
53
67
217
34
38
32
45
34
74
34
69
23
23
31
181
377
121
43
186
186
372
546
35
48
45
55
148
48
155
182
21
50
223
42
225
591
93
6
30
40
54
443
28
40
84
169
59
267
503
52
42
60
35
87
49
51
171
37
429
363
56
105
28
156
80
261
468
299
233
128
528
113
904
319
25
124
34
73
489
298
89
106
593
59
79
176
146
48
113
43
101
112
206
190
40
107
54
151
28
67
68
230
140
50
181
36
368
54
105
30
65
29
47
4
59
158
39
40
119
187
171
58
120
49
413
99
122
76
54
90
29
636
33
159
36
324
52
57
23
101
236
157
55
42
151
52
65
78
67
51
340
98
41
62
66
30
255
55
174
472
107
61
34
142
74
33
42
108
23
129
261
34
30
39
273
56
149
68
58
69
31
82
206
93
242
55
27
168
46
625
125
198
211
75
66
52
160
110
85
56
121
69
107
163
79
35
84
64
134
88
25
236
36
114
30
185
1
66
78
170
65
125
69
1388
53
34
368
103
176
55
118
142
65
10
651
87
43
232
72
303
77
46
35
109
27
48
123
26
129
57
55
199
65
66
67
31
54
52
2101
65
30
62
119
171
50
143
113
322
159
25
51
84
80
169
108
86
329
399
25
30
91
51
64
672
53
23
141
238
277
877
25
50
184
175
147
72
124
98
63
40
228
503
75
665
165
74
146
53
423
34
958
38
91
41
148
2
114
87
328
852
82
3
170
49
109
93
99
65
26
21
178
94
77
4
35
139
130
95
30
53
100
61
136
44
56
40
43
28
46
86
76
63
109
97
74
84
693
120
30
165
99
209
36
76
56
490
392
80
86
157
73
76
42
118
198
106
85
176
234
59
46
54
682
34
739
98
143
83
28
50
1801
50
29
51
43
198
95
25
22
55
34
99
92
76
258
47
347
40
42
70
196
37
503
109
43
45
2
36
15
50
148
196
94
27
45
34
575
61
53
49
61
68
167
44
29
78
376
24
48
53
29
50
35
107
49
34
36
503
175
192
145
37
234
50
45
277
27
82
302
193
145
1222
218
61
26
318
154
48
43
113
1687
37
163
28
27
72
53
96
241
25
74
381
28
40
37
80
368
55
526
72
56
53
29
179
76
73
56
92
193
166
355
47
237
30
43
127
84
27
242
140
206
17
92
63
41
242
124
88
103
75
301
58
76
73
119
92
359
559
225
140
466
132
158
66
212
28
53
669
91
54
21
120
576
195
98
169
465
52
31
51
199
89
100
265
151
169
53
53
33
139
221
160
103
48
233
28
471
50
134
73
158
67
100
218
81
65
85
434
440
81
44
85
63
153
34
182
39
26
87
134
95
31
118
83
90
200
5
148
68
36
115
31
7
59
87
32
64
191
67
82
194
44
33
187
734
33
82
36
52
53
161
303
354
51
169
66
48
188
113
93
41
33
35
65
10
8
208
54
25
38
44
197
191
40
200
129
34
48
94
32
45
122
569
299
87
165
30
31
262
57
192
117
50
135
102
70
191
98
159
27
34
626
210
42
62
35
282
88
62
154
39
38
96
72
101
353
37
160
19
312
157
63
74
73
40
41
179
174
71
35
50
18
52
49
205
26
143
27
237
521
230
661
70
21
117
89
118
53
130
64
59
180
1677
169
29
327
44
30
89
503
166
385
372
37
89
53
181
163
13
57
38
156
321
149
111
29
46
54
155
47
50
46
271
157
95
149
31
34
158
75
47
800
106
167
1055
138
251
198
172
215
839
121
453
54
110
397
10
33
78
141
64
74
52
27
43
68
53
44
50
184
103
99
25
103
123
63
59
87
53
59
121
162
106
93
52
12
9
52
290
47
56
32
175
130
156
138
161
250
34
35
37
174
42
141
116
44
114
186
193
48
23
66
5
385
25
156
51
45
134
27
181
15
40
468
30
215
71
328
89
65
73
108
114
111
53
63
142
32
80
71
50
27
75
205
39
376
187
75
50
69
708
193
29
23
122
40
41
198
84
33
494
34
36
58
1087
49
449
171
96
229
93
61
411
182
93
249
104
103
61
98
40
85
83
38
194
111
76
80
82
125
48
67
1544
111
182
33
65
54
53
185
72
85
203
45
187
39
39
160
169
22
31
54
34
112
174
32
102
36
31
40
38
153
78
139
23
24
84
26
27
119
439
45
42
62
47
308
53
128
180
80
325
329
14
53
165
60
153
251
53
149
31
64
385
172
31
191
113
381
255
88
253
59
51
167
232
101
676
66
29
59
189
239
314
32
73
53
60
59
146
257
49
69
59
119
47
78
181
45
146
280
48
45
459
446
62
503
193
156
51
117
104
74
27
56
57
135
53
48
156
205
40
53
1
37
105
107
894
90
129
29
28
323
335
201
72
503
52
41
60
82
31
41
103
114
24
84
391
52
146
30
46
193
455
47
78
94
45
81
103
23
201
332
183
54
45
83
217
43
143
124
62
98
181
503
178
227
199
32
55
175
518
125
52
41
97
210
98
359
36
37
78
83
50
244
57
213
485
113
83
59
44
60
49
42
460
51
89
42
331
29
22
165
35
42
114
35
26
74
66
321
29
76
64
28
27
45
122
29
100
70
39
38
177
797
95
199
29
34
51
41
189
48
100
552
58
28
35
33
47
93
56
128
27
44
34
26
193
179
70
54
151
297
127
180
137
185
104
89
47
89
60
26
53
77
84
1336
30
165
514
93
45
198
143
62
24
120
65
48
159
599
93
29
37
68
46
53
49
31
132
92
197
55
177
55
81
141
124
33
42
66
36
73
98
49
326
54
77
79
73
82
309
45
79
25
27
62
63
478
82
194
75
31
28
92
28
35
102
67
43
30
26
46
52
88
219
58
193
176
72
160
46
106
46
144
104
696
432
550
36
52
37
22
58
96
50
119
113
389
79
178
102
180
210
124
38
30
163
51
144
55
64
44
676
95
377
840
301
217
98
90
53
42
34
61
116
176
59
114
398
151
67
40
187
52
40
22
73
435
60
28
44
47
49
101
176
41
163
218
595
49
27
156
123
56
503
195
196
44
32
24
45
175
47
30
29
175
246
57
66
26
120
91
276
172
223
126
35
49
115
79
29
82
39
40
72
63
91
129
84
262
52
80
47
227
72
22
40
134
64
77
148
205
288
115
503
48
75
342
173
61
91
463
82
29
67
203
1264
90
34
333
180
161
42
36
70
58
249
107
144
23
741
99
164
174
30
25
854
286
58
66
565
165
30
212
35
74
97
27
30
201
80
64
98
78
34
56
74
48
37
28
32
77
99
731
61
60
102
82
1668
414
30
116
67
48
75
71
161
176
49
51
102
447
67
60
168
99
45
112
230
133
59
21
157
147
63
45
46
261
166
622
67
40
40
227
547
135
49
42
125
521
121
1045
64
50
31
41
48
123
43
71
101
76
49
31
38
88
97
93
116
46
203
153
14
101
48
80
70
50
37
1565
27
76
65
53
57
69
86
47
652
180
132
45
51
27
106
26
100
40
426
19
102
62
75
139
88
503
145
77
376
260
141
30
85
89
74
171
22
556
34
34
215
198
116
75
69
56
37
37
177
90
354
181
29
43
754
122
97
60
124
28
236
31
29
125
96
86
104
26
712
55
68
316
54
75
242
53
219
64
86
25
52
22
33
194
177
119
144
23
175
92
51
124
30
51
63
58
53
29
18
50
252
75
24
70
30
238
53
94
70
47
821
37
195
95
431
53
28
79
64
153
198
463
41
48
78
36
141
36
6
111
139
173
45
140
187
71
82
468
305
241
49
57
63
93
33
88
145
119
224
29
444
52
29
37
955
344
24
28
131
117
242
127
1067
35
160
48
105
302
50
63
282
83
83
96
80
163
52
104
50
43
51
78
73
111
128
2455
101
24
71
68
40
50
44
283
41
36
164
30
973
145
151
45
83
125
36
63
123
102
45
68
159
147
56
28
27
236
505
51
195
238
502
185
165
101
115
31
63
93
73
27
107
321
91
220
108
22
59
36
186
45
63
53
39
161
1466
39
67
112
77
51
47
57
57
58
565
50
72
63
65
60
147
139
20
201
146
134
63
48
164
200
177
384
41
116
82
266
43
46
82
154
126
37
32
397
55
90
37
32
160
10
26
183
34
116
94
53
109
37
41
42
135
41
296
137
43
147
49
106
28
157
154
47
61
228
54
102
42
248
50
503
241
30
47
55
29
483
29
87
47
51
109
49
62
96
72
155
40
142
104
45
50
8
120
28
64
37
29
62
88
284
190
168
40
232
1378
90
398
204
594
60
42
28
30
97
79
31
61
54
1884
174
94
243
100
227
89
46
1734
182
201
143
163
37
145
78
99
51
461
166
149
121
190
125
79
51
28
82
4
175
41
38
154
41
30
66
66
99
220
72
30
36
94
236
173
129
51
38
102
49
197
59
156
22
108
62
76
180
71
151
53
59
177
77
143
57
29
113
38
51
92
52
581
83
48
60
25
98
178
1443
64
74
97
339
120
48
503
687
125
69
88
29
75
26
52
79
50
116
197
644
22
151
283
65
48
97
53
24
67
29
160
139
257
32
43
37
89
33
168
115
51
190
205
961
62
112
50
47
48
93
54
66
83
120
65
72
2186
48
57
58
379
221
64
45
173
40
307
211
197
28
140
109
35
34
36
32
74
89
36
53
31
56
20
28
52
149
32
119
151
117
94
240
661
448
32
66
2
668
29
47
158
533
88
79
2
125
50
58
248
94
56
127
225
876
385
25
156
87
86
242
32
63
43
372
89
50
52
49
58
141
198
310
91
81
170
121
47
89
56
24
171
396
36
113
47
168
201
86
206
55
84
125
162
155
91
151
100
28
77
88
70
199
57
41
190
39
216
46
478
67
949
532
139
58
168
73
145
53
59
85
34
408
67
214
42
68
41
121
671
67
50
138
77
80
28
50
54
20
54
51
52
156
128
194
92
38
71
46
31
72
54
105
61
59
300
290
45
39
248
88
50
309
172
124
142
30
107
196
119
39
268
63
56
45
105
79
35
37
199
37
107
30
51
25
26
22
127
34
61
67
61
29
48
35
25
36
25
21
168
65
22
43
48
79
39
87
53
112
105
28
60
168
39
94
89
24
58
101
41
77
129
45
63
19
38
56
74
33
53
118
97
87
98
187
146
27
102
21
19
26
171
24
1118
309
152
58
92
86
123
178
33
84
91
157
109
35
525
28
96
349
107
68
55
408
77
34
63
30
26
499
149
81
263
81
30
146
28
75
32
29
26
111
57
26
168
674
46
61
181
82
79
169
48
33
168
126
193
238
85
34
410
156
86
82
46
23
99
80
56
29
54
31
97
48
2238
206
190
40
38
46
193
34
73
46
76
63
68
61
47
147
127
61
1246
91
31
260
101
58
40
85
162
503
100
140
124
54
67
40
117
196
59
108
28
98
98
488
66
777
223
53
66
22
42
153
71
247
37
72
39
174
117
49
104
53
67
123
173
27
173
6
80
5
50
194
151
476
65
68
26
103
88
35
85
74
170
154
34
52
71
210
39
100
51
65
28
33
33
179
177
42
27
46
74
40
74
192
99
32
47
51
48
120
122
42
168
503
180
163
84
68
42
30
26
42
37
39
77
25
27
30
52
498
388
127
377
47
220
163
170
13
136
203
46
79
28
282
137
96
378
337
35
146
503
91
127
87
75
53
201
116
73
16
80
23
80
50
66
764
100
76
259
161
136
21
12
267
32
85
134
59
329
72
59
78
137
195
97
104
110
71
126
44
235
192
369
68
41
60
126
31
141
25
41
80
185
41
42
55
30
121
73
26
27
118
82
22
101
26
40
34
61
180
52
192
49
80
26
150
62
36
30
45
192
224
52
813
131
76
7
51
61
59
58
137
29
39
79
55
121
53
26
299
77
82
34
665
24
35
52
199
380
129
67
99
375
101
28
123
44
150
31
42
97
175
35
32
161
48
93
25
105
116
238
107
176
101
43
63
37
190
51
45
169
27
181
286
36
98
199
55
159
113
53
50
41
34
147
78
59
25
103
64
45
31
31
398
87
162
154
80
176
45
43
182
57
281
623
267
41
169
54
39
470
173
95
82
24
83
50
53
148
175
259
45
100
173
30
76
87
480
187
58
99
501
228
113
52
54
21
16
24
166
137
312
503
217
80
6
37
117
124
49
156
43
352
187
295
148
389
71
89
45
198
37
40
242
14
125
1536
145
178
37
44
743
154
46
52
80
45
150
36
377
26
193
461
194
48
49
115
35
150
92
39
196
57
85
246
67
52
43
117
36
68
50
264
45
140
48
38
187
162
53
41
197
37
56
66
300
63
308
49
37
33
33
191
45
30
288
911
65
143
31
298
205
56
87
648
85
40
117
34
40
117
85
101
96
331
330
99
63
1631
538
189
61
74
50
118
138
28
58
33
154
85
503
125
154
2
18
28
147
43
45
26
24
103
111
84
172
55
32
103
61
157
52
52
192
66
34
115
158
178
51
30
39
181
23
30
193
46
258
185
108
149
75
140
239
284
49
69
80
35
53
102
385
40
41
48
218
48
27
28
204
43
56
201
31
2
194
98
301
62
174
109
51
140
38
118
21
67
29
50
73
33
221
33
37
42
226
39
143
21
431
27
169
48
327
143
117
146
231
22
96
187
502
12
45
46
180
523
321
62
164
28
56
51
313
36
25
26
178
228
278
74
55
160
186
79
51
72
63
205
38
56
115
89
239
94
49
184
61
362
136
28
200
51
74
30
20
85
107
38
27
194
295
56
91
90
82
133
63
638
26
100
48
81
62
33
55
603
70
35
88
227
167
108
28
320
90
24
43
123
571
28
115
63
49
80
45
67
175
158
16
195
372
172
79
98
71
144
30
30
193
28
71
209
33
209
98
159
61
115
42
67
505
82
171
22
148
902
161
40
503
120
75
22
52
45
34
436
49
25
377
66
30
166
186
86
64
27
414
240
73
704
189
178
117
413
31
162
73
31
37
226
35
36
99
46
45
83
61
32
47
91
64
403
78
96
197
38
3625
300
68
143
141
183
52
199
234
366
47
54
114
169
194
783
97
135
69
36
196
182
98
99
27
579
24
59
64
155
48
336
168
80
208
63
608
185
74
36
191
34
34
78
120
202
40
23
455
46
39
28
40
237
32
503
39
163
66
396
119
28
85
102
37
540
124
48
55
36
63
39
93
82
39
20
66
49
54
49
189
549
34
44
44
53
50
83
1107
202
117
94
37
73
172
203
925
87
310
155
164
182
152
70
244
232
7
548
173
85
33
131
40
34
50
46
46
62
46
32
63
52
82
103
32
36
63
194
26
225
148
66
434
97
152
28
97
233
171
27
66
45
100
60
25
26
118
27
30
132
36
85
32
34
44
160
98
26
373
23
34
364
17
1885
46
169
484
324
26
182
57
106
380
476
45
33
30
241
42
90
503
325
764
75
142
382
41
111
28
26
124
47
320
444
49
140
313
20
396
40
37
145
111
89
44
39
287
142
45
556
55
136
32
165
52
199
36
28
232
431
79
161
47
16
25
160
67
105
714
80
100
51
214
25
54
73
177
96
95
21
64
126
102
45
80
341
36
72
22
28
104
89
51
24
51
160
74
43
208
48
339
301
166
348
12
89
371
90
90
197
123
450
22
22
37
46
30
62
47
55
37
29
187
29
40
656
94
375
24
30
50
85
43
69
27
100
133
33
162
28
25
249
54
38
28
179
484
119
219
178
192
160
148
55
53
154
27
60
88
125
73
164
66
19
93
115
100
103
107
40
40
26
79
79
187
19
32
188
79
115
338
281
42
86
180
52
264
174
23
751
100
73
26
29
40
34
25
44
67
112
117
36
24
50
46
63
634
92
34
30
37
7
591
21
26
50
175
112
254
185
41
31
88
91
27
34
64
53
247
178
47
62
163
88
1143
39
56
503
151
46
203
63
600
28
704
75
43
46
37
54
35
45
97
89
37
66
53
58
41
24
145
14
28
175
189
46
53
228
144
62
458
45
42
26
173
197
59
28
26
64
407
34
42
222
28
63
99
53
41
85
37
179
99
46
1242
48
353
19
60
194
62
132
323
35
131
340
349
101
42
41
57
68
45
92
277
51
79
149
36
57
164
125
49
103
82
27
598
15
74
178
42
63
43
23
42
53
101
68
87
80
87
57
45
82
80
205
57
67
34
45
73
68
193
88
130
179
50
19
110
39
28
162
198
53
40
32
131
66
60
92
159
98
30
253
172
38
33
204
67
53
182
53
79
50
503
33
162
130
54
873
142
295
186
404
29
41
42
51
85
50
150
51
35
106
77
52
26
24
87
23
85
99
545
33
164
98
503
111
38
50
139
26
26
360
206
59
174
48
60
45
28
149
934
312
48
88
99
92
231
101
172
66
57
151
146
53
29
35
173
157
513
46
18
121
231
15
68
29
36
29
106
29
53
102
65
541
75
29
36
39
47
51
153
222
83
34
119
75
140
81
203
132
81
62
36
3
154
499
1359
139
121
49
47
70
47
197
26
63
91
69
627
160
46
47
139
97
26
60
43
160
30
26
149
55
42
303
168
188
43
88
44
289
69
196
32
275
81
35
36
175
182
331
287
83
117
99
569
44
41
57
27
208
44
31
268
84
28
77
327
52
149
89
100
46
56
18
42
91
29
94
49
149
82
92
26
32
141
78
142
354
717
49
53
43
230
38
102
45
151
124
316
27
45
28
85
50
109
29
60
44
50
119
94
10
72
59
27
39
77
44
149
26
177
795
171
39
88
51
31
88
521
881
122
69
28
102
35
152
141
37
252
32
91
23
68
53
19
125
25
226
22
46
45
67
126
44
53
57
51
150
86
46
64
38
36
154
189
26
33
101
76
196
112
539
61
47
48
595
190
30
146
176
70
161
54
34
167
53
614
162
23
149
36
27
96
28
48
197
86
51
196
45
555
117
53
92
274
53
47
97
28
55
47
46
67
41
185
231
29
986
29
85
51
675
24
51
1357
38
33
29
51
64
198
84
26
71
194
72
35
61
230
77
109
58
35
28
89
23
44
61
138
54
52
169
733
46
85
56
692
709
127
443
6
141
112
24
99
380
49
61
83
48
196
297
161
48
15
99
45
77
104
199
183
231
87
27
55
194
55
61
301
1703
6
355
87
27
109
35
239
5
186
125
51
55
56
144
94
53
46
179
95
298
1366
121
36
89
32
30
28
808
91
48
720
84
177
26
140
272
65
243
28
51
37
26
54
76
28
2
56
45
168
191
197
151
62
175
83
42
98
33
31
42
51
49
105
52
53
168
181
150
89
250
27
168
191
102
59
200
101
270
29
454
184
503
35
97
25
238
36
128
67
108
40
42
66
88
59
37
103
43
47
70
191
35
39
585
54
31
140
70
30
119
36
42
124
158
43
67
46
52
27
101
117
97
32
169
240
54
68
100
86
1044
249
540
33
135
108
52
38
91
62
123
91
47
27
55
52
11
54
520
32
526
52
100
23
220
35
209
31
205
503
94
384
31
77
31
239
252
140
91
52
319
194
124
138
34
56
52
377
50
46
65
182
84
63
74
216
189
24
506
141
29
70
69
226
40
46
200
53
39
112
30
26
40
177
36
568
30
190
27
122
96
50
31
27
317
27
71
46
206
247
42
1825
26
35
190
27
43
43
156
45
24
45
24
30
73
114
23
77
66
316
32
77
162
185
171
24
16
263
41
151
35
73
52
88
115
35
327
121
169
55
159
309
40
43
54
545
376
105
240
183
66
92
50
79
47
45
84
156
63
234
95
407
88
155
65
41
71
40
126
24
66
108
247
234
226
1
89
43
82
480
65
96
803
324
54
38
38
89
3
115
146
629
250
30
23
163
194
328
21
56
99
64
71
40
245
181
287
150
148
26
82
172
35
50
165
24
37
184
295
56
69
95
758
135
70
46
108
210
41
54
49
50
139
48
216
87
191
142
95
71
59
388
51
64
86
150
59
34
44
124
51
43
567
42
324
108
382
63
85
748
88
22
70
88
204
155
53
34
99
37
50
2179
49
503
28
36
58
133
54
48
166
168
27
42
31
90
79
403
29
69
356
37
8
67
85
358
106
160
35
26
105
88
144
143
61
29
48
84
120
56
33
51
143
198
65
186
25
118
104
193
45
76
56
71
27
102
31
53
94
173
30
389
24
205
45
81
55
26
47
142
199
55
53
197
9
30
128
164
128
122
98
91
96
94
27
32
40
23
290
26
75
73
45
53
177
35
42
22
340
233
35
52
74
390
51
32
29
297
84
135
93
37
21
30
545
31
56
83
151
36
41
30
28
43
152
28
25
25
61
48
34
96
68
151
76
68
84
49
77
137
377
185
194
28
59
25
47
188
75
1134
355
23
148
46
43
114
1176
159
143
81
51
77
52
191
49
26
335
54
27
29
81
42
46
59
47
31
67
92
149
277
46
127
132
117
116
107
28
626
40
58
83
46
387
102
236
65
41
26
386
87
167
224
455
248
84
164
46
29
36
503
227
39
167
26
81
140
196
443
102
61
47
262
3
50
81
79
46
30
32
24
137
90
341
24
57
56
145
488
384
387
88
34
61
255
73
85
503
151
55
63
125
85
167
104
194
29
98
50
54
55
28
100
37
967
56
207
60
61
101
48
431
39
27
24
92
85
193
21
128
172
107
210
358
50
28
30
218
72
123
165
243
29
285
212
59
46
51
183
39
34
30
125
93
183
2
109
101
127
25
59
26
53
132
21
79
362
85
29
328
505
32
33
44
9
164
49
343
74
170
44
64
45
173
655
101
50
107
49
33
54
29
247
40
148
49
48
32
65
22
40
85
83
191
199
34
244
106
43
221
47
187
394
212
173
201
204
99
62
22
198
44
48
123
97
31
29
184
529
258
528
58
64
54
65
35
57
170
23
42
52
297
123
34
100
73
210
418
99
54
64
247
142
73
26
255
195
88
85
41
196
159
152
164
50
324
163
27
12
42
176
53
528
30
71
40
128
28
43
23
48
43
160
171
132
68
172
50
103
341
48
53
82
74
698
31
40
40
98
200
565
50
111
21
49
87
66
34
50
106
30
71
72
177
75
356
238
80
80
127
159
50
74
349
31
36
119
51
21
310
814
82
55
119
56
207
45
109
41
141
30
30
179
24
55
45
42
44
93
503
100
65
101
122
159
58
31
30
183
638
45
36
82
234
168
39
90
57
25
90
29
55
410
27
47
74
40
510
80
106
53
195
83
98
59
74
1746
163
153
302
52
36
78
188
48
178
43
32
268
326
583
117
48
96
106
36
63
46
25
40
49
199
150
43
95
33
38
4
54
48
53
107
157
52
114
42
43
124
54
74
194
45
48
180
242
90
150
60
36
85
99
207
71
220
72
74
423
526
504
40
165
8
31
116
103
79
117
72
149
45
121
99
58
88
52
181
570
52
33
53
43
42
47
26
66
100
32
90
47
60
195
44
23
29
23
51
27
31
53
48
574
54
64
707
55
112
164
49
36
533
104
101
50
26
51
80
186
82
58
800
201
410
99
40
49
61
29
295
37
152
46
21
54
41
92
43
32
38
48
171
153
183
49
382
108
78
92
125
67
66
50
757
167
34
86
31
52
174
77
70
108
187
45
75
157
203
70
63
29
133
66
90
70
55
51
41
161
274
29
49
30
52
46
263
148
176
22
144
143
51
28
156
34
30
31
65
55
38
88
95
29
55
170
567
33
685
40
274
28
38
175
151
58
85
32
554
43
35
43
34
191
49
366
47
33
32
35
52
37
58
33
59
21
26
179
192
51
141
102
337
252
234
33
123
89
193
193
389
42
580
173
342
106
204
42
102
358
48
92
39
135
79
17
47
189
34
154
144
503
67
94
173
53
89
112
65
46
72
311
88
36
56
25
382
50
102
30
70
55
39
46
632
68
101
59
50
123
40
437
29
69
46
65
92
81
46
65
54
79
47
168
68
31
49
61
91
43
24
79
63
419
125
50
87
503
45
99
36
41
555
84
90
343
63
46
90
1
24
245
181
38
632
226
123
178
97
129
83
91
87
188
40
93
183
185
91
45
67
155
43
51
47
121
167
598
323
361
676
68
58
87
11
44
91
50
682
503
43
55
306
144
64
27
142
79
46
66
66
96
58
45
421
46
48
109
80
77
51
179
85
32
84
33
98
27
38
230
92
77
156
40
122
48
83
24
33
240
35
35
41
28
137
104
185
149
343
124
53
30
166
40
48
99
453
212
51
250
128
82
337
221
77
239
253
75
36
67
203
62
87
195
86
171
120
103
153
64
64
36
60
208
88
50
250
47
189
44
40
57
273
44
25
39
116
47
52
46
53
61
187
85
567
224
67
113
75
46
54
90
104
75
31
42
78
21
94
180
31
60
176
63
127
150
41
188
196
39
51
32
623
55
28
89
51
61
30
365
48
108
48
44
45
76
142
14
86
29
193
32
98
546
32
524
28
42
185
86
30
29
36
43
39
570
135
21
104
40
26
30
96
117
56
183
29
431
75
148
34
95
77
515
43
142
86
89
122
180
34
26
61
45
79
426
85
67
47
123
98
101
73
139
369
24
278
67
81
59
56
303
201
30
176
38
332
49
223
35
80
411
22
83
830
106
39
99
322
82
662
181
174
91
32
117
18
48
83
48
1071
256
46
30
79
176
43
41
40
46
97
121
735
144
230
117
53
28
30
52
45
33
175
47
159
367
167
80
27
741
74
170
43
381
185
87
151
43
121
95
175
36
116
97
121
40
194
72
2074
351
66
30
84
89
70
7
21
106
45
126
345
84
82
22
145
209
8
51
204
683
569
547
137
460
125
52
302
37
87
175
180
103
35
164
90
53
66
47
47
120
504
56
29
87
28
169
413
57
36
243
503
156
99
28
50
53
29
562
179
30
130
65
48
56
49
45
61
40
197
137
282
100
154
166
8
65
100
37
29
38
76
160
232
46
68
40
41
124
52
42
71
145
158
38
26
346
584
68
611
495
119
157
45
56
125
98
142
516
79
26
156
21
169
117
27
52
217
25
22
171
150
150
50
542
190
138
42
98
136
3
39
54
62
53
117
123
47
56
50
50
309
42
326
42
164
288
361
48
145
103
108
46
60
51
89
1332
214
5
23
54
12
73
156
46
81
42
45
103
245
29
31
45
27
54
693
1
38
89
148
145
98
254
34
218
55
26
51
77
104
36
28
208
370
211
51
45
43
131
189
41
82
24
52
16
83
53
246
27
122
28
31
51
147
75
46
2189
31
54
160
374
328
33
114
55
45
82
467
67
80
64
55
66
155
121
27
141
30
643
53
84
114
53
16
74
29
89
47
83
105
26
180
23
31
458
70
194
37
110
50
119
37
99
81
3038
174
28
26
37
54
185
48
58
72
53
652
541
92
36
560
83
215
66
48
1
277
49
203
26
66
114
69
114
539
67
48
96
301
46
58
26
52
44
503
28
116
147
164
180
339
532
98
89
209
37
91
176
144
100
104
120
176
95
88
119
98
143
1006
136
101
51
456
396
43
148
103
496
159
131
142
620
99
27
216
27
144
64
274
206
144
569
29
25
503
137
29
95
182
79
396
44
60
141
76
340
134
171
113
367
341
75
25
48
116
42
175
41
123
24
126
235
42
156
218
44
26
27
46
24
173
37
28
52
142
169
180
52
429
100
172
55
54
147
48
38
26
189
47
355
87
205
275
52
120
104
163
367
133
137
285
72
56
68
40
68
185
54
1181
54
43
65
52
34
27
23
29
29
97
90
716
57
66
275
46
15
57
111
87
49
160
58
48
63
126
220
340
60
49
149
239
147
27
137
90
44
101
92
142
236
56
61
23
169
283
88
201
958
213
58
41
139
64
185
152
98
167
640
82
20
43
35
60
28
177
1786
83
31
295
41
101
124
27
76
88
25
26
130
223
82
121
92
224
47
39
88
83
602
186
282
198
118
447
192
29
83
151
194
148
4
62
97
88
21
426
30
74
53
48
124
79
53
125
170
55
339
312
201
83
91
66
41
89
93
559
68
206
37
98
264
119
34
43
87
30
106
40
40
47
96
39
45
155
53
41
100
196
31
45
68
90
248
99
36
191
155
102
190
26
36
129
36
57
41
27
453
34
135
34
343
40
60
100
53
176
55
200
35
117
199
71
81
30
77
32
63
102
169
27
409
126
116
20
283
195
37
88
189
92
75
25
82
38
29
34
181
193
45
51
45
899
178
89
24
249
13
84
41
54
44
369
64
49
150
25
49
99
57
86
95
43
66
338
89
73
53
69
36
46
32
23
15
28
47
167
38
221
30
36
46
73
503
379
78
59
89
207
107
41
99
70
407
456
11
354
51
166
61
49
39
51
119
248
88
776
88
44
109
29
137
164
75
26
197
42
48
26
99
86
24
143
24
27
173
163
72
503
23
124
376
182
62
203
54
1961
23
36
28
542
192
166
54
28
77
36
144
154
174
91
24
84
40
67
189
154
87
33
31
286
142
80
50
26
175
65
56
44
25
48
30
46
84
65
96
23
50
26
73
88
77
40
476
156
48
135
56
42
79
44
134
75
41
67
45
163
62
61
81
87
107
26
26
54
51
64
372
48
35
28
89
76
65
35
69
158
35
670
52
51
351
124
38
378
53
36
32
44
97
59
380
61
3
154
36
114
123
51
53
54
25
85
27
182
627
40
518
160
87
29
39
228
86
50
75
38
34
41
54
90
76
28
27
185
693
51
48
36
83
80
80
36
169
54
27
258
517
174
45
51
166
194
25
85
73
23
59
137
27
29
69
130
348
252
119
30
56
100
369
28
39
53
63
94
161
105
83
182
37
134
40
164
33
91
143
22
246
41
121
42
52
152
56
677
196
61
19
192
216
132
25
48
7
40
195
188
178
37
543
97
135
111
63
196
53
28
106
5
54
42
133
933
50
172
180
139
193
162
29
139
375
99
61
243
52
94
195
51
47
46
39
51
125
41
49
32
53
82
195
63
111
154
35
27
42
197
232
49
57
125
70
60
50
151
240
267
1084
155
42
65
126
82
42
711
72
19
190
38
61
35
181
178
539
46
141
1018
97
79
41
49
56
26
37
373
78
75
190
30
200
66
719
195
254
37
349
195
47
138
265
64
80
525
41
249
29
175
97
41
52
27
878
62
296
119
39
36
52
187
157
673
38
583
190
78
55
173
42
28
28
52
182
190
39
158
581
692
53
32
53
60
81
54
96
35
134
275
27
45
47
27
83
89
62
181
47
31
31
218
187
161
386
78
103
30
16
150
32
89
29
89
119
98
45
51
107
97
24
48
51
145
204
48
32
34
65
112
83
240
54
21
53
64
54
8
45
49
27
64
145
100
49
88
52
36
39
30
37
84
49
75
36
507
61
95
33
27
40
86
26
103
110
195
307
37
69
101
39
26
43
47
195
65
42
44
10
47
154
57
89
74
44
73
177
61
74
87
611
429
117
29
36
102
55
479
88
71
32
91
122
41
83
46
170
59
144
50
48
66
40
25
27
426
409
45
1147
61
48
40
43
173
45
176
2
24
139
399
35
140
310
26
258
70
33
89
134
46
36
77
42
29
90
46
80
42
48
168
116
60
144
37
39
75
43
114
138
50
32
776
340
121
165
181
72
535
257
171
89
95
141
23
39
324
41
60
167
88
38
33
94
761
33
39
87
26
79
43
80
85
42
146
182
34
166
87
492
815
147
29
32
148
45
89
91
65
45
22
140
174
163
69
466
171
53
92
93
72
36
42
94
26
369
182
44
28
84
55
112
86
62
50
182
53
64
51
50
759
183
120
52
28
653
51
63
42
328
217
232
158
38
648
50
144
35
68
118
66
84
5
26
22
167
394
1540
63
143
177
64
122
40
192
115
51
42
53
113
45
91
195
34
94
26
28
48
340
35
109
45
48
149
196
38
242
360
48
43
27
221
122
49
303
34
220
136
72
40
28
70
141
58
50
55
82
175
81
60
97
30
58
26
42
137
31
183
197
152
393
197
41
23
66
110
52
26
723
43
38
549
41
81
71
52
26
45
31
66
35
26
33
77
108
79
71
197
40
143
161
402
91
49
56
29
224
316
46
63
54
110
56
61
876
29
42
175
50
114
55
60
45
685
57
187
83
68
41
136
47
44
30
42
51
74
49
44
208
69
70
150
152
49
46
187
113
76
28
35
34
34
25
81
197
506
67
60
46
49
132
31
91
30
106
34
145
503
50
40
52
108
30
31
43
72
176
142
36
41
51
46
180
103
35
30
33
68
84
33
31
43
30
52
151
506
43
176
35
149
40
213
192
29
25
38
592
1773
180
144
258
41
48
61
76
49
175
71
29
39
81
52
100
194
49
144
147
39
28
24
152
115
727
223
26
21
132
41
196
371
83
41
45
40
42
32
41
383
29
170
90
60
20
54
44
593
88
73
209
24
35
52
187
47
132
48
16
3
1
54
166
64
157
32
31
75
76
126
50
95
223
79
29
50
61
48
10
41
55
79
50
62
27
149
27
57
37
38
50
177
67
149
27
120
63
78
36
33
29
53
127
30
36
53
47
50
48
55
94
49
163
277
100
198
292
39
51
49
7
35
192
