74
151
51
53
732
13
70
646
48
47
4
73
49
64
53
44
51
47
53
62
55
86
27
48
55
264
103
26
168
27
107
253
156
157
540
143
134
34
196
67
162
372
646
78
29
100
99
41
36
30
27
45
88
61
139
49
197
222
81
59
45
355
27
158
143
381
158
418
32
26
178
37
31
54
42
81
95
99
69
163
530
28
464
26
37
114
605
96
48
90
434
69
148
44
244
36
101
54
57
26
31
28
367
28
192
161
127
41
43
65
60
72
485
25
101
49
198
178
40
537
58
647
52
65
712
95
34
48
30
52
156
48
179
27
42
46
58
46
195
96
65
179
66
39
158
252
96
127
41
39
27
461
97
188
37
150
167
22
51
63
49
205
80
236
55
33
52
50
36
76
53
58
33
99
155
79
118
41
73
47
198
141
484
22
549
89
216
62
850
59
20
36
19
118
50
120
36
50
80
32
42
54
20
25
84
178
143
87
274
86
26
325
48
48
768
28
113
24
188
27
58
168
198
67
98
25
47
511
372
66
27
60
84
23
644
325
120
345
67
43
158
180
165
60
529
59
45
59
583
34
87
85
73
141
73
335
27
372
56
63
49
169
173
6
26
174
101
378
29
183
65
91
161
45
24
40
102
31
33
181
48
747
23
40
55
150
26
197
53
19
108
450
42
51
78
210
40
72
610
23
43
31
167
29
47
32
52
107
45
117
61
51
522
51
45
102
813
39
66
97
178
32
338
54
47
75
183
45
27
35
358
141
54
52
292
54
28
153
33
42
52
139
107
204
119
183
32
40
25
28
26
676
41
30
29
67
43
39
41
22
91
140
32
28
160
62
50
1341
125
82
161
55
34
118
301
86
88
78
5
35
37
176
157
42
67
63
110
39
76
68
27
200
47
87
77
28
61
64
93
338
316
56
29
170
86
142
47
30
145
30
31
40
106
37
39
330
412
93
112
40
174
204
73
71
84
82
191
150
52
180
236
171
57
29
40
15
65
66
45
50
48
102
121
84
94
49
30
65
194
41
151
57
84
26
97
64
9
60
74
27
28
290
474
138
63
53
24
63
53
12
77
44
171
43
36
65
358
37
42
84
105
38
99
30
46
338
316
63
54
28
712
39
32
29
41
96
131
16
181
96
113
290
2272
46
42
37
24
159
150
20
45
51
80
45
28
364
91
56
31
35
531
96
32
74
38
39
57
29
50
236
33
72
210
74
64
26
39
123
52
52
82
171
45
132
125
247
74
74
69
198
100
69
45
33
157
47
92
44
53
106
127
72
85
39
50
101
47
98
142
89
51
30
47
41
34
54
64
164
102
87
114
181
4
48
47
389
159
69
310
65
964
41
53
46
55
53
69
91
158
209
42
429
120
58
52
40
41
59
49
47
24
48
30
79
42
64
48
55
30
45
52
43
93
69
48
43
64
44
28
55
185
115
35
194
90
28
112
125
74
97
48
127
176
52
136
30
118
10
46
165
31
28
80
241
234
197
64
88
43
132
78
321
59
1831
6
26
58
36
42
81
559
89
51
182
84
191
38
111
30
31
145
638
49
141
96
33
472
49
38
437
433
252
183
45
332
35
43
13
253
267
40
48
134
34
162
40
31
71
43
158
33
32
71
24
38
39
53
80
80
160
750
139
308
223
91
170
81
174
170
73
92
109
26
172
39
100
43
49
60
80
180
43
82
29
148
88
112
86
109
44
17
122
54
185
49
49
105
165
50
43
125
53
44
101
102
466
29
60
183
51
153
244
288
32
139
74
35
119
300
42
27
97
81
52
22
42
174
129
79
52
42
34
55
11
63
41
34
54
192
125
297
189
195
36
40
65
23
99
156
1580
73
169
143
92
66
112
171
19
86
80
120
109
124
90
102
76
101
174
43
44
54
37
43
31
474
145
24
29
30
47
65
36
503
43
56
33
41
128
365
69
42
429
503
98
39
42
20
55
83
27
18
60
49
40
69
170
26
51
152
41
503
48
190
55
26
60
26
59
48
384
79
44
147
32
40
4
155
30
58
42
36
65
159
52
30
58
45
49
44
25
99
119
29
28
128
50
55
45
117
65
476
60
124
104
31
86
33
35
79
57
50
65
27
38
327
39
160
427
453
32
28
43
407
186
58
64
145
31
25
49
43
294
88
117
294
376
28
97
44
193
122
35
169
290
148
27
36
33
54
38
543
97
88
34
36
44
313
31
25
145
37
35
337
35
116
130
187
63
181
154
442
80
81
290
44
540
29
72
160
20
48
101
106
26
182
154
88
62
42
45
60
76
170
100
196
53
120
102
125
25
28
337
41
32
111
171
160
503
44
54
189
49
76
96
65
36
35
17
396
43
117
88
70
50
42
42
124
28
107
391
187
176
119
679
33
155
195
27
247
32
183
372
53
115
36
713
177
503
40
75
176
709
503
630
89
54
91
159
90
148
256
43
75
54
246
95
191
44
159
168
68
124
40
261
98
32
61
69
50
49
77
347
38
15
24
81
92
197
131
52
88
34
29
180
272
738
44
83
289
98
14
41
49
52
120
641
16
48
16
33
33
218
153
141
84
142
169
31
108
30
33
30
55
47
69
89
59
58
23
219
102
46
55
65
55
135
132
45
102
35
211
180
86
144
179
322
89
26
55
27
159
42
174
75
81
141
99
33
27
170
23
53
28
40
102
173
28
58
149
46
535
19
240
43
747
159
170
150
44
90
444
183
30
154
85
48
90
184
35
36
56
150
64
75
196
48
52
89
152
80
53
63
115
23
162
154
278
36
55
151
71
199
118
98
8
182
115
102
109
41
176
703
36
133
179
44
197
159
48
88
0
47
85
241
36
72
170
34
69
29
25
90
66
47
179
34
156
20
159
55
46
21
51
42
167
89
183
68
51
39
40
64
153
33
170
44
125
90
109
51
125
19
153
82
107
128
35
35
305
529
31
151
44
81
42
111
503
48
235
462
29
38
84
170
409
37
72
28
28
29
130
44
99
1670
65
92
36
158
187
101
141
48
52
46
80
799
45
51
47
37
58
109
43
88
31
55
32
30
87
749
89
53
35
42
189
97
27
89
155
360
40
23
98
55
15
92
153
40
29
136
64
661
73
195
22
46
28
171
220
60
48
213
171
228
333
19
125
50
178
73
145
79
678
180
69
198
44
167
234
180
179
278
172
44
37
48
34
190
226
25
35
25
131
35
33
54
62
529
62
90
40
54
153
138
190
198
70
174
35
49
190
89
177
50
32
17
48
97
80
65
47
51
48
79
51
505
40
88
20
47
48
100
60
198
31
79
109
48
462
539
34
35
39
33
89
718
62
55
123
48
71
72
575
42
175
1012
85
129
30
82
24
26
244
48
56
26
24
197
126
77
107
84
190
66
195
45
134
55
181
54
42
44
503
28
134
86
22
26
31
71
122
39
43
51
187
20
181
40
462
122
72
176
34
74
38
155
39
41
24
503
73
94
29
55
331
23
138
105
187
66
63
25
133
155
49
27
150
89
23
59
49
642
244
73
26
748
71
40
69
181
82
175
67
63
30
37
76
52
177
32
64
84
95
35
53
26
40
118
433
43
50
79
45
544
34
52
104
23
79
245
171
170
67
52
34
36
47
74
152
27
714
73
42
180
48
25
451
49
64
142
36
195
20
56
44
22
55
46
112
1
148
44
90
56
105
638
64
81
17
367
67
42
253
60
99
78
88
104
219
80
216
59
269
182
86
101
19
58
157
188
505
80
24
44
176
115
46
90
15
125
242
72
76
187
121
47
29
26
180
38
73
48
65
86
84
40
37
44
46
167
61
35
78
46
33
98
78
60
131
29
185
248
45
148
52
55
198
48
194
53
92
86
52
165
41
1244
76
186
161
103
116
53
56
31
26
101
96
250
503
57
380
38
52
44
182
36
89
30
153
74
49
38
84
97
38
185
174
94
72
163
47
188
103
94
40
55
83
116
1274
101
97
293
133
40
83
28
165
171
32
102
438
42
188
76
301
41
34
41
170
164
55
198
36
113
442
34
30
316
475
423
13
89
43
55
123
75
54
82
2124
82
41
29
92
46
66
79
137
371
47
52
55
28
78
163
49
276
49
30
26
135
198
146
43
339
30
42
13
213
578
57
150
36
82
477
40
693
71
407
78
84
113
390
275
37
208
31
132
27
12
47
65
34
49
47
1251
173
100
1551
94
79
102
248
24
116
41
33
74
50
75
104
523
155
69
64
44
105
18
35
44
186
17
23
49
146
75
16
409
118
226
136
270
178
384
126
23
336
113
42
103
144
67
51
173
588
150
277
86
42
95
31
36
26
215
75
43
55
188
453
28
39
31
82
51
49
65
24
84
40
78
66
22
179
26
29
167
28
89
185
89
66
263
29
271
80
34
48
157
12
38
592
46
57
186
159
44
29
25
39
155
806
21
34
517
441
49
67
174
69
27
34
55
108
160
63
32
164
10
123
38
475
25
209
175
119
47
245
130
63
103
25
243
55
68
733
87
68
86
222
51
37
311
740
39
22
398
102
39
86
110
39
85
161
147
45
52
82
76
35
151
58
186
43
49
274
43
229
42
148
51
50
173
63
52
24
144
130
78
94
36
154
35
24
197
30
62
152
24
503
51
91
14
413
31
29
45
99
96
71
32
42
55
35
198
31
389
98
126
152
42
7
77
46
188
28
27
80
78
33
84
63
98
113
389
139
2
90
31
42
94
255
29
35
90
52
26
200
330
25
157
165
34
49
54
154
43
199
185
20
44
101
645
64
449
28
96
48
111
100
98
54
50
38
69
35
53
71
171
48
64
37
117
54
142
55
186
203
60
153
471
21
52
109
198
92
119
86
65
27
55
56
38
62
398
122
149
53
68
113
32
42
34
46
84
94
159
143
85
51
295
158
34
164
63
147
58
192
45
108
102
75
45
165
44
53
112
50
34
280
29
166
64
66
78
373
47
21
69
150
86
405
49
27
569
100
85
169
42
112
55
36
309
168
181
576
98
29
566
46
64
121
121
34
2
49
52
78
43
97
313
320
65
192
44
57
503
27
162
93
67
68
46
299
154
153
30
164
155
43
62
123
54
37
50
322
21
55
71
1231
102
94
38
643
157
193
166
29
53
172
27
72
49
113
33
46
84
49
207
89
178
298
69
68
68
445
197
51
35
52
24
1695
370
49
184
84
243
169
31
81
154
42
36
50
64
35
28
53
26
145
112
142
89
29
29
24
10
191
119
367
44
372
270
45
311
444
38
34
53
21
42
84
25
33
157
82
38
128
192
103
56
99
131
72
39
247
20
48
56
27
88
53
31
101
95
197
60
30
100
42
47
55
28
7
78
90
36
48
32
70
175
52
174
47
17
26
24
46
309
523
55
44
151
29
51
51
38
28
209
170
75
1091
194
155
56
89
147
31
173
29
7
99
27
38
325
146
104
37
23
155
187
41
29
80
43
80
80
189
42
31
570
45
149
86
81
46
30
86
31
258
558
82
106
68
67
52
121
533
499
43
239
53
26
374
96
161
31
503
56
28
133
624
64
67
93
65
68
25
101
2
84
41
96
46
109
369
49
174
32
70
169
49
42
33
52
87
41
99
141
87
26
154
23
362
659
161
601
107
41
192
48
55
39
64
29
168
312
104
116
68
37
120
164
143
342
172
50
69
118
50
25
27
54
43
503
24
75
29
42
26
37
23
297
156
193
49
70
673
54
153
317
706
13
37
99
229
116
47
95
477
111
75
95
50
267
73
45
58
34
86
40
43
25
122
70
503
46
28
60
165
39
86
70
149
232
41
414
46
101
26
287
281
205
30
63
32
2
156
31
34
99
37
96
57
97
44
96
293
25
36
136
65
132
6
89
150
54
379
53
294
35
7
120
30
48
359
74
63
157
563
118
14
30
51
47
245
135
29
145
63
103
27
30
231
45
1838
39
90
594
139
66
826
24
139
67
65
27
41
44
24
152
28
149
132
26
86
94
99
445
93
37
26
40
22
244
28
40
43
55
46
156
124
54
172
41
100
345
161
45
1055
49
657
78
32
164
29
75
137
27
130
52
101
23
39
31
83
37
186
98
164
51
24
73
83
32
37
84
66
172
149
28
26
33
65
131
32
46
87
207
28
36
51
216
89
54
76
50
88
28
222
102
54
53
40
88
45
457
87
83
21
64
74
169
185
42
82
156
757
27
198
178
43
119
41
38
3
184
700
53
159
86
149
32
75
64
138
97
223
146
192
231
36
64
56
329
40
67
45
38
73
45
50
157
1699
76
78
18
160
84
148
74
155
100
153
160
174
54
184
124
467
541
108
343
45
155
52
179
44
39
63
32
167
97
63
74
40
114
386
16
80
159
676
100
20
73
157
550
167
28
158
67
103
35
44
39
28
144
28
31
63
63
574
57
226
304
21
54
83
71
92
143
39
61
41
41
48
49
52
44
62
60
22
39
220
96
178
42
317
49
59
54
99
119
121
612
72
28
53
37
186
789
66
86
30
58
241
31
381
29
333
79
317
36
33
179
48
67
38
156
42
102
69
71
166
37
36
39
117
86
56
34
370
37
66
45
52
70
169
45
33
81
157
176
87
389
30
29
51
49
28
103
36
53
42
44
100
181
83
309
130
49
86
113
24
164
83
160
66
56
47
30
50
53
323
49
66
157
477
44
52
74
34
157
47
52
35
127
39
177
27
151
602
42
30
98
47
49
38
66
372
35
136
96
71
35
44
31
70
73
60
93
229
40
108
709
175
65
66
99
147
89
54
97
273
98
46
46
47
53
503
39
98
53
102
73
32
52
24
245
265
198
34
196
927
30
43
28
83
486
148
69
31
26
62
31
83
34
189
307
148
93
592
90
107
198
51
32
100
30
80
7
181
368
193
56
33
69
49
184
100
52
42
21
57
89
79
82
58
192
20
41
306
78
178
113
37
717
52
166
50
1033
181
58
62
26
35
42
264
535
131
44
26
186
46
58
76
24
34
61
133
165
68
24
92
79
136
152
149
12
169
30
146
82
24
23
302
52
58
28
46
635
174
163
224
294
56
157
45
195
107
67
46
45
63
45
31
149
53
80
155
160
36
84
218
33
52
68
80
53
175
45
77
33
172
47
145
120
32
27
249
190
107
30
149
44
428
43
2
57
28
25
192
55
209
60
91
25
166
180
57
55
56
36
661
95
37
179
62
43
149
24
57
81
68
40
53
71
98
46
157
165
40
123
53
80
95
73
248
41
89
32
65
35
746
63
186
169
24
147
128
39
75
1065
75
76
35
22
34
56
52
183
24
151
50
611
148
30
44
54
30
442
123
65
27
218
179
198
35
68
533
180
77
96
194
87
86
187
35
53
303
28
26
194
295
65
37
27
124
503
55
217
0
64
55
189
49
30
55
171
171
144
69
48
20
1504
373
268
60
753
59
350
25
197
259
44
48
43
193
103
34
641
20
30
142
39
87
48
71
123
28
59
87
53
76
98
175
54
77
252
32
173
30
124
122
170
47
62
60
42
44
297
85
82
53
51
69
222
150
125
51
67
105
125
46
125
614
28
54
60
28
46
103
154
243
85
143
81
34
242
115
50
53
52
377
130
42
59
572
24
43
2257
53
27
173
32
85
31
29
43
150
49
53
52
37
32
27
172
29
77
54
51
39
27
120
668
61
40
194
89
390
50
98
46
167
33
102
72
49
311
56
53
377
36
45
29
136
70
60
51
43
44
72
161
201
325
145
75
44
220
641
125
20
195
49
21
53
171
152
244
74
28
57
5
47
77
50
91
71
176
198
51
29
398
40
95
24
167
26
171
73
37
99
31
15
42
55
101
160
54
102
64
72
39
141
30
78
77
59
168
40
175
65
49
150
636
51
102
42
186
119
86
106
44
74
126
198
35
74
127
347
169
108
35
64
198
233
45
216
50
331
44
270
33
168
43
32
47
40
55
99
106
28
36
75
305
39
237
80
79
77
42
54
57
2542
131
99
69
0
326
36
25
28
22
22
60
62
707
94
31
25
30
88
18
101
35
45
58
54
33
42
153
51
48
79
191
47
83
210
169
140
51
185
292
148
124
94
93
30
118
31
36
105
83
56
98
33
26
65
117
25
254
71
42
292
209
468
73
153
12
287
314
37
37
93
96
82
153
45
552
197
53
296
248
63
27
156
898
183
461
239
186
40
33
27
61
50
25
66
194
95
1455
37
113
47
99
47
154
41
81
43
67
63
483
103
51
53
91
161
34
199
199
503
41
123
28
290
356
38
36
31
24
120
88
161
149
151
47
71
24
226
27
55
41
65
61
135
28
43
31
47
88
45
31
188
42
29
90
177
47
68
78
121
239
56
301
194
48
43
72
158
48
544
96
115
27
184
21
34
421
337
39
187
33
96
23
89
134
44
29
113
68
327
26
693
45
340
54
25
44
117
56
225
110
77
37
493
58
88
154
34
145
36
377
442
93
249
229
89
47
21
54
101
37
28
35
54
159
154
192
439
30
708
30
155
59
84
244
86
77
179
197
718
237
82
48
91
310
67
128
46
39
181
45
29
78
38
16
163
51
41
58
157
67
44
316
60
29
63
135
1
45
349
106
53
96
52
24
19
30
40
85
42
46
247
27
246
84
66
31
54
4
101
126
50
96
140
25
169
120
535
86
41
581
106
130
73
70
28
27
30
234
162
19
75
25
29
105
137
47
59
79
41
27
32
65
86
74
140
29
102
1969
70
51
13
96
30
61
42
75
112
54
25
88
104
101
91
81
101
101
38
54
73
42
74
198
225
38
152
28
59
67
67
178
83
122
29
92
59
30
50
380
177
50
28
51
80
39
58
51
100
503
370
51
43
180
157
184
503
81
30
44
54
798
51
28
89
52
24
34
45
145
583
27
421
184
114
85
39
43
184
29
53
124
171
95
75
44
27
28
102
62
100
53
28
35
182
22
52
26
39
38
104
59
98
104
8
442
84
85
91
32
368
93
55
54
43
150
51
53
23
34
147
41
119
78
58
39
251
45
54
70
472
42
73
27
27
64
34
44
30
29
84
18
64
51
832
58
44
34
45
90
39
59
61
35
116
115
352
168
49
352
54
36
1731
52
76
185
41
50
97
71
180
739
80
54
170
303
37
206
564
86
194
75
46
26
49
42
123
49
26
64
143
66
394
42
305
167
307
157
211
25
14
64
232
22
35
32
161
29
52
38
132
12
54
345
43
894
88
14
199
32
104
60
28
141
54
81
77
132
88
59
40
44
46
53
46
187
232
62
47
83
187
243
42
21
4
12
24
45
30
22
102
1281
282
77
47
49
87
545
2
87
25
76
180
37
47
60
49
55
73
143
887
62
82
123
26
370
39
82
70
49
185
687
161
56
43
54
93
77
191
61
54
145
51
162
28
164
140
198
43
46
89
31
188
268
308
24
123
112
68
73
50
78
1
31
146
47
180
50
37
179
50
50
130
16
59
178
203
181
73
543
119
88
49
48
74
46
216
54
47
170
43
186
41
68
244
28
24
63
26
43
80
75
11
48
85
101
18
41
89
30
92
383
31
35
51
42
39
39
74
49
71
35
94
44
54
147
40
54
118
343
27
185
28
90
34
58
92
102
3
37
28
189
42
175
166
45
311
39
81
27
148
56
179
236
68
140
146
85
440
503
181
83
27
67
44
32
54
498
110
51
263
160
98
569
192
601
135
29
76
47
72
45
97
34
29
47
59
42
53
41
6
49
127
27
25
603
22
79
44
91
147
64
62
107
53
244
107
33
576
638
798
114
48
72
394
50
79
98
28
115
196
32
42
123
98
107
2642
271
49
80
48
118
223
381
124
76
4
30
120
148
36
190
42
88
172
150
26
381
49
45
76
135
85
224
297
125
86
790
47
126
333
130
198
53
52
172
94
41
140
31
48
503
44
350
51
93
74
160
79
25
25
121
102
134
773
31
121
50
54
73
45
44
29
98
289
74
25
27
24
87
42
29
40
83
36
145
23
314
91
301
61
168
163
51
950
93
83
106
125
222
158
109
647
48
41
85
52
36
45
47
56
144
46
563
136
503
81
154
68
29
56
48
77
29
289
70
40
147
22
97
102
154
161
475
34
23
28
54
54
157
340
59
47
42
56
47
117
75
158
97
81
23
95
119
125
78
163
63
316
150
193
29
47
74
30
38
141
793
49
45
36
303
41
61
2
192
48
28
162
64
48
125
177
36
50
110
54
55
196
94
246
66
88
132
54
54
75
539
100
78
87
71
82
84
707
768
296
170
773
47
25
49
28
46
16
121
42
24
77
100
71
40
36
41
157
160
46
74
556
29
49
484
164
173
46
561
19
82
50
35
80
51
109
86
24
30
134
180
328
162
57
24
121
155
374
194
281
134
42
155
102
41
49
47
34
182
40
64
149
36
168
197
47
46
171
76
55
10
592
23
535
92
200
57
259
50
56
88
44
62
30
61
29
141
117
47
31
48
80
56
88
177
143
362
42
184
34
33
43
51
86
30
24
52
180
73
35
56
51
54
51
181
503
54
29
572
169
27
122
37
67
70
77
341
67
29
116
35
28
6
43
193
24
52
52
137
37
126
69
36
162
195
495
45
33
5
37
37
66
182
34
44
65
543
64
26
61
27
54
339
34
46
48
39
151
26
159
33
42
38
53
401
52
28
27
49
86
143
86
30
91
310
78
46
84
37
44
86
51
42
53
89
128
25
100
183
125
114
99
101
40
25
51
50
52
38
29
28
50
25
52
29
30
30
26
72
138
32
131
503
23
52
57
130
46
61
89
1
5
36
42
246
177
28
65
85
85
334
34
67
380
73
176
61
46
339
43
540
224
48
83
26
160
135
54
65
36
31
34
27
57
212
318
220
24
39
169
40
177
72
26
375
115
188
107
459
29
66
9
23
61
94
41
144
24
28
74
193
309
51
557
45
97
147
46
139
135
39
70
37
28
150
144
24
27
86
153
47
84
56
193
91
26
85
503
45
85
50
74
41
192
97
142
56
74
22
314
85
199
34
63
55
43
91
38
45
232
24
42
287
169
27
59
46
41
35
49
45
65
91
34
506
281
119
44
28
144
42
51
107
81
50
174
341
166
108
65
27
26
23
142
437
53
96
28
101
155
29
34
44
35
198
69
51
98
42
70
138
34
37
41
173
32
47
40
27
8
119
683
54
33
148
3
169
198
92
93
38
146
30
26
169
91
64
17
67
81
119
54
25
28
114
234
35
36
52
19
123
503
45
33
230
176
794
46
40
35
53
535
59
83
503
34
33
68
12
30
126
35
174
55
33
65
31
420
88
111
645
77
99
35
148
86
39
546
150
82
23
61
130
89
17
173
115
197
154
96
66
108
147
49
145
41
73
27
119
15
85
86
327
406
53
2029
44
365
51
112
75
97
102
378
9
33
533
29
90
64
67
171
56
78
571
36
6
269
84
26
379
51
64
25
247
374
190
63
44
80
46
87
34
1
50
54
50
52
70
90
8
37
29
38
514
98
25
42
91
49
170
182
366
29
82
29
33
307
81
186
342
79
75
31
39
39
77
29
95
101
125
69
43
39
65
48
29
441
47
47
43
879
446
37
79
41
62
203
42
25
58
34
162
53
81
164
46
373
39
54
24
89
37
26
122
77
47
85
72
86
38
108
568
85
52
30
40
72
141
28
49
564
9
67
96
75
47
49
80
46
58
41
43
174
74
148
180
46
66
26
143
89
179
22
71
43
223
64
311
482
44
91
181
645
23
95
133
73
36
44
48
80
89
77
38
160
180
556
38
37
503
47
32
86
503
197
64
51
273
72
480
113
91
37
327
289
371
34
60
27
325
296
87
48
81
15
25
35
83
67
52
146
713
176
142
33
93
39
39
8
99
158
89
54
8
105
109
283
160
154
17
182
45
32
139
72
503
24
97
87
79
57
38
302
48
23
103
166
52
25
159
177
117
67
84
126
126
29
89
42
64
26
33
47
20
61
315
30
76
64
313
30
581
73
47
709
84
43
82
25
586
48
28
28
1097
52
74
202
86
274
96
107
49
0
60
219
33
43
88
93
146
90
148
595
61
24
61
230
46
101
64
35
54
151
24
42
70
54
127
21
287
65
53
98
63
48
175
49
76
18
43
85
77
50
127
30
429
96
78
31
66
46
76
454
37
536
124
79
459
89
70
30
156
81
34
193
154
195
9
190
33
120
5
717
148
185
50
68
497
668
199
46
37
86
503
178
88
87
146
41
63
197
53
196
36
51
81
503
133
50
52
117
217
298
30
503
51
97
79
36
39
33
25
367
36
39
36
34
320
33
215
497
38
38
140
68
98
70
22
27
100
61
48
89
25
48
76
115
63
64
50
52
99
56
194
153
51
41
43
184
594
121
16
42
66
45
172
43
80
175
35
194
31
35
46
132
70
64
31
187
237
68
57
168
68
53
86
47
36
263
131
115
127
28
66
39
157
30
170
125
42
80
53
54
35
462
177
65
336
97
143
86
44
166
66
107
88
190
36
40
60
339
30
114
717
471
77
147
99
116
111
42
168
43
51
241
131
47
503
180
29
51
172
72
49
372
542
96
51
44
32
91
102
28
44
31
426
151
37
47
80
23
45
65
721
142
114
178
99
29
101
34
54
61
122
52
8
66
71
36
578
23
180
80
39
36
47
193
94
54
156
72
46
88
23
30
715
53
59
38
183
93
36
63
194
81
196
58
53
32
293
125
109
63
20
21
98
28
78
63
39
6
32
32
53
90
23
191
718
72
30
41
503
25
62
48
47
24
48
219
117
41
90
88
157
30
42
44
28
35
44
39
26
30
43
63
29
202
6
55
48
175
142
49
41
29
120
126
120
42
84
35
42
77
51
28
566
102
74
45
22
50
102
34
162
74
45
30
40
52
47
326
82
58
125
45
108
85
47
17
128
67
180
23
22
151
56
27
469
161
345
34
59
35
91
1854
32
49
84
51
83
421
625
1314
789
63
171
263
28
514
175
159
28
437
23
152
24
67
64
53
441
548
61
150
165
546
134
24
99
9
57
76
96
42
62
76
49
12
503
54
106
43
1816
262
78
52
96
83
126
111
49
80
506
142
42
26
92
31
26
132
145
162
63
1834
49
51
53
5
87
49
46
44
142
325
59
37
87
44
52
66
34
503
49
22
56
135
39
139
42
88
26
101
42
9
119
111
55
28
76
44
520
172
33
308
46
76
32
29
79
47
147
14
118
36
91
195
25
49
180
178
50
172
26
31
42
56
52
27
48
29
77
107
124
35
79
180
50
89
36
40
67
50
48
45
50
541
160
42
36
65
2
35
70
27
247
50
103
221
160
61
118
34
43
48
73
32
188
318
40
49
58
196
100
31
39
47
97
102
66
165
50
141
197
162
220
166
50
70
308
46
110
372
91
153
503
98
129
116
101
384
183
46
4
138
23
35
168
282
74
78
66
152
31
170
4
73
105
657
406
85
198
23
28
90
178
40
280
67
184
38
124
107
352
178
77
159
40
99
233
35
155
183
28
186
222
54
199
116
503
46
702
45
56
30
29
560
115
102
160
98
51
27
55
616
43
35
173
72
93
246
64
108
87
296
51
166
453
28
38
26
514
27
98
28
53
379
9
51
25
835
53
34
193
150
206
170
50
49
90
639
30
559
76
90
391
31
54
182
38
22
52
81
189
39
503
149
87
159
36
529
51
68
44
706
34
44
142
1069
149
194
44
24
37
48
47
30
81
369
42
50
34
271
28
43
188
40
157
130
65
0
34
165
43
216
69
88
80
73
15
40
49
34
44
76
37
34
161
248
50
87
25
377
23
1215
51
51
631
41
72
83
32
118
51
71
50
87
337
43
32
56
71
34
26
88
42
68
55
64
503
82
35
79
33
128
24
79
85
40
96
502
29
313
44
24
41
50
16
34
755
63
15
48
65
121
186
463
103
30
70
56
383
47
90
78
161
30
167
262
93
37
79
48
37
184
45
34
56
192
42
667
118
86
280
114
23
25
38
79
49
325
53
44
55
423
30
224
30
25
28
207
56
63
47
191
46
137
84
142
68
65
479
149
475
31
87
28
52
486
50
51
121
99
144
46
41
30
69
182
135
134
317
28
72
642
65
183
54
73
59
35
51
171
43
43
83
52
92
35
200
98
31
554
87
48
123
163
63
297
39
23
141
50
27
164
760
157
99
51
143
65
388
140
41
32
113
27
97
51
81
83
92
144
43
67
108
31
58
52
28
50
475
30
44
40
179
45
46
43
89
698
118
99
53
72
64
35
178
45
561
71
40
84
68
65
53
100
115
45
64
155
117
101
47
34
87
51
98
65
51
41
100
63
183
60
135
90
83
37
190
29
71
159
154
186
20
40
41
87
343
196
99
79
61
73
754
64
71
45
72
79
83
51
244
88
81
458
121
137
196
40
31
43
50
25
47
62
105
45
38
53
195
36
176
80
230
233
81
47
41
202
34
63
279
240
34
50
31
559
144
334
44
37
53
147
99
28
120
148
28
40
309
53
158
683
412
224
56
38
29
184
23
47
33
47
43
50
55
98
32
132
23
98
64
44
287
101
181
76
200
63
237
378
84
114
29
112
65
86
178
497
168
59
62
168
48
70
38
100
31
58
30
54
166
34
120
100
270
26
34
179
68
35
42
30
48
366
30
188
30
33
60
65
117
84
37
25
67
101
156
40
489
125
30
81
45
44
75
46
51
62
65
24
114
28
67
9
55
21
87
41
46
30
127
442
239
44
119
45
33
88
52
34
40
29
57
26
159
389
88
51
85
4
83
49
540
154
57
62
42
44
150
65
166
52
114
53
70
24
40
62
168
361
114
25
176
40
161
30
191
46
47
121
40
503
41
110
185
186
330
56
46
30
375
338
32
195
28
38
28
52
62
152
89
22
136
238
115
154
50
123
29
63
64
217
140
123
143
227
29
77
51
39
25
53
24
50
125
30
32
29
253
41
27
52
185
40
170
52
594
150
49
65
101
30
53
245
98
117
165
42
76
81
24
42
143
169
56
45
53
82
92
32
172
99
385
142
179
165
1229
62
76
32
370
49
117
45
106
30
94
101
99
143
77
99
50
29
112
248
25
35
44
188
585
27
17
72
558
84
26
147
84
86
38
1154
62
25
32
189
109
42
226
54
49
53
92
78
89
54
78
68
32
168
160
0
31
67
156
69
1
170
182
339
278
41
61
48
20
63
82
37
81
155
213
80
42
77
120
97
33
63
30
29
50
67
95
111
37
88
222
53
102
556
60
59
79
48
145
178
23
98
88
117
31
59
74
46
166
42
149
33
403
45
186
23
87
43
40
25
116
185
48
144
30
8
581
142
20
213
36
30
45
746
92
41
50
143
159
83
65
58
66
25
182
30
52
61
194
39
69
43
230
33
106
189
39
40
53
230
63
30
35
149
58
44
36
58
140
63
17
77
50
63
88
139
34
298
136
34
44
152
44
24
74
35
69
145
39
172
161
81
296
45
49
33
170
78
55
33
73
55
123
166
51
223
54
422
51
45
45
137
54
62
132
40
23
124
68
537
168
46
80
71
113
36
124
321
54
174
227
132
64
48
581
39
170
35
761
22
269
38
129
57
29
61
49
40
45
325
122
46
43
233
51
216
50
67
66
31
44
39
28
60
244
83
28
34
36
477
27
578
53
48
29
96
21
45
54
165
30
179
197
40
46
65
72
145
503
86
189
41
84
50
77
31
77
77
46
197
173
36
67
1509
169
30
52
109
88
49
188
48
96
111
428
186
177
97
38
114
42
35
54
178
211
80
191
168
435
124
89
44
48
89
356
503
50
81
37
135
52
130
51
35
139
51
30
55
46
39
54
323
88
153
48
246
25
145
88
59
35
62
63
30
97
139
116
49
30
584
247
81
415
140
26
29
193
27
36
322
69
53
143
39
47
28
36
50
5
98
48
44
45
26
35
302
176
72
33
51
126
55
52
167
219
102
28
54
25
96
538
2786
24
659
50
163
42
28
1343
28
213
31
90
53
29
65
116
42
12
44
84
79
71
55
38
347
49
51
697
29
33
52
871
38
169
32
43
191
36
27
55
53
53
170
77
150
55
34
21
502
47
142
65
107
206
768
85
30
51
80
34
149
163
2
54
136
294
152
172
65
57
192
196
32
150
47
152
54
374
48
155
54
156
45
92
28
65
199
553
121
95
586
134
41
64
360
179
48
209
172
27
144
47
52
99
46
62
371
49
50
65
143
52
33
267
25
88
239
336
60
106
29
34
179
627
59
196
139
50
87
48
12
140
62
162
74
26
32
49
27
31
131
35
286
194
59
122
70
139
86
109
235
52
41
35
58
52
52
49
87
36
77
340
141
426
195
176
503
90
196
80
32
601
27
35
44
46
74
42
40
48
78
32
78
215
29
48
88
25
28
452
125
44
25
39
146
53
52
43
59
52
148
25
92
292
46
62
178
58
120
62
120
79
72
173
379
105
6
888
52
40
28
48
46
36
542
33
126
84
186
75
35
163
503
31
206
115
182
36
45
251
69
71
124
300
25
35
57
172
78
560
47
78
39
155
38
29
39
45
547
63
39
66
28
466
64
102
68
49
380
72
78
801
60
33
32
571
50
329
295
171
36
24
63
36
176
96
54
49
197
93
23
29
168
271
10
27
180
72
152
44
501
140
34
54
27
64
48
191
45
42
245
41
33
124
52
28
146
2
87
41
117
566
170
57
159
99
40
26
25
366
39
47
185
121
43
47
48
68
80
60
32
48
57
253
39
25
40
196
342
378
35
1711
52
36
25
23
323
294
40
76
118
153
487
27
174
43
49
158
24
67
173
26
45
25
54
115
145
68
264
86
29
184
115
101
146
246
16
46
24
52
506
632
63
33
29
57
194
59
83
95
158
39
56
101
80
86
35
880
72
50
59
120
179
210
114
47
49
170
1124
56
26
27
78
40
430
47
126
29
40
41
182
54
85
127
36
51
168
37
33
50
503
76
332
48
29
154
56
20
50
156
30
50
86
185
176
71
192
31
69
47
66
29
189
40
99
54
122
198
11
32
37
376
183
61
97
75
33
76
45
21
32
43
90
115
86
46
33
31
103
195
26
43
123
188
347
75
46
167
46
356
15
503
162
508
104
27
67
86
39
41
54
231
136
169
503
27
31
30
161
48
27
51
503
42
47
83
43
92
4
106
311
28
2
58
559
37
58
458
42
116
180
57
503
27
50
30
51
64
114
41
195
185
43
161
503
83
45
27
41
323
65
154
197
64
190
67
133
89
99
55
35
36
46
226
26
79
29
29
77
45
102
101
80
383
200
81
61
209
51
90
76
47
193
214
155
17
127
53
278
79
197
555
123
99
47
41
67
18
150
178
43
64
94
87
152
97
281
57
46
117
598
168
54
59
26
40
38
159
43
53
48
117
202
52
143
54
51
28
66
72
44
88
79
84
29
122
99
28
151
95
33
170
40
65
30
26
569
193
173
191
37
140
212
149
66
88
537
53
44
45
117
59
242
107
116
170
48
42
141
100
23
55
115
62
65
145
32
67
73
23
507
69
52
82
41
190
29
41
37
54
63
618
35
44
503
166
20
46
28
39
46
339
23
78
39
145
22
70
160
56
76
136
83
43
305
167
68
172
154
34
52
32
39
26
132
237
281
88
140
80
49
80
360
52
31
120
45
26
397
174
30
13
60
265
53
150
61
54
33
76
27
145
43
102
151
84
143
105
87
38
617
19
307
36
84
29
781
66
75
164
80
39
89
42
52
42
203
64
68
46
62
52
49
41
34
32
49
65
282
405
160
484
53
37
53
81
54
75
43
63
395
47
34
47
33
149
49
102
201
102
392
13
30
339
88
75
86
35
37
27
122
47
599
807
1029
27
50
88
824
51
76
705
411
29
43
370
22
30
46
192
100
64
65
95
185
158
663
57
31
25
45
53
55
7
73
24
189
37
47
102
142
35
49
78
196
8
52
26
106
107
31
141
40
50
154
55
30
333
1
130
64
235
54
31
76
55
40
198
162
52
102
270
161
98
42
48
43
170
350
46
181
658
200
173
59
45
2443
48
35
35
104
36
29
33
86
66
86
77
115
36
23
48
30
27
29
22
89
53
100
35
57
76
54
87
66
64
38
30
127
41
306
192
105
25
115
41
33
236
33
55
102
196
43
33
48
66
63
37
621
346
20
58
180
30
49
45
63
52
35
32
6
150
68
25
34
50
30
30
45
24
128
79
131
138
61
26
68
121
21
707
100
61
46
104
1
51
44
186
41
157
38
169
52
62
28
180
46
92
59
54
26
218
74
42
167
241
48
221
52
138
193
30
31
26
32
65
125
42
128
27
146
53
39
30
4
119
100
54
26
178
124
130
37
49
85
62
40
107
180
28
50
99
36
56
109
186
569
86
32
36
449
123
89
47
63
26
104
398
78
45
49
133
114
58
23
49
174
61
51
110
59
153
31
75
35
82
49
234
26
26
160
59
335
76
71
41
46
34
81
36
756
40
65
154
39
195
29
87
191
42
70
118
100
24
66
60
50
193
97
85
48
174
194
47
219
51
75
229
86
151
46
24
73
47
73
79
2
102
198
77
119
34
147
76
104
22
56
167
90
295
124
42
45
60
104
744
147
42
45
321
43
641
38
37
29
32
85
289
139
124
25
42
69
37
363
125
79
42
53
72
174
60
62
173
24
105
42
28
49
47
45
38
44
159
190
34
52
72
365
102
74
24
160
29
41
53
35
200
43
24
33
42
78
484
42
72
181
275
28
43
32
328
24
36
154
49
314
258
138
44
178
53
26
36
60
39
84
42
178
503
63
76
30
27
44
182
385
123
187
29
46
119
69
28
50
42
32
82
199
109
221
72
90
66
74
162
456
42
105
112
41
48
88
206
96
43
93
32
80
25
564
112
176
73
672
503
311
84
93
102
115
391
64
711
43
160
271
171
70
19
179
44
140
49
325
28
34
733
503
58
164
118
40
18
173
44
36
184
36
366
27
327
167
65
271
46
70
47
37
40
325
41
29
36
163
114
120
36
109
127
70
32
40
362
467
72
23
307
1137
83
149
34
227
50
90
578
51
52
277
68
47
31
44
151
247
24
28
125
50
130
571
32
316
45
85
75
85
47
28
540
71
28
135
149
90
70
50
88
16
31
167
24
48
97
28
177
74
149
99
531
140
213
44
164
368
42
48
17
196
34
33
80
58
35
91
43
54
19
115
61
44
373
183
46
54
37
62
70
95
195
932
213
467
63
550
44
30
28
47
75
26
165
64
47
48
38
41
40
277
121
638
174
293
78
301
42
90
559
45
106
144
62
102
70
67
34
98
40
64
69
111
1225
49
52
47
31
117
115
226
54
63
55
75
89
79
35
189
95
27
157
86
36
29
65
77
157
511
124
100
52
99
75
105
246
71
29
27
293
53
164
49
47
48
95
159
7
86
146
55
237
50
90
36
45
35
224
143
96
51
192
45
79
49
171
186
48
71
145
46
109
50
174
123
161
232
63
180
503
40
211
71
245
4
84
178
38
127
81
346
52
118
158
432
445
2
81
90
26
155
41
44
48
184
14
120
161
57
23
107
157
58
28
809
29
78
31
46
126
148
244
58
109
286
21
122
125
411
29
65
176
25
47
87
35
39
166
168
95
172
167
83
46
50
270
143
50
140
42
53
179
204
76
159
97
33
131
156
45
52
24
47
28
321
139
164
31
207
167
37
72
164
51
111
41
183
105
1
30
50
26
30
4
28
47
23
93
27
230
23
114
28
7
92
165
51
83
29
37
87
34
47
39
52
41
137
48
167
146
43
69
48
24
53
158
23
97
322
102
79
46
116
96
35
48
94
33
44
56
52
112
11
102
84
74
633
68
9
40
82
26
30
59
179
44
51
192
26
45
233
41
23
48
41
48
26
35
17
52
64
290
178
45
34
45
198
26
797
70
47
45
44
55
68
22
42
24
40
101
166
39
96
103
109
52
83
49
377
27
27
58
146
85
169
136
52
50
52
49
401
1
61
174
81
142
52
102
49
60
175
115
64
78
46
149
159
96
29
36
27
62
169
66
64
40
959
23
131
381
63
68
250
117
30
71
37
156
31
68
30
54
111
307
45
325
69
197
41
67
204
42
49
51
217
80
62
27
212
140
80
198
343
387
38
25
75
341
40
26
497
54
60
43
127
132
51
40
89
35
342
103
73
29
46
109
33
39
172
503
42
61
45
351
36
499
63
44
80
49
102
143
99
115
33
133
169
55
162
270
33
93
100
46
102
43
147
4
41
66
54
41
37
90
112
51
30
58
154
37
81
56
39
89
96
71
64
65
91
41
30
28
72
131
228
118
29
46
47
46
62
45
60
24
308
81
12
169
315
223
34
31
35
164
197
303
44
85
157
54
172
73
503
29
49
40
26
101
218
63
150
219
29
57
22
53
526
38
106
35
189
146
28
26
55
29
328
101
43
123
22
157
69
73
38
92
45
31
146
592
148
55
193
104
35
176
37
341
33
123
38
31
40
32
101
189
69
114
121
41
35
40
45
28
149
98
48
83
287
45
50
1190
53
98
44
45
52
63
100
125
47
91
520
2
36
46
251
148
41
160
58
121
12
88
66
92
101
339
50
125
61
73
85
230
64
583
160
80
30
148
79
90
7
1
60
186
325
26
44
84
1486
78
74
210
141
48
65
23
44
42
64
25
58
97
27
49
26
121
51
96
183
59
20
29
139
436
551
26
29
91
39
198
82
98
50
91
29
26
67
78
160
73
58
65
156
101
36
145
43
46
110
33
22
32
83
5
44
81
33
102
158
54
159
170
279
378
51
149
67
81
30
58
75
74
87
83
47
35
30
74
68
41
6
43
35
28
79
42
61
192
40
2
50
41
22
79
50
41
192
44
159
27
113
172
87
40
27
25
173
97
39
85
71
88
161
15
240
107
108
101
180
381
273
25
33
66
46
623
76
600
54
335
134
30
193
33
27
64
52
78
318
167
97
50
151
43
360
151
58
76
313
181
1590
224
23
186
54
43
40
144
51
49
113
68
23
25
50
718
63
94
99
40
143
499
142
81
32
111
53
129
73
754
48
63
29
322
78
171
62
31
53
52
115
23
25
66
130
65
29
64
73
49
58
86
393
173
35
124
315
67
29
144
213
29
52
353
696
68
36
53
69
128
34
145
41
45
475
35
1052
186
133
70
57
1037
53
30
86
139
98
45
40
96
55
243
27
343
560
30
36
61
42
67
47
172
53
42
31
47
74
103
69
28
78
162
312
197
65
181
98
28
52
180
21
91
52
53
23
21
50
199
99
503
158
41
90
34
28
38
41
43
176
67
40
127
198
65
57
80
472
36
27
213
223
76
56
114
47
36
51
93
132
512
57
323
170
52
56
149
181
47
28
23
183
67
105
163
26
367
51
157
41
47
69
38
37
369
25
86
319
136
89
165
120
48
85
54
30
27
85
54
48
81
41
30
16
26
155
89
151
69
166
111
126
146
144
114
34
162
3
29
42
35
25
30
33
89
43
114
28
193
80
75
40
229
46
133
36
373
27
55
27
77
31
29
174
73
149
56
98
548
29
48
88
182
190
146
143
43
530
46
14
68
27
78
329
144
274
289
25
150
167
66
83
135
103
33
33
47
150
29
101
36
541
46
54
42
44
169
31
51
98
43
32
36
539
129
573
164
84
49
160
163
144
454
299
46
28
38
98
106
105
37
57
21
196
50
52
74
155
98
78
227
83
108
88
67
29
49
30
84
243
27
125
343
32
26
52
54
91
171
167
94
120
48
43
37
514
569
209
96
39
349
46
36
426
36
216
270
52
46
90
49
117
29
28
49
191
151
169
18
200
40
48
75
156
95
26
189
160
321
339
143
52
113
51
132
62
64
44
173
49
377
50
114
23
468
27
43
28
72
503
55
58
163
61
187
44
47
231
190
417
43
120
79
112
64
41
107
57
258
12
138
199
24
35
116
40
50
62
246
74
49
150
103
62
44
174
57
44
159
42
55
47
317
417
100
44
195
70
164
49
891
150
448
139
51
124
174
38
30
33
116
556
29
60
34
36
173
45
88
49
46
44
30
22
77
57
159
37
54
47
220
125
106
25
73
56
145
125
56
49
54
28
103
503
40
33
27
54
55
81
87
141
187
42
184
367
225
1316
622
69
24
141
87
46
78
30
72
340
143
60
46
72
588
224
363
174
28
28
20
96
30
669
503
191
86
81
35
40
25
697
158
26
52
254
639
110
52
322
98
174
26
47
34
144
99
40
48
198
40
176
127
46
86
52
45
54
40
463
52
158
102
94
567
26
35
25
409
80
49
265
423
503
125
115
86
190
115
95
147
26
28
85
79
103
520
261
166
122
79
21
44
39
212
181
190
47
90
225
33
44
38
59
142
35
153
1
103
80
245
32
44
113
60
99
28
49
11
29
13
154
217
36
138
25
27
36
22
97
51
100
31
161
27
615
163
184
626
54
32
85
100
687
211
54
47
102
48
111
66
63
30
29
53
88
36
69
48
320
23
68
53
102
38
165
38
263
71
46
42
1
52
58
12
79
65
30
45
195
41
149
26
45
117
245
503
289
75
100
53
52
42
108
48
30
42
33
57
54
65
186
200
24
94
35
24
26
123
45
503
137
332
79
70
45
12
84
230
52
76
381
53
25
43
44
169
29
28
29
251
47
49
51
626
30
46
311
5
53
27
45
72
503
160
36
177
171
53
100
177
33
23
49
68
96
92
89
36
76
189
365
97
87
39
53
40
53
97
323
172
845
167
27
91
160
30
28
52
97
330
38
34
287
49
29
30
73
30
41
31
131
33
78
108
98
1
27
79
335
47
31
27
324
66
109
49
99
81
246
112
61
84
44
106
72
