785
456
111
68
161
65
136
744
445
250
45
131
1236
807
314
57
548
111
854
47
2839
409
19
853
101
2918
359
54
40
163
56
221
34
1136
74
2
865
298
405
1680
90
1102
54
850
304
325
767
62
20
38
20
49
99
1
27
426
56
396
65
503
1585
397
168
695
631
39
50
349
173
402
53
1068
700
3
806
135
101
405
352
36
429
1682
60
580
24
95
199
109
60
278
1447
1708
506
469
178
414
2109
340
44
2431
582
0
211
69
564
112
361
832
187
140
320
227
292
349
211
86
399
376
186
53
20
1479
969
744
470
1464
355
858
346
463
20
100
191
20
149
183
423
293
100
850
420
34
1712
146
9
24
264
152
33
280
100
357
392
79
148
86
148
59
371
131
432
850
211
140
267
307
93
765
72
348
316
212
1274
503
152
264
392
221
215
46
296
1986
210
45
1325
44
129
1256
364
246
517
1448
36
44
31
111
349
56
364
787
21
79
1422
842
149
323
40
54
724
52
353
1289
74
92
186
14
32
104
23
24
1285
839
14
39
1645
1653
68
69
187
33
1756
811
106
146
20
48
84
841
20
58
618
227
33
1644
314
35
372
386
98
204
78
1028
183
123
276
1133
162
121
3
12
1670
753
1138
162
55
379
1079
751
804
20
84
644
94
106
248
36
271
104
39
95
1657
91
361
111
904
189
421
14
24
20
20
459
17
131
222
266
618
157
20
385
729
1535
205
171
1673
2
132
860
1492
125
421
655
56
218
387
62
19
35
193
1658
386
7
1496
1233
503
74
83
103
39
153
845
40
61
441
22
1831
101
350
259
1389
797
601
470
29
202
161
746
130
37
68
607
1690
876
311
368
499
317
103
63
527
736
1057
51
111
221
19
129
941
580
78
424
1814
17
230
65
739
99
18
367
107
78
188
278
296
409
201
1225
64
143
49
386
681
553
618
591
112
34
117
79
21
416
554
296
64
852
607
53
21
768
20
219
1076
855
21
110
280
41
41
86
216
587
146
197
534
43
38
69
355
316
40
166
215
748
58
247
139
745
1323
0
303
27
214
124
66
316
167
1142
64
75
97
808
209
90
862
350
51
111
30
2175
627
290
139
746
444
195
426
950
119
732
849
1221
48
99
277
113
252
322
36
255
363
79
243
825
182
127
422
194
345
102
51
67
300
147
324
1584
325
38
126
483
308
848
113
580
644
1224
51
47
31
1269
555
81
34
50
821
213
41
2
159
113
347
238
1082
1192
36
85
134
52
1715
85
174
55
64
630
538
434
1070
418
112
147
2488
247
35
2404
287
404
1085
218
763
879
788
3610
943
595
72
45
872
64
56
268
39
741
45
195
80
25
409
234
87
834
46
323
331
297
806
199
2083
134
384
32
187
1521
1282
144
108
60
31
616
136
1261
0
38
23
22
33
1508
59
38
850
350
22
48
59
605
199
634
20
42
85
265
145
451
431
40
837
350
118
160
646
50
420
817
3
243
49
1428
354
274
170
21
261
407
1031
514
227
112
100
18
102
98
462
372
211
53
1281
444
142
190
19
626
147
356
162
865
1000
114
1257
120
56
0
39
96
126
217
1013
206
67
413
692
1280
424
743
65
550
416
375
177
681
2825
729
732
628
88
252
212
641
308
273
49
19
104
6
204
9
409
510
1078
58
836
118
831
3
136
57
523
326
814
58
408
439
842
12
212
853
113
832
1481
385
307
325
2513
46
838
503
77
426
568
327
914
2199
328
910
49
19
87
1720
133
20
2122
107
99
19
1517
433
584
1787
50
365
38
855
752
797
189
230
69
1379
959
739
53
1551
206
70
723
1273
106
321
552
102
62
48
824
32
197
591
935
332
31
362
254
273
323
105
149
792
39
232
29
164
2594
90
156
212
150
309
64
555
20
400
477
128
536
46
1277
352
35
1454
731
507
210
37
172
344
1015
408
426
52
206
185
208
273
428
53
164
109
362
51
584
153
60
312
2304
199
172
54
46
797
77
134
50
106
186
220
31
629
301
45
20
47
636
65
635
744
637
1229
423
21
150
800
212
113
1165
840
338
210
315
1480
326
1444
192
576
410
239
19
20
178
306
153
397
20
127
1474
37
40
76
503
3
368
20
21
21
310
500
587
35
38
36
412
158
625
66
30
345
809
92
321
106
200
1295
1012
1255
136
45
19
573
500
137
227
655
48
196
155
31
843
472
649
1500
623
1011
222
195
1049
162
146
160
807
231
293
71
130
210
74
418
736
1954
52
110
65
440
141
43
400
219
254
1047
52
49
47
50
110
445
27
103
28
191
628
38
123
37
506
374
50
80
1153
122
421
720
40
328
123
378
394
57
51
44
6
408
358
131
20
579
442
35
790
50
21
368
2
309
696
985
393
26
217
854
0
611
283
153
0
845
1237
712
1281
610
51
14
269
164
215
105
128
58
1413
195
207
228
348
1592
214
1004
746
19
421
750
9
209
110
166
3
412
42
1508
511
707
1066
395
729
3397
157
49
55
1082
124
1973
215
112
1279
711
21
327
350
1631
130
34
63
26
698
82
72
1212
1449
155
32
173
495
430
162
46
54
48
153
2015
109
175
891
848
327
530
396
421
633
1492
882
60
209
812
744
31
1003
81
86
110
320
185
166
92
208
397
35
213
639
271
31
76
106
238
1118
2274
266
44
39
246
194
993
349
844
118
1386
394
259
79
1455
804
44
1131
353
115
1482
735
208
130
186
207
756
383
110
154
21
101
250
36
635
1275
210
680
503
40
214
235
20
996
421
12
218
21
723
29
99
194
70
164
144
166
366
95
36
35
96
666
447
69
24
402
370
423
245
62
108
219
1798
66
431
55
331
741
1481
414
46
32
191
154
632
398
436
72
678
80
81
31
296
636
503
55
99
193
93
1055
379
40
9
97
270
1419
78
51
56
48
324
579
355
729
66
159
279
728
552
85
209
197
96
881
1445
224
38
1059
180
388
359
50
1466
838
90
960
1487
52
91
67
1885
612
123
1425
125
84
22
87
319
290
228
192
813
626
21
840
326
639
623
302
429
216
214
55
20
321
1175
66
42
589
74
402
56
471
1436
159
626
1669
201
134
1015
194
30
37
1216
104
304
20
375
609
1279
570
153
6063
190
21
1695
109
186
1424
126
953
1220
765
410
211
250
78
197
80
42
212
395
102
69
1545
391
20
46
1450
116
186
378
477
163
1163
1104
280
12
634
1072
1145
197
17
111
1494
366
52
1024
24
83
44
1711
2221
2437
388
429
358
839
751
246
220
328
207
1489
163
421
31
14
456
108
388
0
426
113
153
223
71
44
315
532
378
142
101
329
41
1436
427
805
847
43
147
690
526
59
329
268
145
739
59
330
211
921
593
7
198
791
776
1506
188
480
102
23
20
1206
61
214
1070
136
1712
64
38
1066
151
42
1941
157
69
65
830
142
284
105
2130
856
71
1506
371
206
952
649
541
3
609
381
51
729
503
1751
100
336
97
130
100
56
184
204
265
49
240
223
227
52
614
849
125
424
643
412
145
489
1071
96
67
57
45
395
37
76
34
60
47
20
52
774
31
55
544
314
47
3
78
402
113
427
18
215
32
610
194
807
161
31
1547
53
1390
21
137
118
96
784
1131
170
66
126
1490
270
68
956
110
106
401
331
50
40
1297
1917
55
183
142
74
209
43
217
1040
50
221
1500
111
657
987
94
96
1063
141
136
21
43
20
105
753
336
805
20
246
19
1337
120
27
1414
400
304
41
40
28
198
237
215
111
1274
82
437
1011
463
21
327
355
117
365
83
7
2084
391
98
1481
37
752
616
33
21
42
212
214
174
500
124
120
4411
420
204
963
114
859
842
1426
212
839
103
1874
151
161
51
165
108
31
210
21
845
641
384
119
1050
63
786
1069
214
503
32
27
15
1317
215
113
95
71
314
228
1442
213
71
202
1032
139
139
1593
21
1076
313
1157
471
78
30
212
3
19
267
962
44
432
35
413
427
179
72
42
840
209
104
632
102
429
72
313
32
304
193
141
398
763
153
91
1893
932
198
41
615
967
729
1370
127
51
1044
61
48
599
785
226
309
627
706
10
606
635
53
152
3
1235
35
33
416
635
804
129
822
1208
20
578
320
43
745
3341
402
156
206
483
21
15
393
434
1476
1495
45
94
80
99
135
639
94
364
326
752
135
41
138
57
460
573
565
30
106
44
100
1602
79
21
643
1649
1368
788
84
1415
87
285
405
849
50
1596
775
896
302
83
844
378
244
102
1473
842
49
104
43
800
638
439
4044
202
557
39
44
311
33
56
1359
46
849
181
185
1250
148
2770
55
580
40
57
107
2848
31
20
58
231
560
38
723
126
102
69
275
102
393
74
75
492
56
307
720
1376
110
44
1945
99
321
621
351
163
3
123
45
299
35
148
851
829
99
322
127
1281
525
471
78
75
18
50
51
430
272
111
336
594
233
144
20
30
105
203
1074
154
2921
56
68
736
348
50
531
151
211
47
78
113
99
1394
326
857
207
299
374
374
428
124
20
19
86
221
840
1131
639
148
566
213
408
503
76
76
393
299
829
113
282
58
23
83
863
659
738
197
867
86
1239
284
330
239
1077
642
907
135
20
431
8
827
43
864
64
1225
19
61
188
51
20
39
18
86
46
296
1374
59
408
1595
362
198
368
1023
192
27
196
831
405
281
39
36
133
89
995
493
801
46
405
1432
414
377
1129
208
75
83
1630
409
146
33
241
59
82
1650
403
531
89
1135
218
43
580
749
618
705
16
642
58
1422
41
91
503
51
113
1070
418
151
138
33
285
839
87
38
52
659
289
52
113
308
31
744
386
1184
745
716
74
1460
101
1431
21
68
1336
273
20
213
434
754
119
757
53
371
122
453
838
640
30
1377
20
1033
634
21
375
2404
49
524
211
50
266
796
835
824
147
108
243
94
846
340
767
1045
153
95
44
163
218
718
359
798
399
0
326
892
1017
215
165
267
427
102
141
117
561
38
111
463
43
20
196
857
209
553
57
194
510
30
1670
42
213
101
165
12
243
1480
176
804
587
144
850
113
143
943
114
314
190
331
374
146
378
43
1501
342
109
20
43
376
57
154
41
65
208
99
83
578
354
61
1402
80
791
536
321
648
857
307
420
122
193
631
350
401
472
145
686
205
423
430
233
58
148
20
71
589
353
47
379
1501
557
1500
8
638
3401
105
1509
170
176
206
110
113
21
258
36
440
21
96
425
1646
1706
383
21
19
27
410
1635
87
26
184
1508
587
242
312
166
317
688
271
1537
898
124
2
290
206
20
116
11
89
135
30
344
747
799
38
977
75
472
1594
431
933
387
57
97
213
1021
961
70
187
198
103
403
34
266
20
51
113
198
155
316
448
100
12
75
527
34
93
411
1739
202
519
115
1583
1659
56
566
121
81
206
44
560
67
153
750
503
832
38
1213
1594
350
553
122
625
751
241
19
158
56
220
272
871
757
1227
20
165
116
1474
1194
194
435
605
147
48
99
423
1445
431
1274
891
164
145
108
305
1486
1738
721
28
1055
203
48
240
1029
868
104
859
29
85
905
295
60
376
13
1654
863
45
45
51
1017
26
143
107
57
425
229
582
3
735
1345
1228
67
1418
389
61
319
44
144
19
3299
160
641
424
79
875
87
159
316
20
272
1473
120
427
475
1490
185
842
2669
1456
202
141
1064
345
854
1380
63
20
221
192
395
1235
32
412
152
58
57
503
181
87
50
21
634
844
20
8
850
230
109
191
199
200
27
78
108
371
1171
186
25
290
103
176
833
319
106
210
368
85
97
200
21
48
23
361
268
185
396
47
32
19
32
388
55
54
107
160
422
20
203
2602
406
70
357
165
36
205
92
133
112
38
86
88
280
19
101
317
74
464
383
1011
535
430
214
38
103
265
244
1466
137
110
436
253
1071
864
414
796
30
126
149
532
423
272
1174
358
3
0
426
108
93
541
806
799
1631
335
1645
1061
196
58
50
413
426
268
1446
148
395
1653
195
1473
124
404
378
106
342
38
124
1067
813
357
21
20
104
575
326
30
565
138
53
1012
351
310
619
1013
38
1282
277
254
21
1580
827
856
1662
426
8
1051
537
158
139
427
201
825
648
1593
160
337
326
210
1643
406
19
71
827
119
620
101
394
60
842
72
200
647
327
3
19
426
42
1060
272
316
1016
148
69
26
91
357
40
1218
193
5497
51
20
384
38
21
67
159
326
299
114
44
829
1059
81
898
1088
39
321
31
635
178
477
152
53
136
408
408
19
349
428
78
468
444
41
215
102
29
82
450
37
210
47
213
2418
84
267
141
51
35
29
1792
362
187
78
101
407
344
2459
1079
38
43
131
89
13
71
84
107
83
272
38
788
800
272
3725
817
270
482
317
69
64
613
176
822
2282
19
108
441
56
601
300
94
1902
641
93
216
300
403
1497
784
159
358
325
19
46
162
378
892
402
66
424
304
59
440
214
53
1266
527
3
7
29
634
111
1072
216
1702
20
20
31
394
715
627
292
57
71
39
146
1552
20
34
149
800
1384
546
391
261
301
724
981
317
351
47
281
41
301
584
2424
20
186
368
72
106
306
180
21
603
503
19
553
694
621
19
1029
1767
1198
21
2144
41
69
856
408
1651
108
111
41
43
319
19
20
808
59
19
79
317
247
131
243
17
101
535
847
21
48
1085
62
151
359
186
82
37
133
360
85
74
65
587
55
503
96
20
912
131
20
843
61
184
407
326
200
264
98
540
329
736
46
201
131
857
37
668
211
840
805
344
0
536
865
31
668
209
807
121
27
20
117
101
375
1867
159
290
151
210
183
206
65
412
821
754
34
861
57
139
50
245
69
476
246
48
61
336
329
323
20
587
1013
35
1478
269
196
1434
321
1259
139
93
30
181
87
685
182
841
86
1902
1496
370
59
174
107
151
198
699
21
380
741
1213
512
38
301
237
48
123
87
176
374
557
367
28
47
28
50
638
184
353
55
857
194
518
110
432
503
2
380
713
218
273
36
503
390
357
324
320
9
29
375
311
766
40
48
226
303
210
231
3
35
1026
569
1677
428
38
49
74
88
820
212
188
53
633
165
132
54
53
156
852
97
312
368
49
150
50
316
69
76
57
971
755
580
437
449
125
266
1205
1051
22
743
59
603
199
19
18
68
56
198
360
105
106
200
360
33
159
2
96
1064
932
723
40
372
106
201
990
549
75
1584
104
190
91
528
196
35
503
85
533
66
412
246
413
106
815
1016
1425
503
611
835
184
130
415
54
223
632
30
232
65
871
1475
417
52
38
93
728
963
1407
54
356
128
63
20
392
344
557
88
107
323
208
1274
379
993
178
789
89
1181
399
28
63
238
110
72
53
471
217
804
370
313
368
268
44
104
154
105
815
539
129
372
585
124
270
58
20
1520
496
1477
112
319
398
696
1573
105
111
363
721
305
429
800
72
79
78
19
103
750
643
375
7
809
183
415
45
20
360
129
392
453
83
84
1426
108
1564
301
431
588
110
109
784
150
67
1964
310
56
110
443
1228
16
0
207
98
59
20
63
71
1428
129
42
230
37
1070
161
40
190
1247
146
22
400
35
92
105
160
370
72
56
215
524
506
705
60
20
352
197
118
545
113
421
1044
46
368
561
192
740
55
132
817
315
1412
210
242
667
57
144
1502
34
413
53
90
395
833
151
1414
1478
25
410
86
424
314
423
186
77
1280
102
38
115
110
38
69
99
349
346
61
369
48
77
150
740
17
49
1127
120
22
135
189
137
213
528
528
1714
47
44
970
79
847
28
422
53
315
769
124
746
376
169
317
137
645
93
740
117
847
30
272
3589
2438
2231
85
1242
51
20
300
71
51
175
24
861
1068
151
74
143
80
206
995
20
56
756
416
762
1171
29
211
350
373
422
42
27
796
810
763
83
2565
585
136
402
321
407
110
3370
49
53
414
86
378
465
75
196
470
388
816
145
22
710
1652
403
108
414
370
417
369
273
1713
1068
201
451
461
88
818
2312
213
202
30
372
310
2097
342
1453
82
501
58
195
69
44
868
106
695
734
206
406
94
183
7
1496
847
827
279
292
826
20
40
163
99
28
595
1503
159
128
587
100
77
152
486
1272
160
730
540
1490
315
147
94
861
149
318
41
90
1070
69
191
1156
65
381
185
55
333
1583
0
125
183
282
31
77
190
879
273
737
155
143
80
33
255
503
19
212
102
1380
94
873
174
103
46
37
1611
157
212
875
89
1667
230
48
19
803
1161
22
179
203
409
16
672
57
20
1216
342
795
416
177
781
113
483
62
433
313
503
49
155
319
196
81
537
614
429
34
131
12
815
785
221
161
250
841
1723
84
842
124
1527
1383
102
46
20
2147
210
990
971
308
115
25
321
248
147
86
354
721
808
33
423
270
42
42
1662
911
379
122
90
573
408
154
795
1387
212
73
265
1444
836
533
358
80
109
1053
731
94
1045
362
935
151
89
36
962
62
26
1053
816
1288
400
724
98
114
210
28
401
20
314
392
170
608
1628
96
21
755
109
213
522
1463
57
533
273
581
99
21
142
1277
168
79
198
788
618
143
152
883
70
51
115
20
312
29
77
727
104
1686
383
421
2197
353
351
19
20
614
696
27
103
1238
331
80
196
1490
322
569
401
121
191
70
47
898
620
50
1211
56
53
1074
22
1263
1225
772
353
125
93
137
1616
107
73
219
200
852
21
15
39
1642
56
36
60
1253
503
110
59
696
326
560
314
107
210
1039
20
435
44
375
1576
503
478
745
742
35
108
238
1063
1433
20
7
50
987
306
224
128
59
56
40
49
59
20
103
366
2118
72
211
236
311
20
307
121
124
19
15
69
249
134
109
252
129
29
107
1046
26
827
136
325
166
57
1368
92
300
105
109
790
105
36
1372
20
145
590
183
208
137
356
772
30
146
915
187
639
41
831
394
311
644
78
230
54
444
20
41
196
1182
34
148
308
21
270
203
736
121
215
203
125
421
105
41
46
689
31
503
736
445
358
198
113
39
456
1497
51
373
61
139
1432
218
752
97
819
203
1266
44
404
419
303
633
0
1268
255
45
79
422
54
819
30
398
1012
147
988
854
48
70
339
190
1069
639
503
711
1679
125
547
603
98
243
19
21
1546
826
73
776
313
211
462
768
265
740
65
334
67
89
572
311
163
779
20
41
21
160
1013
75
135
218
106
1003
722
93
1701
248
42
56
1270
41
0
20
351
195
1075
477
213
73
133
47
155
30
31
33
76
607
19
1391
342
46
106
217
20
1685
108
78
226
23
739
138
53
418
3
816
36
419
113
204
245
400
14
107
37
1502
828
209
107
155
720
20
811
778
216
412
251
92
172
308
188
49
575
201
643
445
45
102
540
1210
826
1045
1448
98
739
19
85
95
845
191
2134
107
93
83
258
870
276
325
892
53
182
111
432
385
480
150
466
831
47
827
563
144
1459
208
53
165
158
70
709
55
38
718
15
50
429
1209
614
776
12
263
274
3
1387
1266
369
219
847
22
1133
19
503
850
112
365
513
474
202
453
860
26
2835
47
33
111
194
206
1263
53
43
154
208
328
743
165
718
2803
171
111
55
746
172
201
622
46
1641
1267
34
47
157
539
178
855
292
239
273
142
538
182
68
62
99
410
35
131
409
133
1021
215
846
95
58
412
937
1782
851
155
59
612
54
341
883
15
1221
700
3374
716
196
543
216
128
29
2511
113
382
1230
320
29
109
657
161
199
327
213
214
66
145
142
86
965
72
37
1058
40
218
217
864
73
151
361
194
53
1690
287
184
1489
20
76
28
755
228
232
1652
593
172
149
140
107
91
1019
398
394
60
653
135
129
1175
53
19
108
16
432
50
968
42
48
303
433
1
427
20
1069
569
769
713
1264
390
1487
1067
438
34
1471
1741
519
416
819
20
295
865
1677
387
422
189
179
304
45
106
314
48
943
215
3
85
200
1481
1697
100
367
141
87
934
1219
186
957
107
20
109
201
264
717
183
89
47
1053
59
1654
696
95
204
75
430
110
409
324
171
403
20
86
38
856
805
553
266
113
24
179
362
152
210
930
754
48
265
590
1203
54
43
145
348
89
1488
581
57
1287
1090
670
1588
322
67
465
173
1103
156
18
107
21
393
21
387
426
201
51
1366
174
971
398
503
846
287
302
134
85
167
103
403
139
300
708
137
79
365
646
413
11
816
125
177
719
802
1072
1438
866
298
104
13
93
45
74
343
432
34
213
14
135
107
415
252
206
555
22
1426
21
246
357
68
205
998
420
62
2434
395
1613
669
219
367
418
208
1454
113
489
672
351
455
44
123
124
37
591
788
417
694
274
316
375
1169
249
151
1278
531
391
32
20
122
367
1726
650
71
205
101
58
21
648
134
1218
773
635
428
20
106
0
203
777
1384
64
35
52
456
828
83
81
156
138
78
20
355
69
21
19
79
348
264
851
1475
77
45
58
168
55
2440
75
77
803
22
141
2
35
92
1435
22
1708
82
167
174
913
115
172
27
419
384
69
613
110
735
743
379
420
480
367
722
1705
216
47
189
852
374
36
433
411
393
32
426
273
261
154
365
20
292
1369
175
836
561
730
746
836
31
141
437
744
21
474
180
430
43
190
446
118
206
212
93
2349
2191
196
82
749
157
716
393
40
265
1219
114
37
28
291
436
20
19
314
503
85
1423
365
320
81
368
1385
57
39
579
1259
325
43
400
413
1640
318
361
32
394
201
42
20
48
0
152
80
178
833
244
785
1119
42
51
1910
41
20
796
366
639
38
43
101
21
262
751
21
81
1453
310
21
1725
255
56
427
499
1939
486
409
240
267
730
42
823
151
39
839
847
54
1158
211
22
35
300
468
777
52
0
296
211
90
601
408
109
738
1407
35
49
50
324
833
294
45
37
1430
297
1652
475
318
230
49
200
142
108
860
2
463
76
465
45
700
293
207
424
552
312
231
848
185
106
26
679
154
221
44
50
99
413
86
59
48
38
76
25
117
1009
484
279
92
374
785
630
818
967
747
744
142
293
87
22
405
8
221
20
22
14
159
323
138
57
17
102
1049
85
836
72
86
846
48
262
855
751
81
151
88
456
800
43
573
110
640
205
57
115
579
463
503
142
1224
884
1903
1148
692
52
53
629
792
631
97
104
279
310
257
56
2131
85
13
68
119
698
845
750
70
36
58
1432
33
91
731
32
104
51
437
547
1293
0
38
90
181
167
157
49
268
835
20
60
50
20
832
127
138
214
83
57
56
158
426
1188
316
537
29
1174
107
573
200
165
805
20
1243
6
144
211
137
426
50
30
1481
652
313
1023
471
852
724
1272
112
1239
1277
593
171
203
19
146
415
327
26
1659
152
51
39
1456
173
837
352
273
94
51
78
648
21
837
1443
377
417
51
843
90
265
89
129
375
386
503
83
1438
1133
20
114
65
581
745
369
576
63
272
1072
198
233
1457
205
183
101
574
21
418
907
74
21
412
69
308
749
30
431
3264
416
854
39
215
514
148
128
468
27
257
577
37
32
78
98
86
102
354
426
214
1488
68
1726
121
1416
196
86
480
561
38
33
1611
53
1431
127
31
52
831
210
51
855
261
1129
838
52
763
429
197
561
1500
37
382
420
630
140
666
723
358
472
452
1070
357
391
1184
1435
459
1249
265
755
113
218
296
861
76
171
379
476
362
405
118
106
791
370
149
1211
48
86
76
3
180
111
294
416
1495
400
844
18
199
513
723
20
8
606
1037
232
1094
133
631
114
380
579
1445
64
152
190
732
358
6299
644
64
82
107
209
0
355
452
188
365
739
565
153
410
113
1718
60
187
72
45
140
204
997
1007
73
394
210
418
347
138
114
591
205
285
744
90
297
21
862
206
74
826
214
457
617
35
0
19
411
129
826
186
811
192
2145
138
184
648
21
1291
106
1482
21
268
269
1156
248
46
74
579
198
20
412
1157
55
806
298
364
110
19
208
210
149
110
270
442
190
100
20
373
139
79
2993
73
146
212
102
35
216
1227
21
166
26
134
388
92
313
302
429
376
104
736
20
60
1448
66
161
861
2128
81
53
382
1903
101
139
66
55
721
940
20
154
116
67
191
176
67
295
206
113
93
750
447
798
35
1193
39
1177
112
629
352
421
586
1207
84
140
282
397
20
52
140
94
56
1221
51
43
138
1005
1391
21
114
389
255
1433
964
189
46
36
15
56
182
53
94
71
61
203
104
146
1169
10
152
83
711
29
862
28
22
611
113
1435
247
619
69
52
405
21
96
202
351
124
354
503
817
198
417
37
233
48
377
382
123
402
514
582
43
31
65
53
103
1119
237
771
1648
53
89
66
17
1704
873
198
566
55
20
293
107
531
174
172
860
157
1688
45
908
627
863
22
609
646
315
320
39
1227
307
52
17
189
285
285
66
21
197
20
66
418
430
776
267
111
29
318
169
358
560
206
71
163
79
398
85
101
26
58
314
499
993
279
635
401
27
897
503
21
817
431
90
370
177
428
631
30
8
97
59
114
3400
135
733
998
325
434
351
281
1837
430
298
319
24
427
625
155
176
42
430
104
351
376
294
95
1246
139
360
66
440
8
353
763
402
124
87
311
166
72
73
215
402
1258
286
863
732
705
218
568
106
475
361
1089
579
148
83
62
425
105
309
38
400
332
55
424
364
1816
30
57
51
50
232
16
111
20
43
11
1051
187
35
140
174
31
61
459
684
76
1435
402
468
1035
49
751
1411
739
46
102
37
487
47
1462
434
1711
205
345
310
244
407
402
39
48
970
605
463
350
418
178
78
227
22
1054
36
398
323
56
156
609
1283
269
1915
60
91
742
860
380
140
21
24
693
66
48
309
411
26
264
111
272
129
314
769
373
70
40
46
752
1273
24
97
425
107
1719
146
112
19
429
588
67
802
200
3
86
20
85
1564
1512
42
95
10
112
468
83
354
19
94
19
371
757
1941
156
117
37
800
69
144
381
152
1063
154
134
1258
431
29
1890
85
74
618
65
422
322
160
0
95
49
102
33
220
1235
89
1267
324
1063
724
128
278
84
326
524
1409
1243
1286
72
404
114
1627
536
397
14
48
1429
91
292
738
315
216
1233
1233
90
63
50
112
31
215
545
192
189
25
313
722
20
195
113
171
184
314
31
1237
47
1288
19
37
265
1377
44
2
322
10
1518
1532
161
21
251
43
425
216
1535
733
363
16
263
1435
20
78
30
345
36
297
179
1725
396
350
47
54
1397
45
95
238
160
211
215
1497
44
1637
166
27
198
535
46
89
860
1298
851
2137
135
73
37
72
49
835
417
325
66
47
1418
851
2372
309
320
713
23
197
3
138
43
1223
864
95
349
265
35
91
150
327
56
157
618
327
378
184
1262
184
43
91
53
40
23
35
91
971
672
95
428
247
1164
377
134
758
212
473
139
460
44
137
637
478
243
638
441
968
88
303
1441
99
387
1021
41
597
10
113
196
308
81
1
2426
92
398
1682
71
59
95
149
756
370
46
388
184
879
295
254
640
75
55
67
20
88
139
142
35
374
745
182
194
570
39
268
55
105
426
359
57
296
260
445
20
35
79
376
51
47
349
203
548
529
1579
21
828
78
432
33
500
443
844
365
186
604
40
750
29
701
379
1653
422
850
106
361
1049
590
799
773
503
39
633
443
815
1172
419
190
379
389
1753
1446
430
25
215
253
272
257
104
203
179
219
469
727
786
142
62
67
147
819
58
852
56
67
151
752
641
17
644
725
208
425
452
433
192
38
327
42
3149
205
55
55
19
200
53
157
349
385
102
110
347
27
51
110
403
1425
265
129
2
97
63
1789
8
418
157
112
411
20
66
350
396
1080
111
273
112
398
642
26
529
137
131
108
752
97
71
190
1577
860
109
63
91
210
183
1722
31
264
826
145
20
326
1168
2
111
206
78
65
209
99
96
56
592
377
110
2
77
28
134
655
1639
20
631
0
64
323
45
394
196
109
24
511
835
3202
188
107
896
376
20
76
752
41
877
1499
310
131
438
425
103
149
51
810
899
447
0
631
636
639
154
323
69
56
161
109
734
203
50
111
804
804
191
1701
1489
100
209
503
387
64
21
863
201
352
481
1399
742
19
325
278
470
50
609
426
1417
188
401
434
120
28
527
109
105
1478
222
25
184
35
884
307
20
266
42
664
556
83
93
210
400
1060
61
29
1015
266
81
755
1593
1495
68
685
17
220
20
36
584
219
1487
48
503
44
22
88
78
266
29
375
272
216
78
1270
306
1936
55
481
663
511
312
586
796
57
162
833
348
31
397
154
156
140
127
158
742
406
27
478
86
149
51
457
390
107
1027
186
216
811
1069
46
35
20
1795
484
360
64
149
37
552
22
700
44
370
1163
342
513
198
2742
528
585
140
102
418
41
864
29
1667
472
1188
1217
32
658
53
9
1013
164
23
435
45
1713
2541
1067
132
220
263
34
1067
1739
236
53
215
198
1478
362
1379
1551
1013
197
59
265
272
81
319
85
317
272
730
146
205
95
540
200
27
195
194
317
43
108
391
448
206
40
217
641
805
32
110
151
840
1228
1466
465
1280
138
143
112
751
18
1077
379
37
19
177
93
99
118
152
1085
93
433
352
51
718
36
205
97
78
1269
833
46
37
1074
92
158
28
710
53
27
210
47
280
111
374
48
261
1438
164
55
816
34
204
53
1292
1499
62
73
237
102
865
53
220
1414
181
33
92
275
1433
1010
143
102
160
1507
85
154
274
862
36
1826
54
1221
324
19
160
649
870
375
824
32
209
850
215
177
418
892
42
63
99
36
428
30
189
931
147
54
157
1660
284
853
46
3643
111
155
154
380
392
379
802
804
29
617
65
106
770
37
90
186
106
53
911
36
485
209
436
461
301
484
416
84
155
434
944
770
348
435
229
416
141
1181
184
858
801
47
1574
38
3044
28
1667
79
1129
21
92
764
349
20
562
66
189
795
640
19
212
37
174
90
199
20
27
404
428
19
129
43
121
1305
703
154
1378
206
152
311
45
340
1607
10
395
1262
398
38
298
110
19
261
100
838
96
176
103
1203
175
38
318
52
150
47
161
41
200
943
688
845
22
145
199
408
323
2155
1651
106
319
23
746
354
1491
195
101
79
41
579
20
38
274
17
2301
72
33
133
208
7
62
21
174
1502
105
1285
847
383
1564
135
829
29
161
415
61
19
85
51
702
271
829
75
110
454
1223
147
428
104
177
839
198
819
58
722
157
555
30
316
36
434
106
1624
991
718
45
207
613
61
133
30
305
135
2830
1235
310
0
94
429
419
76
227
326
352
32
101
853
100
39
846
273
218
320
51
33
1664
10
36
111
439
305
122
91
503
711
368
143
77
151
467
410
849
840
829
419
426
153
549
25
267
68
599
422
404
531
72
732
132
516
39
182
211
94
68
218
776
59
64
435
1477
1429
1507
46
37
182
744
92
306
82
321
344
1009
140
114
2186
29
68
456
89
274
632
100
20
1400
212
866
95
20
55
65
62
37
417
1001
0
1513
118
69
1484
214
20
698
40
195
412
432
51
47
316
729
162
640
112
160
150
283
1148
614
480
418
49
31
92
425
162
99
28
307
931
111
574
31
205
91
20
293
56
1387
109
74
95
327
125
280
33
295
0
395
283
434
644
398
3385
71
323
29
356
2594
56
140
432
828
1573
1717
64
52
197
1937
50
14
270
87
21
210
267
54
106
585
1015
19
213
405
183
292
51
803
81
143
68
819
113
841
326
1064
758
148
874
714
4375
21
841
113
81
998
41
274
732
1624
164
323
197
51
53
21
90
379
477
1164
188
20
421
180
97
440
213
411
203
84
173
21
267
20
112
477
97
1624
147
260
275
155
21
37
103
426
508
193
371
716
151
113
119
1401
70
1383
599
362
307
762
194
3853
196
327
371
439
1048
570
180
110
695
245
50
1187
112
401
393
415
836
32
792
306
2368
133
307
1475
109
175
1471
1043
619
382
503
847
1644
50
19
626
74
606
31
79
105
95
201
801
113
249
1261
52
737
454
19
76
278
1146
49
63
1050
1022
1644
468
1460
582
288
382
930
206
389
72
189
1799
105
78
116
268
479
432
1016
296
379
296
942
292
20
622
145
1494
80
23
141
1273
352
436
442
324
113
220
402
38
215
29
153
120
221
863
273
248
619
101
95
68
529
98
182
271
2295
840
125
877
753
100
211
319
1495
54
166
538
863
40
191
77
945
120
821
259
348
81
850
178
1596
61
59
20
803
184
349
111
401
1887
146
167
144
1286
4
309
309
644
2961
372
228
482
245
531
396
402
133
742
1501
66
532
174
3628
23
222
58
265
382
852
66
614
401
1067
157
466
145
656
253
72
852
314
627
61
110
377
111
204
831
108
439
53
326
234
0
126
1661
144
905
104
147
137
161
823
319
35
455
756
1284
1889
262
436
221
519
264
44
862
106
156
95
47
414
429
58
392
1009
137
60
18
754
206
873
1052
700
327
1254
80
934
1606
855
281
84
766
380
346
121
412
65
439
164
110
52
60
159
70
646
216
21
735
51
116
843
69
311
9
54
194
270
851
853
34
211
204
83
697
1412
113
558
326
292
1027
202
31
759
1047
1420
21
446
274
265
13
111
139
25
729
486
802
123
20
37
1152
2857
1489
407
244
729
82
124
45
140
1262
101
85
196
9
332
94
1135
597
28
229
52
436
28
316
564
371
1725
301
31
27
1373
81
1022
741
859
37
72
73
288
112
432
563
275
94
1006
396
624
404
1505
325
85
139
262
94
133
30
421
231
59
678
71
404
360
1086
460
379
91
572
267
100
503
71
435
804
374
882
121
1492
314
33
76
80
68
867
98
180
154
870
35
31
240
380
400
721
392
214
377
232
1439
110
83
151
1781
320
274
102
520
112
102
150
304
188
375
536
83
158
32
27
30
1179
46
90
128
133
1669
34
35
1272
20
837
392
163
355
81
364
2464
49
321
324
26
291
97
237
157
33
403
1390
739
871
20
21
1077
792
57
220
329
94
410
379
700
56
678
429
110
1457
152
356
37
214
38
2
108
431
705
109
1221
155
925
12
22
178
598
2444
816
1730
213
72
0
31
75
142
92
403
600
374
84
325
324
111
390
99
180
128
48
28
37
168
68
379
879
136
741
124
853
174
100
53
112
62
366
9
21
48
206
154
1651
207
426
837
1066
316
809
73
1495
34
409
50
2470
46
1274
26
873
746
36
38
55
43
220
1700
419
193
306
422
46
19
1131
942
229
367
21
80
1274
268
301
182
42
454
743
301
80
408
124
377
155
39
330
1697
162
57
160
20
761
22
315
1188
67
2153
182
424
402
84
216
28
1477
428
430
80
576
83
31
118
114
38
306
126
997
155
143
438
200
746
1023
40
690
1258
220
192
436
220
740
328
187
351
973
360
49
431
412
195
46
336
219
347
844
304
398
405
639
53
501
1019
31
826
909
1017
652
35
19
1649
1132
352
885
46
139
58
56
631
647
484
112
51
55
415
614
51
771
37
307
177
104
1452
533
255
21
105
121
844
604
578
824
1930
117
637
437
20
281
1797
95
447
1937
49
126
315
124
30
633
354
851
421
298
830
31
1276
58
60
413
17
803
660
291
800
2236
213
149
54
621
162
539
372
861
1655
39
412
217
618
592
149
358
274
181
80
635
92
44
784
327
21
1200
800
19
139
17
135
189
40
26
317
34
1456
85
126
58
334
430
158
154
27
19
415
106
34
104
82
606
20
312
858
184
1732
29
19
209
167
386
420
54
87
467
19
192
380
44
2470
41
216
55
851
347
35
861
709
20
382
982
525
47
107
131
819
791
1378
855
408
33
142
1493
394
67
21
240
831
212
32
34
21
327
738
345
404
1451
186
47
44
653
76
94
457
132
993
125
301
39
109
71
22
20
690
309
189
26
503
81
839
858
109
817
40
166
2008
1065
608
1611
417
852
232
228
629
230
213
302
1609
25
65
45
20
841
178
40
746
1847
1817
400
1715
369
53
106
233
77
304
404
1479
375
33
1271
56
413
130
198
1188
2255
599
41
503
1423
635
80
110
615
194
350
171
275
20
411
78
165
406
47
3
107
596
67
43
94
389
127
784
984
408
115
20
356
1016
188
151
44
149
1464
312
381
263
40
20
1116
109
854
35
20
128
710
52
2398
321
388
189
39
1272
144
416
379
32
1488
44
39
418
1749
323
408
78
78
411
129
135
924
120
26
102
67
31
79
219
188
743
1600
781
312
147
108
177
646
68
112
108
26
849
85
1440
199
46
385
1072
353
618
444
140
125
408
272
2768
1428
196
86
400
337
153
214
150
135
1510
403
818
289
831
104
134
1175
859
799
106
1060
417
1285
303
349
906
185
33
209
305
784
212
848
98
39
308
349
240
503
836
142
212
43
154
392
78
134
707
44
109
38
149
2526
229
431
424
1490
1655
425
29
158
88
948
20
2299
82
250
19
215
104
1881
1705
90
21
39
325
637
395
177
30
1477
183
57
319
469
42
1164
146
357
429
2124
758
55
151
490
246
383
40
325
87
1499
48
71
202
1282
1535
464
157
97
112
0
431
212
51
138
20
187
1579
503
743
24
25
823
233
396
68
74
105
30
868
922
740
104
21
164
109
580
151
100
183
1508
302
214
46
103
687
134
216
113
199
202
429
418
820
166
32
320
1259
801
2418
216
20
205
353
100
105
245
82
31
108
19
815
43
79
369
506
265
13
481
114
49
159
75
385
1213
373
34
84
376
375
72
60
759
830
304
859
1018
1696
20
336
838
347
63
1017
779
1500
191
445
253
37
66
559
102
375
783
69
20
435
324
411
1291
431
155
101
515
53
368
856
113
53
21
116
46
248
145
919
968
870
57
81
184
176
687
404
128
147
638
356
96
52
856
1551
97
1078
409
148
424
80
322
1497
196
27
120
26
91
1215
1042
906
207
69
525
217
190
362
35
257
448
99
415
180
1383
63
53
600
419
318
256
79
148
21
144
352
1703
45
790
1915
621
1013
215
100
280
21
46
156
63
43
3
764
1654
321
371
386
26
1955
798
1424
141
93
618
405
435
459
410
1261
151
143
63
312
265
156
863
219
208
33
643
304
327
179
586
42
90
718
312
136
21
373
843
435
374
374
572
85
970
585
208
672
1249
1476
632
405
1472
122
339
143
847
60
456
251
65
443
319
34
203
407
375
127
30
294
26
46
312
35
791
701
97
121
58
21
47
111
112
120
578
517
127
1212
113
86
45
754
379
114
245
28
226
530
167
739
60
202
69
79
1493
144
402
98
630
855
1485
329
760
1060
1553
932
213
207
187
111
159
52
288
37
16
902
193
104
852
20
16
183
103
1444
957
56
1616
478
1285
82
41
125
689
685
610
319
157
1101
36
110
92
178
135
58
815
112
850
40
1510
98
825
54
1103
1289
198
112
365
424
1151
135
135
59
1442
381
179
110
20
1076
309
303
44
102
832
268
830
133
32
70
110
20
372
744
21
380
137
776
1083
57
164
613
532
42
392
77
55
111
29
61
1703
423
292
72
83
566
276
302
485
317
950
143
819
190
197
428
952
325
513
67
124
83
1509
50
181
145
48
181
206
94
77
818
164
1054
644
142
294
1228
150
747
56
2301
1127
40
797
50
1173
211
151
648
216
500
21
21
152
84
1282
834
959
239
1014
764
77
219
76
223
1745
189
18
28
173
84
19
20
1159
87
102
400
422
370
3
309
303
426
145
22
183
69
721
421
431
450
114
47
847
250
203
270
74
595
20
214
153
34
104
26
606
21
847
1032
153
527
325
1151
3312
328
215
8
368
20
461
616
51
20
732
10
47
218
74
292
92
1437
73
105
55
94
821
52
131
50
50
1427
101
76
0
1412
88
1097
726
159
427
386
624
50
100
427
817
1870
855
208
31
309
1277
79
252
1094
21
586
203
503
1592
77
2765
273
211
102
1012
80
90
49
15
78
111
143
333
736
281
835
59
153
54
394
2366
32
44
845
377
1612
32
647
819
19
3024
1725
151
380
532
202
108
62
30
283
1056
407
403
838
149
85
1121
428
68
3619
293
1252
403
447
173
27
596
38
831
21
75
206
358
2517
742
21
503
8
837
420
151
114
95
287
32
63
0
1434
92
122
185
408
181
1087
108
42
76
145
100
837
275
159
36
84
524
103
1176
89
697
57
453
1422
531
1192
3
624
1183
73
1262
29
349
150
836
305
814
153
88
410
227
810
1223
33
430
74
297
1626
50
116
19
70
0
80
527
2482
144
18
1435
701
209
196
104
1485
34
436
221
103
26
21
99
33
106
88
129
92
745
228
77
60
20
139
478
7
2
29
411
22
960
871
386
67
563
1002
422
20
161
58
365
503
44
365
503
53
215
298
80
104
807
904
45
201
1273
379
778
241
159
21
1633
210
110
296
124
8
822
354
371
55
636
89
355
50
510
133
1391
1656
22
358
202
44
375
420
106
192
69
341
67
21
395
135
1010
849
1175
754
223
17
579
267
209
325
433
61
31
338
46
151
985
524
276
386
1227
140
148
205
68
132
191
766
100
697
49
20
151
208
781
95
20
0
45
858
92
290
354
709
547
46
526
140
21
10
592
487
19
83
93
200
421
426
49
201
108
27
51
21
23
104
136
108
811
53
913
319
88
157
1402
849
202
805
1494
5830
263
12
578
731
736
8
20
171
768
80
220
204
428
36
109
852
129
863
791
124
1278
105
844
427
207
26
637
25
366
54
531
21
16
192
831
45
315
221
756
752
19
165
156
2861
62
163
53
847
2316
404
181
1410
1053
843
1228
645
92
256
1399
144
807
271
1446
48
26
1949
214
1449
205
422
123
1719
84
15
414
1159
323
146
263
1045
28
20
1301
1279
55
21
1183
157
1442
51
66
633
158
622
804
1039
70
454
39
189
52
2118
130
21
57
58
164
269
1072
128
111
264
207
65
604
69
143
633
65
14
19
380
405
299
562
22
196
1496
15
163
439
112
1468
105
717
34
36
70
62
55
1064
186
91
68
1492
149
39
350
293
391
21
1057
27
1707
846
62
515
593
1196
84
261
53
48
2415
1009
835
541
154
96
210
89
614
26
8
31
1464
72
1422
583
67
21
459
31
866
148
826
40
79
690
325
742
802
327
113
113
45
42
166
362
34
54
41
29
775
1080
51
631
428
289
95
191
524
207
1022
3
381
13
99
38
24
71
211
570
503
44
396
564
21
218
6
838
469
57
92
187
2552
842
421
2861
274
128
42
16
40
1485
223
155
13
420
21
153
1126
503
618
1067
775
165
102
115
422
1892
863
700
92
8
201
763
160
99
377
489
211
161
636
240
106
2992
79
365
503
833
84
98
168
361
36
286
645
100
89
8
133
1041
275
358
807
21
21
114
306
68
360
22
131
53
264
244
726
17
62
22
48
42
796
585
1062
32
42
270
228
106
87
36
894
351
130
111
363
109
75
421
697
577
143
703
1551
832
181
28
16
506
392
46
503
148
290
1464
820
93
1019
0
105
136
150
84
53
99
19
838
247
211
730
308
114
1510
117
485
118
254
20
77
201
851
21
178
2043
825
979
208
368
850
878
99
621
244
503
396
98
855
1448
132
35
86
859
132
372
1796
42
517
1270
38
815
864
161
55
2958
201
125
1594
1440
423
82
1918
201
1063
631
184
57
403
1451
475
418
185
439
1050
106
86
269
236
161
29
35
267
1508
462
308
1690
20
414
98
198
7
614
36
365
199
303
149
35
126
115
20
110
204
68
392
147
349
125
40
410
1697
93
160
421
741
20
363
92
53
427
393
37
420
158
178
55
19
689
214
359
351
866
35
71
136
32
1293
228
222
324
195
44
315
49
64
111
398
1431
84
583
423
181
76
385
429
43
503
20
19
134
269
449
426
839
49
173
644
391
124
855
63
30
58
304
195
49
451
30
1024
1262
427
203
627
870
361
206
261
146
47
19
400
205
354
205
403
37
273
702
1503
309
641
319
50
140
854
288
858
371
62
31
140
122
1534
771
95
78
198
328
20
3
413
138
1662
210
1702
61
119
625
142
1579
25
398
124
19
70
350
1703
99
59
68
67
78
34
87
53
1724
234
19
144
15
109
320
3403
360
161
154
129
1090
739
319
89
196
713
219
46
370
32
229
55
124
109
540
1381
145
2486
1255
88
543
735
20
378
852
64
3470
415
1050
407
59
423
312
201
18
1247
251
61
429
55
78
200
1445
66
692
1383
162
238
328
416
709
37
100
389
1496
27
797
66
255
137
138
1473
128
84
95
373
145
28
1723
100
173
204
650
38
1457
64
320
857
316
530
419
476
1073
50
420
633
82
2786
95
1559
21
1708
1261
24
429
312
102
425
426
7
419
1020
713
121
267
43
1266
321
1005
2517
301
194
8
153
117
422
32
424
21
753
461
78
48
164
104
242
830
22
75
140
429
0
1631
3
423
640
826
162
97
0
689
187
62
160
81
726
3022
159
101
745
106
44
98
1180
62
31
222
406
1256
196
269
817
114
333
87
370
43
835
885
608
1005
97
127
92
409
211
376
87
1504
94
751
428
239
47
838
739
203
32
201
408
187
194
1452
926
21
781
1248
421
40
124
74
161
95
22
308
996
445
94
319
428
418
338
106
43
197
858
108
20
135
823
1631
1121
393
842
27
837
71
803
1067
51
297
59
71
490
90
422
8
6
19
53
44
392
220
377
2017
862
80
185
91
257
193
0
193
111
310
33
428
815
89
981
303
1469
238
459
94
20
38
351
435
578
415
268
841
300
41
652
85
948
574
51
154
1778
75
23
3
80
35
69
39
18
54
415
77
739
435
107
306
745
426
369
855
61
165
363
103
607
1660
1043
109
1407
39
724
581
296
1159
376
250
693
234
1060
587
1756
19
1513
954
358
615
29
427
1507
221
1635
248
83
68
400
353
320
430
55
386
644
1489
390
99
212
209
744
237
311
300
194
72
206
285
51
326
94
36
197
223
427
124
1242
105
59
105
35
425
81
310
29
586
107
79
34
529
36
26
279
55
356
29
63
0
3471
48
74
987
566
29
200
738
19
195
20
46
77
402
623
182
166
85
436
40
1481
107
393
156
239
515
196
385
141
372
62
148
213
130
399
215
166
200
114
317
105
40
540
218
26
86
84
66
219
831
830
1489
210
562
73
193
1393
14
716
615
209
719
51
61
230
782
159
45
584
1071
72
1076
435
20
60
420
136
136
758
138
416
507
139
358
358
702
46
249
301
27
119
371
289
174
1558
90
739
41
1280
16
22
157
1009
1020
67
210
373
1176
205
604
73
1188
835
359
189
56
636
59
3
266
45
745
2
96
160
414
84
53
731
81
140
424
2197
853
39
56
888
1869
319
20
125
857
180
155
851
102
44
271
166
429
366
1213
60
9
185
159
837
105
20
200
32
229
67
112
44
24
181
62
849
49
297
323
0
214
1007
644
865
1396
321
482
28
735
840
2091
744
339
80
1046
544
2555
454
123
200
70
222
27
289
273
1480
288
427
114
21
33
195
374
1511
208
181
96
38
161
2802
69
24
89
21
34
784
224
173
302
916
64
1072
1692
131
192
432
100
425
373
620
428
95
46
1007
286
902
403
371
433
120
33
106
40
33
46
68
513
128
41
62
702
346
20
1732
431
164
140
404
30
211
43
702
99
830
840
856
104
161
635
857
77
22
44
81
159
43
37
880
55
175
317
223
58
914
631
64
340
371
65
308
74
489
305
54
1127
12
862
33
34
906
219
185
101
291
733
418
1835
36
556
211
263
127
834
41
44
58
20
813
270
20
461
732
503
39
240
633
293
19
160
200
47
112
123
19
541
94
66
27
101
46
25
1346
32
76
113
249
380
60
68
1079
4054
274
1590
45
317
197
31
46
504
1150
264
146
135
412
110
