25
55
50
180
198
328
53
41
163
81
194
1558
102
27
121
28
41
76
306
42
29
34
349
236
116
1917
123
188
88
229
541
170
226
200
32
83
80
54
600
153
32
79
1
30
159
188
57
66
64
24
126
213
131
48
47
47
59
175
138
76
33
88
503
151
25
28
75
114
90
503
1335
82
21
156
185
29
214
45
36
207
186
32
241
162
86
203
48
119
49
70
197
26
67
33
26
39
180
180
65
65
84
54
90
247
96
96
45
26
44
197
61
50
171
45
126
183
53
44
50
51
79
76
187
51
40
53
93
44
45
22
26
61
39
47
68
30
128
157
8
33
76
80
54
71
225
88
160
46
49
36
101
37
2690
186
184
46
198
39
65
160
172
31
44
52
33
29
160
134
125
27
527
55
28
192
43
1075
34
38
187
544
290
22
150
184
29
174
62
51
503
474
65
84
88
83
74
72
45
183
83
66
143
84
34
66
576
49
35
30
732
52
368
51
26
34
187
31
54
736
47
362
294
325
99
65
105
99
103
90
50
54
153
87
29
135
27
81
62
198
35
50
53
53
30
43
81
64
35
52
100
113
129
221
141
24
139
49
97
33
142
642
31
60
131
174
184
70
62
51
270
31
85
50
75
47
42
82
51
35
73
147
25
26
15
26
27
79
122
92
61
50
27
49
83
361
41
374
32
158
87
55
145
42
86
254
78
29
147
36
41
99
49
57
73
94
90
65
187
40
44
47
106
25
37
19
25
344
81
150
58
125
165
178
30
172
577
40
78
503
154
127
73
50
31
58
307
186
28
27
326
80
63
307
25
47
150
259
35
19
60
25
27
124
38
44
57
51
76
85
100
74
753
103
63
27
228
97
61
73
42
136
57
62
114
43
34
59
280
42
76
24
85
171
128
50
43
141
195
43
308
33
47
146
366
28
77
140
82
2273
30
63
154
52
92
50
64
49
98
86
45
44
169
28
370
102
194
37
34
59
102
163
407
246
100
215
337
176
65
45
163
64
44
273
25
59
29
41
35
171
12
35
185
70
120
308
41
38
29
98
29
45
92
38
243
88
50
28
383
64
41
527
56
183
98
18
33
146
186
85
2
88
164
72
37
29
53
47
52
37
1125
27
36
78
555
37
88
206
253
49
64
30
43
80
48
80
149
30
95
40
79
64
148
12
87
192
968
148
85
172
46
157
40
296
199
37
183
83
60
162
20
174
47
114
24
24
26
126
86
158
29
105
25
53
189
49
35
503
109
42
100
25
68
383
373
448
22
29
189
89
27
142
53
73
24
32
74
52
147
121
28
84
201
52
144
495
46
37
77
29
51
244
111
67
32
291
49
670
37
66
111
36
45
188
98
190
43
462
249
97
133
220
193
74
33
38
137
44
76
605
41
89
29
79
24
11
191
119
52
133
88
152
30
49
49
99
39
146
22
49
68
50
35
92
178
503
547
21
87
33
284
90
159
66
89
88
48
171
466
83
25
112
28
34
60
503
52
32
82
191
52
97
163
277
23
119
150
60
42
48
65
30
124
49
709
194
137
85
65
220
138
63
54
59
47
74
220
50
52
107
27
89
52
47
50
386
49
101
30
29
632
63
53
123
36
51
45
377
503
63
198
71
92
56
570
30
48
32
46
22
163
29
364
53
120
29
161
588
46
115
60
64
270
44
36
156
105
44
144
149
154
161
7
47
26
187
90
81
48
90
147
197
541
213
39
54
193
83
207
53
132
405
152
53
62
115
53
63
98
180
6
28
111
198
285
36
50
317
114
51
119
185
170
651
160
90
88
88
89
40
80
78
79
67
120
47
53
617
77
27
36
161
162
205
49
191
30
48
39
324
171
148
32
321
60
26
40
82
19
153
36
38
74
94
211
50
25
21
114
100
28
71
64
146
109
33
26
183
65
34
37
41
141
41
27
80
46
41
83
84
250
55
48
101
452
44
258
174
29
22
484
529
76
173
207
172
26
23
164
72
100
36
49
93
247
624
28
237
126
23
164
65
66
81
36
59
32
38
45
52
737
83
22
47
120
33
38
214
154
68
47
41
158
45
70
40
52
35
31
30
167
101
43
32
28
161
90
165
68
727
186
44
297
44
36
52
100
77
64
90
79
115
36
64
108
40
29
64
98
71
37
50
195
67
43
44
39
183
410
110
41
44
289
65
59
25
189
793
22
125
61
178
160
142
198
39
50
568
42
221
240
54
48
96
65
191
64
74
63
172
83
27
98
228
197
142
99
32
89
64
286
247
29
27
39
26
88
79
37
84
47
109
177
29
114
42
66
27
505
170
36
37
129
99
92
63
46
76
37
48
112
42
38
40
176
152
47
80
42
43
158
172
59
55
47
113
82
102
144
36
90
139
34
100
199
35
58
45
88
30
30
63
159
50
266
157
270
124
87
47
98
34
49
159
101
5
98
56
21
74
845
85
213
99
165
52
38
68
136
54
38
67
65
269
280
169
81
171
41
34
272
36
29
107
375
35
159
29
49
171
40
43
78
52
29
49
211
56
90
123
98
101
49
173
45
88
214
31
165
403
149
74
1
27
55
415
192
118
338
457
47
29
101
36
30
475
192
29
77
29
170
65
160
79
53
65
2
88
53
30
653
24
347
73
66
43
242
181
31
177
290
46
69
21
196
33
5
69
43
44
55
77
53
137
114
26
41
44
25
23
65
66
115
30
105
50
174
337
148
58
50
55
250
91
51
65
89
48
215
63
50
326
100
130
48
84
300
48
50
307
101
62
39
150
37
47
27
36
275
81
193
51
566
66
558
392
75
343
54
345
28
99
503
98
102
26
42
59
25
54
106
65
34
20
24
52
30
38
311
33
81
74
218
640
60
28
174
665
157
179
6
2
67
472
90
54
119
31
50
92
186
41
143
75
186
26
30
183
31
146
26
52
127
72
52
159
74
279
50
42
53
42
49
34
47
68
102
89
725
100
293
29
153
48
81
176
27
28
49
36
58
46
138
70
48
30
71
39
27
85
119
38
53
28
28
340
153
199
164
50
341
133
26
91
385
64
73
38
50
142
50
126
588
102
283
49
13
157
24
53
65
158
84
139
166
189
38
121
27
35
65
81
81
29
18
503
65
432
91
156
60
62
252
101
242
61
99
28
77
42
27
33
52
175
911
62
187
141
44
355
29
127
83
63
88
41
52
85
227
75
60
28
386
145
109
28
181
110
214
68
51
206
49
24
51
166
36
75
265
126
37
71
46
65
280
266
43
28
40
79
632
132
448
49
77
105
127
29
148
58
63
32
166
68
184
48
42
68
44
164
167
503
58
66
213
46
591
66
110
102
429
83
49
18
203
90
50
42
115
52
65
100
72
28
44
148
142
47
126
12
123
37
36
344
109
27
64
103
29
48
50
159
76
31
243
75
76
79
567
34
686
270
44
71
98
52
33
190
28
165
31
89
355
95
78
46
65
36
519
191
26
27
799
401
432
37
806
26
967
161
193
232
98
66
26
62
53
428
620
167
283
66
58
743
402
74
447
199
339
104
89
36
47
27
213
834
340
67
54
38
116
72
76
41
320
143
42
73
598
91
41
145
40
30
54
83
68
74
29
284
35
106
160
28
43
348
26
73
436
112
93
74
41
199
30
136
45
566
29
168
162
123
48
35
160
88
647
294
23
80
26
423
30
85
156
68
238
44
83
579
145
27
60
183
603
38
40
35
42
113
58
63
29
92
473
49
35
3
147
50
94
39
40
36
65
50
40
36
37
70
39
790
37
77
55
52
43
566
104
199
26
24
35
42
52
69
36
158
28
50
44
115
177
188
37
25
41
471
50
29
73
57
15
101
487
1367
218
513
60
20
990
48
119
35
26
73
103
40
78
97
544
22
147
167
196
77
53
47
87
232
88
50
57
123
87
1344
151
30
57
35
53
90
46
43
83
192
28
22
237
158
34
176
106
101
63
34
66
124
32
77
32
178
60
47
503
55
26
637
60
33
54
176
13
109
201
74
44
224
35
470
49
29
27
46
47
41
46
86
36
150
79
96
30
54
51
40
83
49
34
102
86
54
179
697
30
37
45
98
1331
160
76
29
53
45
68
28
40
89
117
187
497
50
255
41
240
82
75
188
28
192
1940
191
33
503
30
246
90
151
80
436
46
78
530
123
217
63
55
778
64
71
58
161
564
75
46
87
100
44
127
433
13
97
46
155
173
173
113
234
200
41
95
86
50
79
165
422
185
49
22
31
127
26
104
166
96
56
63
503
90
28
52
101
62
65
1338
36
50
109
98
352
179
47
44
26
45
387
22
197
135
503
362
30
124
140
45
39
114
126
81
25
26
43
161
25
61
23
28
153
82
34
57
80
58
60
57
44
145
374
72
89
117
246
49
357
47
98
69
82
166
350
26
37
43
23
182
52
316
24
125
10
163
53
115
48
148
35
146
654
19
40
182
40
65
776
26
325
83
44
110
104
107
83
49
410
33
54
47
78
152
86
53
149
93
31
25
149
80
269
99
124
13
49
47
26
1006
106
53
87
35
30
51
130
35
197
31
65
87
503
300
37
78
45
51
31
28
202
306
614
28
101
74
84
159
170
268
208
102
51
25
85
76
77
25
75
53
63
29
72
54
183
196
63
31
84
96
640
91
43
75
82
107
71
82
58
184
19
45
12
180
65
41
91
9
53
83
24
564
29
35
60
216
80
111
19
34
107
102
42
166
49
140
52
152
70
37
975
72
353
62
67
64
68
43
29
242
28
191
28
41
289
142
145
30
56
178
140
101
29
50
101
42
80
50
245
165
351
48
61
86
41
470
51
105
50
437
178
73
35
64
24
49
42
126
218
57
59
52
102
101
28
93
63
200
51
57
642
51
222
161
23
58
54
23
51
90
1987
98
131
27
87
67
81
102
43
46
332
475
27
439
131
53
431
82
95
134
34
100
314
38
141
78
96
315
50
50
44
94
221
310
41
33
36
186
178
81
73
796
178
313
898
126
55
1049
49
113
50
97
42
85
100
39
188
889
471
51
38
64
83
35
34
148
43
38
84
38
66
621
152
281
19
48
52
19
49
85
194
43
25
67
150
155
12
176
32
108
29
1150
139
50
57
47
33
51
48
45
100
70
65
29
22
339
193
87
119
483
80
73
61
28
49
52
62
185
36
54
32
63
44
48
171
42
559
18
85
184
242
27
28
73
20
139
459
279
120
501
178
200
61
147
56
226
77
28
12
42
41
101
187
53
60
39
25
121
26
50
100
1
72
192
94
25
40
54
33
62
63
10
44
56
35
113
51
43
184
91
29
191
562
24
17
67
155
51
41
92
2044
35
51
94
51
27
85
35
30
53
101
100
30
30
165
36
42
207
34
140
65
100
79
49
79
71
30
82
50
46
69
98
42
92
35
13
37
52
503
154
98
72
228
538
280
239
173
97
77
78
53
119
20
88
41
69
243
36
245
65
27
46
281
155
170
34
67
179
22
194
51
149
788
35
51
90
156
35
35
51
35
30
50
54
320
300
49
40
94
303
87
338
81
35
159
54
52
54
164
48
43
68
26
48
174
84
92
169
19
44
81
128
39
42
81
105
43
40
385
101
151
375
137
191
67
60
185
98
53
95
189
9
109
68
70
168
123
26
24
41
82
39
49
149
55
239
333
67
626
26
57
45
21
171
28
164
172
65
50
27
40
63
78
178
16
43
40
243
41
54
81
129
28
27
29
184
148
91
191
35
64
13
73
205
44
30
42
22
32
43
367
651
72
76
675
207
199
36
66
148
164
127
152
26
159
248
43
93
36
65
150
125
32
369
328
30
34
91
98
41
147
380
114
394
196
43
289
36
64
100
40
51
36
73
118
174
48
32
59
29
352
28
47
48
43
124
30
613
83
189
83
153
557
45
331
52
37
327
36
114
160
178
50
56
108
53
44
689
63
27
177
199
89
36
49
33
30
395
73
35
34
107
62
66
65
35
47
205
46
84
50
37
28
124
44
225
173
34
52
960
515
2
29
1075
48
35
404
72
221
119
60
91
107
51
152
441
695
83
89
24
154
37
55
58
53
55
42
68
19
30
101
42
158
172
49
47
37
78
56
61
175
182
77
60
101
88
35
126
80
67
185
35
85
171
26
39
48
78
282
47
164
28
135
995
314
60
116
85
70
46
47
3
35
40
192
35
196
92
86
60
42
43
100
123
48
65
36
144
899
44
72
175
46
318
43
41
189
44
95
35
80
104
142
34
15
74
46
60
50
36
74
175
71
190
101
194
40
27
51
54
84
46
43
80
144
61
56
98
36
48
91
373
49
34
61
66
56
64
200
35
47
26
60
171
37
59
56
45
57
159
99
42
51
142
27
222
39
80
24
61
33
182
29
89
54
49
29
87
177
118
28
10
64
107
300
54
44
65
198
30
34
29
3
118
344
48
78
50
122
74
107
107
34
67
30
68
6
174
81
50
79
21
72
75
145
64
64
163
71
30
176
52
26
315
32
76
44
80
196
25
562
86
28
75
659
41
191
119
34
84
195
151
77
42
156
108
863
325
131
176
33
31
391
51
387
87
0
31
178
125
503
108
102
45
329
28
40
41
72
61
63
24
53
166
73
54
9
112
49
124
29
146
159
68
407
72
425
45
42
102
329
45
313
34
32
24
37
48
175
69
55
30
91
53
36
89
56
45
84
29
178
91
261
37
28
140
30
104
186
75
35
121
74
121
551
104
211
29
31
57
593
77
463
34
979
192
31
55
63
31
2767
113
35
520
65
115
341
49
72
276
100
28
44
266
31
357
74
84
39
39
87
75
46
170
186
89
91
65
60
177
193
42
22
315
63
34
267
48
47
42
33
101
523
184
87
84
38
38
53
53
202
68
33
326
29
98
193
42
191
80
65
195
26
31
503
50
91
33
102
164
62
53
66
151
25
123
122
349
14
45
60
154
45
239
174
34
200
155
147
37
55
61
45
47
26
257
87
36
103
100
355
26
89
33
51
40
197
43
29
47
144
483
126
38
69
84
48
42
31
80
190
173
74
151
53
82
122
537
164
6
14
44
61
228
170
37
102
896
175
15
94
183
29
171
139
710
54
63
60
2282
37
168
41
135
429
42
49
477
22
120
67
101
23
102
28
184
694
98
60
31
40
69
27
31
96
32
80
53
81
58
163
52
49
54
486
64
23
44
216
192
73
48
19
29
102
33
244
17
166
76
35
139
41
409
82
53
44
100
39
148
162
42
61
35
235
64
51
87
35
705
25
53
593
328
31
47
152
126
35
42
51
62
45
163
104
661
6
30
35
49
78
503
158
39
42
102
1552
28
58
26
160
33
332
186
31
44
182
36
27
50
56
84
121
65
43
637
341
155
209
130
25
48
50
45
503
458
176
301
73
47
407
58
44
48
13
178
98
40
388
196
144
38
70
49
42
137
31
40
59
72
97
31
49
74
45
101
36
161
85
561
43
149
643
30
100
145
75
28
108
296
42
46
60
452
216
23
117
45
84
31
505
179
81
370
29
57
34
60
487
78
88
53
116
77
58
45
40
46
48
32
133
58
65
34
51
101
364
29
33
63
58
21
24
230
48
192
212
174
79
244
51
23
47
168
24
165
167
66
139
49
373
163
48
48
51
77
41
25
24
104
48
36
92
116
186
38
51
28
82
44
40
28
26
134
85
29
28
85
29
64
117
29
48
92
139
65
25
190
73
33
169
35
172
66
113
147
48
116
51
268
96
248
88
57
32
45
142
125
56
72
31
47
34
74
140
78
47
69
52
57
102
79
76
503
55
110
97
92
99
167
268
120
187
53
77
369
185
40
325
49
47
103
127
43
87
77
65
35
36
49
343
52
723
49
149
49
641
318
59
98
710
2
23
71
253
30
33
38
51
55
26
306
25
151
53
494
23
178
65
54
50
191
193
52
166
116
37
116
67
35
29
165
29
188
53
62
70
28
51
183
53
91
85
77
25
71
149
167
37
130
214
82
36
43
342
90
236
120
29
34
147
773
35
39
25
27
43
29
476
42
47
94
39
342
337
113
1310
22
24
316
140
349
46
196
59
26
387
91
39
184
31
154
45
42
61
43
144
55
156
54
28
22
214
386
107
104
43
176
139
55
116
61
19
189
40
27
30
105
21
147
25
141
253
363
35
163
1
71
76
32
47
16
193
59
31
186
38
60
52
178
34
70
76
112
537
38
64
83
102
185
96
95
67
29
151
151
46
36
166
34
111
29
30
26
49
80
37
25
51
25
299
32
28
28
166
55
85
146
98
190
63
34
206
41
46
30
65
127
30
1
727
35
81
37
75
120
42
68
74
47
190
44
16
49
90
52
99
327
1893
107
59
75
340
503
35
66
62
62
263
61
160
54
46
162
198
30
66
29
31
43
82
28
326
110
198
367
485
40
86
134
57
118
1
53
26
59
634
73
27
72
7
67
234
32
89
68
121
26
45
461
150
192
179
52
664
88
49
65
115
34
34
167
81
68
62
360
260
30
184
48
7
351
121
53
373
49
111
119
52
136
27
377
745
91
2339
46
69
41
26
24
45
54
82
160
592
77
40
167
37
141
48
25
68
207
2543
101
87
33
18
47
442
33
37
132
188
26
161
74
36
141
116
33
84
28
38
62
107
54
35
125
36
328
32
89
39
330
1815
77
55
48
286
5
81
45
119
156
30
64
30
28
40
101
45
36
39
42
64
80
228
56
27
25
246
29
488
42
59
50
136
33
25
239
345
32
89
83
35
37
52
36
203
341
83
374
320
97
67
67
173
69
99
28
50
69
49
46
9
107
78
32
152
66
149
52
29
89
46
198
46
163
76
238
79
232
117
71
29
3
55
6
94
118
47
52
149
79
121
23
87
87
46
161
12
185
43
40
113
119
26
27
170
188
41
147
309
54
503
30
53
161
86
41
42
44
68
18
126
753
53
42
201
135
89
146
67
54
67
53
83
53
34
100
158
53
27
29
110
30
30
39
124
67
29
28
907
60
40
28
46
143
180
1326
68
55
103
55
952
207
197
161
182
93
83
380
49
31
56
143
197
166
70
26
124
39
37
24
503
172
28
237
90
35
27
36
91
51
166
33
328
87
82
86
88
194
47
27
1341
503
40
90
91
43
53
115
109
56
50
49
47
259
123
52
169
25
211
335
101
236
108
255
24
120
37
484
34
59
375
62
47
54
63
142
524
109
947
37
214
210
244
209
567
73
138
88
53
51
40
54
112
47
4
40
34
78
52
292
50
1471
48
83
176
44
317
223
26
39
29
35
190
155
208
75
487
38
46
38
43
62
124
162
186
44
341
142
39
28
102
44
99
564
121
49
112
26
85
66
75
84
33
140
45
36
45
43
70
85
27
115
51
88
41
61
43
64
39
882
42
77
87
52
166
85
32
100
31
198
32
35
40
47
89
150
86
488
63
48
29
23
94
80
162
31
68
80
29
41
67
24
50
33
52
46
36
167
67
78
144
51
71
579
154
592
188
25
147
98
39
82
31
21
54
91
41
100
26
38
200
82
390
125
51
26
102
49
47
24
26
131
88
146
64
36
34
63
60
122
566
54
67
180
90
49
424
74
184
14
577
67
60
50
12
572
67
137
51
45
195
5
481
22
27
45
27
41
89
12
27
41
52
73
231
177
61
29
27
89
47
29
33
66
121
28
503
54
67
30
59
55
102
64
49
97
53
71
102
53
428
184
50
114
28
130
30
23
42
298
299
75
93
41
53
167
343
220
120
37
41
57
51
67
372
475
23
208
12
82
347
29
78
47
52
80
23
25
49
137
84
47
35
171
43
49
532
62
147
374
48
149
73
75
38
29
44
129
43
140
50
383
130
164
84
99
29
46
114
85
227
23
42
29
62
43
165
59
64
53
386
36
68
164
145
39
42
148
40
297
89
168
102
29
181
86
40
48
147
31
150
438
101
86
284
44
47
211
50
85
21
196
44
35
5
93
77
36
68
100
326
80
91
44
89
48
41
39
103
83
148
14
54
20
37
358
99
48
94
366
188
56
23
140
59
29
34
44
79
180
126
26
25
78
149
158
280
29
178
52
107
114
180
475
337
38
29
61
117
59
55
123
9
121
41
37
40
246
147
148
49
31
709
31
89
614
241
375
34
57
172
42
182
30
74
180
49
171
39
67
35
77
144
39
112
39
175
68
39
65
171
110
62
122
99
142
105
7
65
66
68
570
575
176
40
150
25
47
119
34
301
191
503
76
41
33
167
123
72
52
121
38
50
95
430
29
177
61
29
60
38
341
35
177
50
108
160
28
121
33
83
30
81
24
314
146
32
32
52
75
681
27
85
53
29
987
332
139
45
157
50
79
115
28
97
92
70
61
28
47
40
73
88
153
308
69
370
195
39
71
35
95
39
179
46
37
115
245
157
33
77
57
29
156
76
26
71
143
15
48
47
60
42
41
56
8
50
27
1311
30
137
158
95
328
189
24
34
392
54
11
236
303
101
434
52
51
220
141
60
36
118
143
75
79
17
70
157
32
103
79
54
112
53
41
867
46
62
124
216
54
77
88
234
28
362
81
183
50
45
503
55
29
149
88
1287
57
50
161
45
22
129
155
90
40
62
132
25
27
38
722
54
190
36
45
258
342
69
98
880
62
57
50
36
93
47
72
68
54
370
31
68
133
39
163
40
27
42
163
28
45
181
11
57
379
102
43
49
53
20
61
42
377
668
248
206
19
25
112
30
512
46
39
117
10
40
46
39
64
157
47
30
128
52
452
27
125
120
65
54
29
27
104
141
126
61
28
103
119
294
155
29
34
49
160
11
95
79
551
38
25
71
104
115
53
84
28
25
52
173
80
33
44
239
45
62
53
116
69
26
53
106
160
75
159
182
163
475
99
150
39
177
173
46
183
32
89
41
53
45
114
194
77
155
565
175
49
165
544
51
102
48
46
58
31
42
171
182
1057
23
43
82
34
218
173
176
222
340
191
325
19
30
23
35
82
94
29
67
28
169
81
28
34
83
23
14
178
335
216
43
59
41
47
106
61
173
34
184
30
51
52
96
24
114
39
175
48
68
79
49
76
39
46
47
38
29
61
106
186
103
78
40
24
151
226
24
71
83
51
194
96
95
177
27
215
176
104
373
58
65
83
37
159
26
102
264
572
29
71
49
29
145
157
176
288
10
262
21
35
162
16
36
185
89
31
26
268
123
28
124
36
121
52
36
25
327
83
111
69
114
89
29
41
36
72
138
41
118
148
133
20
270
38
88
249
406
243
102
45
662
69
157
27
181
65
50
288
162
30
24
686
33
67
77
34
260
52
303
47
53
88
92
91
187
440
49
58
28
101
38
66
42
52
132
538
31
80
87
110
178
40
84
375
46
196
358
97
34
53
51
43
62
23
38
22
50
72
65
177
29
216
74
478
45
57
307
30
274
17
62
97
193
24
64
46
54
53
46
45
23
367
53
173
84
28
26
97
37
109
53
13
242
27
655
36
62
164
44
203
194
101
332
75
111
209
26
35
32
4
47
47
65
104
145
108
45
921
130
55
55
403
551
64
200
18
58
47
35
107
876
86
186
76
122
72
85
35
272
6
60
57
26
99
63
51
67
121
26
81
55
40
162
46
796
3030
24
503
51
146
369
34
470
28
89
25
66
38
84
130
30
102
164
48
77
194
34
55
24
36
180
149
99
50
76
532
95
359
58
49
537
109
95
180
47
123
29
33
185
55
31
293
38
178
47
66
46
123
581
72
53
76
62
45
333
69
192
53
161
285
22
100
327
43
258
151
467
31
101
379
26
135
46
400
57
23
67
28
188
350
79
38
41
46
151
86
144
41
119
289
63
197
47
88
65
70
141
146
173
41
69
78
33
350
239
27
23
320
93
52
123
71
134
75
39
66
56
37
33
54
71
27
54
58
46
292
660
231
36
61
24
52
33
81
111
45
35
79
42
67
64
29
143
541
52
172
39
100
37
998
43
62
67
41
145
29
121
57
185
524
88
44
36
164
54
159
58
335
171
69
145
27
22
28
931
28
30
5
59
52
160
83
46
500
82
153
86
160
58
88
57
54
50
50
42
120
160
51
180
47
224
83
150
38
167
34
49
37
36
79
63
54
41
46
92
28
27
116
28
223
30
40
44
27
58
562
145
40
82
158
87
197
161
74
91
47
1072
199
41
33
115
69
184
156
70
190
38
255
30
64
44
53
79
97
27
89
128
168
40
100
3
241
97
65
77
75
113
125
115
58
393
30
35
69
674
310
170
28
49
73
81
25
160
531
45
56
45
102
62
618
28
33
193
545
52
120
146
118
337
35
38
151
60
59
162
30
86
50
127
81
89
71
108
78
186
52
371
23
18
42
345
123
97
145
20
127
27
87
24
46
119
148
179
364
772
249
123
59
41
174
27
39
25
89
49
197
72
41
142
87
36
27
49
54
123
65
29
49
31
145
62
99
24
368
39
173
48
85
69
74
25
65
33
161
158
59
503
33
525
108
53
89
74
36
42
85
98
62
38
64
34
24
33
12
41
475
87
48
53
167
91
41
65
66
30
542
45
33
76
287
99
59
37
28
89
83
113
38
77
159
357
49
44
70
156
159
503
708
96
51
155
88
50
22
42
21
54
26
86
61
178
16
30
50
120
147
35
50
55
89
490
100
34
147
21
24
39
31
115
375
76
322
49
115
162
85
169
217
43
77
160
92
90
93
56
68
505
51
57
542
54
48
47
1505
65
27
188
134
56
61
78
44
34
142
97
28
173
176
38
44
75
51
373
92
80
84
33
36
24
2
121
80
171
72
50
32
177
45
33
33
22
67
68
39
133
153
87
53
181
131
57
135
452
178
48
52
163
22
29
554
43
28
78
31
121
50
35
39
28
59
32
222
26
44
37
30
92
77
159
69
125
43
146
100
65
245
585
445
153
42
434
117
38
87
140
49
43
248
28
42
75
179
50
60
44
31
47
189
43
77
39
237
156
69
128
97
42
29
29
28
33
156
17
80
46
82
302
30
151
97
156
139
29
74
36
49
158
173
52
45
194
29
56
43
170
48
52
67
55
700
79
418
100
98
23
326
26
468
203
247
30
158
46
79
38
184
163
47
545
61
238
45
651
26
143
31
92
120
82
191
1137
101
114
50
26
168
235
79
50
160
86
751
52
70
44
233
55
26
46
217
61
301
111
127
183
30
29
101
45
96
50
80
40
85
144
113
88
100
95
44
48
55
190
28
130
56
24
44
19
51
34
344
24
278
83
67
95
45
532
603
31
554
65
177
50
102
53
53
102
183
51
180
43
73
41
171
538
27
100
41
46
81
36
107
40
33
143
31
71
644
245
645
29
51
39
105
175
12
15
63
540
80
57
27
49
67
121
146
70
71
53
41
503
319
85
29
35
377
24
29
38
53
178
42
26
45
27
39
191
43
57
207
99
31
236
12
24
49
140
150
402
157
319
29
48
42
36
38
716
43
34
54
65
26
86
191
45
110
66
1
158
66
74
59
173
141
433
30
208
62
126
147
52
27
148
85
139
63
47
55
578
168
71
41
36
68
375
158
45
544
28
71
47
50
390
41
50
186
40
47
34
37
55
68
156
71
95
275
49
56
44
140
154
52
31
113
191
47
1346
50
175
149
89
171
118
82
27
97
189
32
64
156
54
58
316
35
169
25
25
96
35
50
109
39
128
168
165
45
294
44
141
54
503
98
138
76
36
54
40
54
110
42
300
79
174
8
95
39
195
84
77
60
200
130
49
71
148
43
53
64
31
132
189
294
47
201
147
33
58
26
56
88
46
147
29
118
120
96
324
62
41
51
183
61
33
194
45
57
182
42
35
183
40
159
35
54
35
173
197
84
150
194
191
75
168
52
67
1
31
27
1561
139
107
290
76
26
150
33
51
118
2
109
61
63
48
50
43
161
69
76
118
153
62
53
505
37
82
39
77
41
193
5
503
100
216
29
32
580
14
36
47
306
94
121
33
80
70
229
45
45
55
183
34
26
18
61
60
45
93
70
28
47
154
34
181
34
157
111
315
24
471
28
34
94
45
382
30
71
47
39
140
154
154
26
98
40
263
86
165
82
21
339
130
465
30
28
48
122
76
760
36
61
362
141
380
44
42
78
87
78
182
48
37
44
63
55
48
34
142
566
63
72
190
88
65
37
106
173
226
648
174
42
149
74
113
61
102
274
47
455
3252
184
60
61
25
120
46
28
35
54
87
57
332
7
33
241
163
6
53
496
33
197
29
86
338
205
124
175
372
106
170
28
184
60
459
173
694
163
177
23
165
147
101
162
431
266
35
33
73
141
103
636
34
134
27
64
196
372
238
28
162
31
451
28
103
502
97
49
30
159
73
185
32
530
55
54
23
65
40
379
34
82
23
50
108
570
34
98
164
177
35
221
28
34
100
44
197
35
206
97
150
49
103
21
32
187
37
48
22
51
53
170
35
59
33
188
205
224
46
32
576
484
48
60
66
28
44
62
52
38
31
189
70
163
146
65
96
63
22
131
100
41
180
161
23
82
86
43
182
434
57
35
46
48
33
190
43
1007
76
66
62
40
41
37
61
29
78
379
43
60
91
2073
35
4
166
104
53
35
115
27
503
110
41
183
148
61
503
46
68
11
53
563
67
95
35
42
158
84
89
47
33
53
81
83
104
153
52
54
149
26
55
553
63
28
551
399
163
93
21
36
47
42
34
50
162
57
97
21
9
45
158
840
35
365
69
20
108
26
49
224
48
132
53
335
208
64
28
247
37
49
75
56
28
579
52
78
161
68
22
65
450
36
120
44
184
1
196
53
194
529
30
30
152
31
40
129
312
84
370
114
38
172
54
58
25
79
84
70
957
144
30
71
161
146
161
67
64
160
90
153
73
39
67
89
85
51
41
28
37
80
43
360
94
503
73
81
52
63
983
44
41
63
45
640
65
437
58
27
257
31
193
111
21
107
49
107
568
144
29
102
29
85
72
78
545
51
707
189
26
29
3
88
83
25
132
217
32
184
25
13
23
184
52
91
91
30
197
86
30
83
175
439
37
68
29
39
164
25
35
30
39
38
44
46
103
69
165
80
74
41
155
229
29
141
39
55
173
46
42
54
37
297
66
185
58
149
102
65
49
45
38
36
137
51
52
54
99
36
10
52
87
15
72
106
186
78
94
76
188
72
27
93
54
44
178
139
165
234
28
83
116
43
86
43
231
132
154
58
41
97
4
52
42
24
377
143
134
78
48
171
329
31
31
616
61
42
130
7
97
118
127
569
28
28
72
272
53
156
213
32
57
11
331
405
47
639
88
165
33
181
178
73
93
81
60
152
472
139
37
29
666
31
50
52
38
22
189
100
32
35
31
24
74
37
36
39
102
53
32
23
192
62
48
35
36
33
48
51
42
41
75
50
152
34
29
76
119
48
206
100
22
584
40
493
80
503
105
49
174
112
51
63
108
47
31
154
72
84
85
54
35
75
49
34
35
30
98
27
82
1841
61
67
34
18
122
35
48
31
174
39
148
519
125
575
49
87
76
87
92
23
27
35
170
88
3
87
122
65
477
334
87
274
75
64
131
82
67
96
93
54
171
87
165
27
180
69
57
46
181
2
111
34
86
50
177
169
287
65
50
95
221
187
83
64
37
47
20
59
36
38
40
45
503
612
197
49
115
49
81
224
163
28
30
190
40
29
54
41
357
43
63
48
46
89
173
41
630
60
288
64
44
58
43
189
86
446
614
39
53
169
289
573
197
13
21
39
378
52
45
166
138
38
197
176
159
70
88
27
29
176
100
55
94
98
288
49
36
115
100
98
15
36
44
39
180
98
66
248
41
142
168
33
44
186
50
122
108
36
155
40
50
98
69
182
213
140
60
165
138
40
197
154
30
85
645
30
221
41
101
42
84
34
31
52
188
49
46
280
51
90
503
117
146
131
89
136
289
24
319
215
34
120
33
6
8
122
90
63
321
33
179
36
173
173
128
48
172
138
228
330
33
37
60
94
51
94
64
5
49
226
128
37
164
52
52
66
43
52
98
33
35
51
170
21
166
28
52
578
59
262
172
305
34
47
65
41
30
206
45
68
30
30
76
26
66
191
488
132
31
193
39
172
31
81
378
48
35
159
503
37
206
46
121
23
63
153
44
191
46
224
52
1027
49
172
39
24
236
48
82
54
44
89
157
193
87
458
325
64
52
53
33
190
122
38
43
125
105
192
40
312
194
39
46
318
190
167
87
538
57
146
30
5
49
1
136
27
92
90
288
39
171
22
73
43
65
77
50
269
62
24
59
45
168
61
338
80
84
97
30
137
171
115
61
30
22
101
27
23
47
95
64
168
22
503
49
106
37
33
76
57
47
200
80
143
44
77
61
29
304
52
359
142
91
85
28
346
198
9
70
29
26
67
173
166
28
46
35
159
246
369
103
31
30
38
40
51
40
59
87
31
99
41
51
566
25
57
30
78
185
38
119
60
284
28
72
29
36
51
166
54
35
59
97
195
90
120
67
117
321
122
53
252
115
73
28
56
87
23
53
151
35
5
47
33
106
132
47
192
109
46
42
28
73
62
27
503
710
144
51
631
66
52
33
24
45
131
277
42
75
28
101
168
127
27
28
55
102
35
98
31
45
30
29
118
119
168
46
87
48
29
530
119
187
42
124
30
45
59
373
50
117
120
43
119
73
61
37
461
29
179
42
151
28
37
24
55
146
76
21
83
187
408
91
311
45
53
49
48
31
88
128
53
89
40
49
50
198
50
230
79
25
33
97
544
171
64
77
72
92
9
29
63
24
39
197
324
164
29
36
41
50
80
36
58
30
102
38
48
49
43
38
19
102
33
37
41
59
365
198
114
356
24
2081
45
377
174
43
76
36
74
554
124
112
65
32
174
102
58
34
34
32
66
88
43
60
184
148
55
52
153
34
144
66
53
35
44
42
160
35
75
28
46
144
443
194
705
75
42
247
92
503
120
138
83
198
62
178
45
17
94
76
30
36
503
28
79
63
322
346
262
91
55
161
35
50
324
28
163
51
67
47
250
31
33
75
90
36
55
44
546
43
36
189
80
140
197
51
197
165
118
264
106
47
303
34
66
89
123
180
129
28
83
33
65
29
190
4
88
3
55
83
45
78
44
48
196
38
56
99
64
54
161
51
69
85
54
140
53
27
32
32
88
1193
1
107
30
173
22
26
56
50
43
86
54
42
12
71
83
59
91
26
50
29
217
201
50
65
33
89
347
198
46
190
65
199
82
117
76
55
47
921
43
152
342
34
23
90
329
80
123
154
101
240
276
45
101
144
95
86
95
232
36
64
90
299
45
37
24
90
47
773
23
157
56
62
40
29
24
44
503
32
57
47
124
64
162
436
36
51
144
28
54
74
192
58
49
100
35
74
187
50
36
106
34
33
503
407
232
178
37
68
53
84
74
55
164
54
62
21
36
22
74
775
55
836
55
139
575
27
30
140
107
48
12
101
52
43
638
60
117
47
97
373
28
85
66
26
43
80
35
148
55
51
41
68
91
42
331
162
406
35
81
95
146
35
410
273
336
195
44
582
12
112
116
907
399
150
1277
149
521
101
28
56
185
86
29
94
87
76
46
34
168
29
50
55
18
1154
50
57
230
80
42
101
331
25
37
0
54
60
48
144
90
26
139
172
49
55
93
400
49
47
35
50
24
23
66
89
45
46
34
36
90
153
158
173
70
45
86
85
36
421
450
74
159
74
30
623
179
68
27
59
352
218
934
128
31
890
181
503
63
79
29
64
399
82
199
34
181
176
189
29
85
88
98
16
43
123
48
89
550
41
98
47
10
45
45
350
169
106
182
60
477
153
96
28
79
87
164
221
211
45
41
135
32
40
53
30
124
42
236
30
35
92
48
54
31
174
93
159
32
40
149
81
70
63
31
41
175
80
56
44
47
87
47
51
38
90
25
45
36
188
76
198
178
63
82
47
27
24
52
64
79
43
47
531
42
93
28
47
931
191
166
40
63
26
77
393
27
31
96
558
143
54
118
50
205
143
61
27
35
52
28
37
179
41
376
52
26
375
144
121
74
15
74
99
45
26
303
30
87
49
81
43
49
154
1116
59
70
35
58
160
23
226
203
94
48
32
92
63
29
125
179
74
67
35
21
119
43
29
24
23
43
75
61
96
57
89
342
28
64
72
553
234
20
139
36
40
65
69
188
29
25
387
502
24
97
27
48
142
163
58
154
28
28
274
405
34
759
49
131
183
54
58
345
423
41
53
49
71
85
106
72
40
25
55
30
33
248
952
97
361
39
116
44
115
49
100
164
116
50
29
2
112
80
192
58
146
580
24
28
190
53
62
52
174
53
387
45
36
60
174
25
159
48
41
338
503
25
40
629
29
86
475
46
33
247
107
24
33
35
99
53
57
79
42
27
28
51
47
64
26
54
27
5
170
117
26
29
65
31
77
80
99
54
121
310
107
46
91
166
158
48
137
201
50
57
252
46
140
158
34
36
34
81
64
384
162
37
142
36
154
58
41
40
167
79
37
66
81
610
97
53
84
123
479
152
22
100
41
54
102
136
51
102
236
32
29
178
29
529
80
122
78
53
64
124
49
56
594
36
59
703
54
53
65
66
80
193
762
60
635
66
18
136
59
100
245
89
60
47
35
51
145
71
38
55
71
48
2607
89
51
48
186
36
24
41
54
1312
40
143
25
62
99
64
89
64
72
28
455
55
23
131
28
52
18
166
42
60
88
150
178
177
112
157
193
197
75
140
335
43
83
50
90
334
43
50
40
27
10
149
62
44
23
66
90
152
456
57
52
187
59
26
36
76
21
173
48
2011
328
42
168
126
648
150
46
70
74
136
148
342
189
24
30
28
172
72
82
479
68
28
93
2
173
149
132
27
62
332
175
18
173
47
63
28
47
46
96
137
48
327
80
55
66
67
422
184
94
59
37
99
29
1
60
714
53
96
30
148
43
28
28
157
113
146
358
18
246
32
158
35
153
40
54
230
51
42
116
100
50
125
72
49
42
80
36
295
28
149
126
229
46
54
34
111
190
35
47
52
209
175
278
105
93
350
40
48
234
107
39
36
43
322
165
54
33
23
105
52
54
174
48
30
668
28
185
70
25
35
55
37
43
296
720
86
244
25
397
53
42
36
169
147
1055
62
44
67
41
102
51
88
51
53
174
53
29
31
54
24
47
548
60
139
25
71
37
30
114
23
36
503
486
155
52
45
274
86
79
4
83
63
376
174
239
180
47
38
433
17
378
47
47
452
252
38
144
39
39
90
83
54
76
2
53
50
61
182
66
87
139
40
51
66
1
30
49
49
25
90
180
50
175
317
46
91
164
54
99
106
143
34
225
54
100
137
34
158
174
47
149
111
29
112
82
160
183
50
148
109
51
55
388
54
63
478
186
46
38
25
27
148
44
145
38
140
177
32
50
34
107
100
88
31
74
102
172
39
53
170
52
196
873
25
20
258
172
42
45
75
30
148
101
113
140
33
30
38
70
27
60
57
52
40
52
147
39
255
95
91
31
90
77
21
164
47
30
709
129
52
157
194
68
28
51
316
23
78
36
565
172
117
44
54
51
33
81
146
29
33
149
1045
138
119
56
322
50
63
37
626
25
503
37
165
63
42
126
147
124
33
428
26
149
61
167
32
32
59
28
104
48
64
110
28
85
55
54
28
890
49
99
196
138
54
157
30
38
190
20
28
52
244
123
54
187
64
143
117
376
63
124
46
27
79
33
286
50
75
246
114
23
157
87
90
236
163
43
40
194
43
232
48
171
93
78
33
30
35
175
62
46
58
293
86
122
62
41
34
111
125
362
52
78
178
532
124
40
102
757
70
67
26
133
248
44
101
106
47
49
131
119
33
33
46
384
592
161
32
40
356
88
323
45
25
82
41
55
47
27
148
85
27
82
223
258
70
218
47
157
142
24
56
216
149
399
175
23
137
567
455
183
37
182
31
52
62
101
186
49
19
78
70
44
22
139
53
55
173
48
1337
181
47
98
53
79
72
79
21
97
24
54
50
39
230
152
4
77
91
31
312
12
44
24
52
51
27
182
26
77
36
47
41
52
78
9
29
66
145
46
79
47
33
96
118
49
87
42
96
39
130
118
99
111
63
361
122
1554
118
129
97
38
172
503
67
312
88
80
48
51
146
92
51
34
93
119
121
47
28
43
53
366
47
78
39
180
59
433
52
236
377
41
89
30
34
79
54
27
296
85
49
101
87
74
36
160
54
142
39
38
71
503
84
140
31
34
193
75
659
61
45
606
50
203
99
41
28
385
239
102
117
31
46
40
91
35
33
53
50
39
65
157
87
541
165
50
143
53
56
98
36
197
42
43
243
625
100
531
12
85
85
47
81
29
43
27
60
227
123
48
194
210
163
100
53
30
211
103
146
187
102
169
121
750
8
434
67
377
46
55
124
5
168
164
37
53
98
27
87
106
274
268
222
67
603
437
104
148
178
28
39
43
72
192
37
68
43
75
21
545
77
46
569
22
85
60
44
26
102
28
215
183
160
91
29
153
75
155
27
28
49
27
3
53
54
386
85
290
82
55
34
422
59
73
50
127
25
69
899
389
52
41
56
90
35
69
87
59
54
95
191
50
54
42
163
67
46
52
135
95
894
35
194
228
649
53
89
39
42
63
148
444
37
71
63
5
53
43
33
63
38
29
145
165
47
41
78
61
117
197
43
110
82
73
22
52
243
178
73
677
63
47
30
37
55
93
489
200
2
65
76
97
153
48
213
42
43
28
92
500
44
45
170
43
57
30
70
68
36
36
67
32
60
74
43
39
1434
178
32
72
34
59
50
152
182
43
51
98
77
174
225
50
40
48
162
311
54
100
27
59
184
33
24
29
63
153
41
80
19
30
173
35
120
175
427
242
138
104
93
719
34
339
89
207
411
15
87
47
1523
129
254
183
75
57
33
204
2
165
176
54
21
40
42
31
15
98
180
568
81
52
32
46
78
93
80
99
51
23
36
79
185
36
251
81
214
30
95
53
39
52
45
53
200
27
82
42
52
155
145
53
60
72
90
42
64
40
1564
299
39
25
33
201
47
38
127
30
49
46
78
45
95
180
151
42
88
73
28
169
84
246
73
47
31
40
133
28
25
34
28
306
177
34
215
52
150
88
2
45
26
168
198
52
387
171
49
63
150
31
51
119
59
65
101
53
50
39
386
45
199
76
66
50
463
24
53
174
95
29
40
86
52
195
55
73
45
115
65
60
28
117
34
252
72
198
28
41
92
35
185
123
470
174
31
49
86
100
46
99
465
77
427
73
33
56
111
161
2
64
53
51
161
51
115
150
53
25
38
116
52
29
35
216
106
74
108
3
72
91
183
48
47
66
22
320
46
121
65
35
31
67
153
188
52
36
26
343
50
73
158
781
99
200
160
52
49
174
328
1100
414
70
30
79
67
184
519
43
510
38
65
120
76
28
56
20
33
47
102
32
24
79
49
31
117
156
153
86
113
156
80
67
50
75
41
254
68
46
377
9
61
41
59
145
95
93
61
137
379
44
32
50
148
54
29
51
191
38
79
171
172
41
38
72
101
91
83
36
47
882
7
164
142
168
52
31
90
75
45
599
99
6
57
25
47
26
43
24
48
43
83
57
61
44
61
574
28
99
34
113
89
84
105
198
74
166
44
459
113
47
26
33
44
52
61
231
25
9
53
338
34
476
170
33
28
21
42
199
236
80
85
30
35
121
58
36
331
242
76
50
274
29
30
101
144
56
69
167
23
87
52
62
62
141
132
98
29
52
75
40
27
62
54
46
195
354
35
24
477
86
25
48
205
108
58
70
141
159
100
147
75
43
52
143
45
37
82
31
95
27
543
569
91
116
34
107
145
69
119
46
57
38
141
44
48
193
45
42
190
178
26
92
2
701
112
31
199
306
102
145
54
134
50
29
30
53
124
42
55
164
68
83
1017
131
25
28
164
50
18
156
29
36
50
102
40
121
135
177
39
35
52
544
185
48
53
76
32
54
48
48
29
193
67
236
176
141
27
31
54
254
51
186
51
75
81
162
83
98
54
57
51
40
34
27
172
86
93
50
74
44
67
25
55
225
12
34
170
43
71
22
29
121
54
208
28
174
101
31
25
51
83
30
122
81
264
25
96
194
42
107
89
121
44
107
53
45
503
46
72
56
27
84
388
27
36
108
58
53
38
65
59
117
500
97
42
345
53
28
276
38
42
197
74
50
50
173
158
35
31
30
31
13
45
53
234
37
31
29
27
109
32
28
107
42
179
22
31
198
77
168
125
83
66
922
353
45
46
181
193
88
147
75
33
49
52
78
76
172
159
34
51
176
47
201
65
88
714
162
192
149
83
574
30
29
143
149
165
36
48
369
86
37
182
83
54
92
115
44
168
25
31
41
79
1
41
168
694
216
154
47
43
64
31
584
56
82
216
26
692
142
52
49
34
73
26
29
233
90
43
35
50
44
266
107
36
23
95
81
99
42
33
165
54
123
87
90
30
46
116
296
43
35
56
26
22
90
50
115
91
336
46
97
46
81
26
50
41
183
52
28
11
25
78
61
31
44
68
109
37
47
116
62
192
171
194
58
25
84
325
296
31
92
48
39
54
46
46
36
150
54
645
36
135
89
226
144
81
219
160
55
38
129
46
122
62
432
87
161
27
155
172
72
103
60
188
68
222
99
211
189
172
46
99
97
340
51
254
86
28
65
90
72
85
98
204
104
63
35
170
57
125
487
379
115
87
120
43
169
144
59
580
113
330
85
52
43
99
29
193
36
200
66
60
90
22
19
95
49
28
136
185
65
40
128
76
34
114
23
231
35
41
46
81
23
59
22
99
146
524
89
28
