106.171
306.685
45.899
144.998
288.705
543.581
44.257
230.251
201.632
116.729
1124.289
216.019
683.215
22.14
43.877
43.366
146.773
48.673
257.025
241.151
28.164
71.766
217.208
109.94
189.442
2051.4
84.439
258.414
26.136
292.486
440.798
120.42
186.067
229.799
58.464
140.618
33.704
257.898
207.661
20.172
27.807
99.189
21.84
105.529
315.479
35.84
229.632
160.47
23.923
46.402
352.738
181.233
23.695
28.878
28.734
76.212
67.316
205.223
296.201
110.622
136.142
243.495
318.28
25.085
217.958
582.66
92.318
462.568
538.303
118.341
32.791
134.441
266.385
269.612
32.025
71.229
62.584
246.403
63.783
226.192
107.681
739.688
142.08
134.284
49.565
21.531
155.198
71.383
550.173
52.572
80.974
39.399
28.467
266.424
47.964
226.629
121.843
109.3
58.588
311.34
203.808
336.867
52.004
69.216
41.917
26.22
51.201
309.539
47.896
69.212
192.51
21.282
180.412
384.982
1825.035
65.718
39.012
56.466
198.539
126.434
386.303
27.699
182.887
131.94
315.446
34.526
128.947
18.065
173.768
97.487
64.035
77.765
67.23
903.603
52.84
153.814
21.411
59.529
343.001
22.929
74.851
118.973
212.116
34.613
273.182
103.389
31.267
24.168
123.086
77.811
1113.441
1159.056
447.228
45.64
287.802
22.659
47.109
418.745
1480.442
30.768
53.851
75.725
621.172
182.297
224.868
102.871
703.128
19.734
813.536
116.06
100.077
342.345
229.884
87.903
26.107
59.03
123.754
930.933
542.878
21.955
466.193
155.539
46.933
633.937
157.1
56.381
1879.169
73.624
163.68
147.787
256.726
208.262
164.005
34.679
710.281
93.271
56.201
58.407
188.536
88.837
125.136
224.856
43.701
43.091
33.008
772.999
172.056
449.316
175.521
79.405
100.668
378.643
25.793
313.872
28.107
31.435
465.653
56.557
146.451
174.282
172.425
96.732
483.259
580.644
208.874
52.343
34.971
145.554
134.532
23.19
49.115
216.534
385.731
36.143
348.082
29.994
85.628
787.465
113.439
1632.966
23.857
167.239
39.993
49.586
140.987
33.984
207.799
348.213
224.348
98.381
23.595
764.632
51.722
21.428
21.667
194.065
518.813
561.636
61.196
429.489
232.506
294.276
154.803
44.319
23.567
431.854
25.556
1615.389
381.188
796.95
163.97
247.792
121.595
32.637
49.798
121.313
139.23
25.177
55.98
22.942
45.509
29.576
98.596
43.142
179.673
63.008
522.654
42.997
66.376
69.229
727.16
37.26
517.591
95.049
496.676
157.751
98.694
419.58
33.467
93.084
133.999
305.466
36.432
266.336
147.551
41.203
213.471
76.069
205.4
33.214
2433.626
132.918
131.468
116.044
46.254
956.639
173.064
24.807
30.841
109.263
22.332
68.281
383.196
49.617
24.822
93.292
113.8
385.595
213.45
21.191
231.846
244.312
38.684
66.088
20.556
912.178
83.821
124.908
40.571
186.983
168.956
107.236
44.51
58.923
354.743
381.977
71.495
1355.166
196.723
59.076
189.051
68.976
21.932
18.86
56.685
58.589
22.05
232.4
35.529
68.509
97.076
82.951
37.666
242.978
43.881
309.643
383.501
163.466
24.213
22.384
271.531
45.022
88.35
268.533
22.729
416.802
142.584
146.407
230.346
39.807
37.031
31.048
630.956
26.862
43.987
84.927
158.871
125.284
73.436
67.272
104.049
112.801
445.147
132.363
198.462
41.375
49.74
352.853
182.131
20.215
21.84
157.533
103.72
1366.353
202.631
52.763
496.881
36.44
102.829
25.126
45.156
163.136
472.778
77.893
48.17
39.758
700.868
68.19
1392.505
184.385
720.657
39.645
119.515
68.674
209.899
187.724
357.251
85.623
717.693
797.592
624.034
175.663
146.733
35.806
110.39
197.538
1733.925
244.251
30.471
61.948
35.031
64.983
106.536
651.02
19.889
22.806
298.043
69.794
148.984
23.655
41.768
42.235
31.648
148.597
44.171
56.743
180.056
23.545
90.643
39.307
76.395
41.361
37.755
632.662
42.751
112.421
25.841
1356.415
169.234
21.405
51.489
181.282
27.732
177.896
18.051
190.863
191.203
668.194
56.927
72.884
65.78
55.216
32.542
35.216
115.856
24.279
108.143
41.427
538.287
45.205
112.916
79.244
182.065
517.85
41.475
45.639
60.317
58.522
220.796
55.041
329.911
143.887
56.592
109.417
156.922
294.371
1496.17
19.707
198.541
60.047
599.243
51.496
131.533
212.998
264.807
292.853
35.488
141.019
356.688
27.787
151.202
182.601
27.269
72.553
20.12
414.405
32.223
392.047
215.1
37.441
21.988
927.219
373.077
172.63
48.138
39.86
24.296
71.21
219.062
53.018
20.489
471.262
33.592
380.693
38.604
121.998
869.601
190.849
848.818
82.756
57.356
952.501
81.985
108.488
207.06
82.44
48.017
44.787
22.667
157.41
32.35
178.416
389.507
108.551
119.676
362.356
420.368
316.98
1275.573
91.321
44.856
26.785
72.282
26.726
307.581
31.781
42.294
69.12
306.938
122.481
257.435
125.396
97.13
104.575
131.386
52.494
210.391
315.712
629.83
59.829
609.08
1759.063
288.438
110.673
40.122
316.117
26.246
22.855
93.246
278.044
1318.682
84.766
112.976
37.784
23.274
30.609
38.834
32.748
19.616
230.67
34.029
52.659
281.723
65.404
299.324
49.161
70.18
334.842
185.519
215.251
83.733
55.951
24.506
120.415
78.051
22.658
57.099
346.892
344.26
27.037
63.956
30.094
595.049
29.663
474.485
101.266
27.592
276.28
25.171
278.284
859.399
25.837
20.255
42.047
22.424
162.431
38.643
87.911
22.922
165.631
79.959
51.84
251.224
36.653
212.69
70.426
67.999
146.285
32.343
28.682
43.914
160.073
20.777
133.743
38.959
605.311
31.55
894.59
341.913
81.039
931.734
99.514
73.007
110.891
80.163
19.233
95.514
321.046
382.763
55.468
71.211
73.46
158.174
42.494
238.659
103.031
488.693
135.743
188.844
49.851
22.423
828.068
221.807
28.687
102.305
61.277
203.701
26.199
650.522
102.393
384.494
453.413
240.757
315.704
787.931
81.13
104.452
110.817
66.064
28.741
1050.248
52.353
390.307
221.461
25.374
54.03
355.335
1422.225
36.237
25.67
23.1
235.856
159.445
82.973
23.978
509.011
49.244
338.48
28.205
112.529
91.347
200.691
20.719
133.895
26.132
131.941
1111.667
123.791
264.545
179.672
109.463
1053.582
828.919
364
35.186
295.902
379.501
834.126
132.497
23.894
290.269
96.44
641.405
829.132
319.875
427.63
42.737
221.748
208.669
166.954
18.619
27.697
83.994
429.423
24.821
126.762
137.463
1359.861
135.2
36.827
953.594
21.881
248.609
84.549
254.747
94.987
77.979
402.712
80.3
77.898
247.854
80.831
351.904
126.43
101.357
103.57
64.902
1373.952
201.736
17.987
158.967
110.765
668.16
328.184
29.266
463.166
23.656
59.874
22.972
177.506
1070.293
215.524
34.025
196.235
97.354
30.336
62.229
521.129
21.691
94.095
32.223
683.741
130.233
151.61
310.465
247.872
59.317
50.732
181.175
143.412
31.919
57.994
20.414
309.236
55.943
65.062
181.476
93.954
72.363
26.548
22.002
47.893
635.436
91.165
71.999
50.933
78.719
28.724
65.621
141.145
340.377
127.662
103.154
183.213
325.038
268.154
123.429
170.564
231.74
26.078
669.92
705.843
40.366
82.78
23.339
508.489
22.856
84.101
598.245
160.728
185.371
23.35
201.922
24.439
77.352
753.66
127.442
288.817
297.908
18.936
986.92
53.635
80.573
43.161
44.232
112.255
27.544
290.946
373.901
274.83
521.05
254.358
23.82
244.381
173.986
188.848
41.34
296.196
505.501
219.917
30.432
68.267
484.469
40.239
75.81
1373.905
121.769
83.475
33.371
24.449
219.519
159.845
335.874
24.687
70.008
118.547
219.05
1140.783
134.88
202.923
168.296
33.032
579.754
25.608
28.108
561.37
239.76
70.27
75.697
63.601
63.382
75.692
25.28
41.883
37.271
152.467
101.233
22.785
127.859
81.757
50.098
58.166
206.354
79.092
352.291
97.584
32.601
321.211
230.298
110.022
1146.667
23.453
229.535
25.671
28.532
26.155
254.855
265.6
28.332
289.11
238.489
606.972
266.826
465.622
288.97
215.748
43.114
900.635
79.863
239.978
30.807
88.529
48.885
81.149
350.011
252.802
20.386
280.813
97.847
692.424
390.842
23.522
24.657
385.098
163.273
235.466
63.939
23.889
205.636
86.095
593.924
28.953
315.465
35.474
45.934
42.556
171.153
46.033
23.983
369.565
88.797
213.456
152.13
45.239
209.855
214.62
28.81
443.226
628.079
295.274
22.668
40.771
277.62
103.74
342.166
31.106
28.33
85.187
38.541
162.29
18.987
105.999
39.321
31.516
60.087
44.97
33.942
78.046
51.803
147.35
133.786
207.159
41.038
71.233
337.465
25.09
62.521
540.016
196.608
106.767
204.737
405.807
49.182
109.424
156.123
121.448
27.781
42.822
384.203
215.109
315.48
148.373
145.024
420.738
25.652
25.756
659.006
113.701
662.815
25.49
105.744
28.016
67.203
237.645
286.433
21.272
173.545
80.899
20.095
129.889
557.59
150.627
200.631
178.006
312.556
38.716
28.876
88.013
50.053
266.137
34.802
360.443
42.058
640.53
115.476
1168.596
53.774
208.396
49.592
43.968
308.059
23.939
23.211
78.048
302.228
218.012
223.096
29.256
42.418
379.829
40.204
68.249
94.261
43.503
51.998
35.72
221.586
79.963
64.462
839.848
66.723
99.019
310.307
539.008
104.013
515.08
542.067
206.886
193.715
619.975
127.266
162.103
20.33
38.142
88.58
748.325
167.929
64.093
546.159
1032.649
82.439
48.354
52.639
32.819
95.827
1126.294
599.43
27.201
152.378
83.346
504.668
161.934
221.118
608.594
42.305
106.286
17.663
312.116
72.869
22.367
104.824
27.067
96.987
279.807
123.168
106.826
97.715
580.267
52.276
450.664
90.604
159.009
127.79
141.66
27.836
33.887
19.565
57.537
149.935
58.674
246.243
65.385
46.235
469.761
202.714
25.954
25.605
50.858
26.114
27.439
105.99
70.252
116.651
24.781
19.147
186.722
842.933
70.826
98.792
967.794
62.765
125.133
356.749
103.042
63.859
66.674
80.789
99.873
62.055
26.747
168.798
318.043
300.811
27.008
30.527
172.425
456.523
57.6
49.56
272.875
189.726
23.103
31.917
24.021
37.625
131.064
245.663
62.629
770.759
55.08
158.54
38.262
705.801
69.05
472.481
615.796
24.424
1209.436
215.251
99.469
28.86
325.413
298.505
120.392
74.511
175.137
82.51
44.593
46.3
90.622
186.171
671.474
28.793
19.61
136.092
33.338
34.697
241.584
44.345
68.235
25.871
369.143
542.782
50.691
49.321
33.3
957.67
313.632
410.163
20.04
19.255
58.808
1430.999
104.262
30.116
768.529
22.1
97.852
50.382
783.372
164.937
288.039
30.992
438.348
401.08
39.477
170.413
22.554
228.623
31.42
489.313
24.783
76.769
213.976
518.234
201.319
184.709
31.511
55.564
154.085
40.458
49.731
62.672
66.223
45.175
142.575
352.636
967.224
31.588
1168.37
18.535
216.082
152.937
111.835
550.768
25.119
46.835
181.059
44.949
107.93
130.219
288.862
20.719
107.47
62.353
50.311
72.369
119.13
181.208
35.329
31.192
25.888
45.713
21.335
128.171
196.165
25.607
153.667
226.094
282.151
95.316
30.742
118.954
366.729
21.4
322.17
23.35
43.329
146.439
435.275
154.6
324.563
70.406
35.593
25.52
19.359
50.512
29.887
197.475
62.731
388.88
28.122
491.108
351.173
186.394
92.238
72.138
21.754
88.777
108.429
229.215
46.439
29.17
18.997
57.427
1410.569
265.951
24.004
131.646
31.588
22.066
73.428
347.177
494.955
311.36
41.664
54.974
62.373
28.162
24.067
154.917
160.752
446.818
89.623
219.495
442.056
49.484
221.86
40.056
37.347
234.704
828.316
56.387
270.537
96.367
195.322
343.91
66.537
86.37
46.587
872.153
89.413
25.783
59.072
324.554
50.798
229.562
29.376
135.361
192.809
592.859
23.882
287.285
21.839
287.668
68.194
337.413
73.499
22.058
77.202
185.655
630.34
207.216
404.381
37.284
28.794
25.684
287.947
222.95
57.283
218.675
59.944
184.984
64.956
598.443
25.949
319.964
51.397
237.766
22.338
214.684
227.143
164.978
46.873
42.855
74.595
127.87
700.782
381.695
151.816
29.873
482.72
103.649
1017.382
73.472
34.469
111.107
166.473
66.903
428.454
20.264
493.425
165.48
382.183
30.052
40.844
119.453
49.674
88.485
31.078
24.343
46.809
201.334
141.339
35.258
180.322
21.5
75.254
32.735
79.995
45.36
130.956
24.652
53.358
27.428
59.796
31.879
120.974
349.883
296.985
21.962
280.569
83.873
288.179
61.432
246.754
577.44
628.746
26.794
18.203
253.628
86.194
94.959
22.61
178.719
22.468
293.46
55.725
270.871
425.878
33.371
88.822
47.675
179.93
46.225
631.664
211.155
52.977
27.513
1755.703
924.803
55.734
29.265
549.279
24.496
750.449
138.058
118.989
33.097
47.101
65.256
33.064
116.682
91.429
236.932
518.554
105.452
742.914
25.766
28.552
872.198
246.225
56.936
256.903
404.039
193.078
113.83
87.499
391.91
128.12
145.163
226.982
155.704
111.528
28.593
45.415
149.436
57.787
47.762
81.356
46.26
517.007
297.4
180.113
54.434
93.187
344.807
31.117
729.676
29.923
123.603
613.713
87.686
141.546
30.864
79.055
688.636
78.009
30.377
50.357
189.549
33.436
1354.056
27.894
83.526
416.591
72.532
69.969
21.81
34.803
543.705
23.171
85.09
41.337
687.309
37.548
296.44
419.785
73.411
166.683
19.574
499.344
144.76
819.219
270.664
55.493
75.444
51.715
57.192
895.618
30.476
77.407
550.154
35.424
188.642
1230.506
1379.297
331.73
129.922
84.167
250.728
571.383
49.526
246.003
181.086
101.334
165.543
58.794
187.888
23.813
267.868
705.471
36.675
21.217
18.303
274.099
40.786
46.681
39.738
444.564
77.382
61.314
97.423
69.523
121.62
79.948
57.03
140.354
1184.576
29.238
55.535
80.681
138.738
34.877
667.915
93.557
488.379
29.95
25.472
26.711
257.436
264.238
72.529
380.927
289.978
67.999
83.578
183.281
90.546
129.199
2005.327
85.344
30.973
111.746
816.135
512.229
23.642
114.561
102.647
19.15
112.752
884.666
375.189
112.927
602.973
74.766
179.529
1549.565
90.134
213.475
80.186
40.78
85.223
227.529
168.105
27.341
150.507
659.165
31.11
162.485
870.902
175.501
89.474
91.86
42.624
308.834
242.85
50.546
32.754
106.128
40.983
51.488
1584.882
173.203
142.792
39.99
222.833
133.641
344.538
107.021
70.576
122.515
34.475
32.792
23.179
21.514
147.482
225.461
100.477
667.373
145.818
36.539
32.969
236.484
423.308
40.366
93.199
24.38
190.811
52.845
52.714
82.287
36.957
1429.167
82.801
21.108
174.24
340.847
22.386
205.386
299.438
237.953
94.014
90.824
21.473
870.201
23.406
21.473
60.273
91.305
47.119
91.374
88.241
208.015
69.248
128.865
224.427
594.012
39.846
73.274
267.643
40.533
341.574
79.362
26.217
164.53
618.24
190.601
1135.453
1429.16
24.196
93.31
89.29
30.441
964.98
133.928
47.461
25.7
1132.744
30.591
37.052
327.462
24.008
66.553
96.844
157.971
781.593
570.439
584.623
30.478
24.121
93.321
66.662
148.584
24.397
191.996
544.695
573.749
21.847
36.715
174.692
133.223
94.423
473.889
447.911
70.392
286.043
322.606
636.3
339.913
67.401
63.638
28.526
87.189
23.643
42.253
601.568
415.766
47.182
39.392
23.896
192.424
129.545
299.272
620.96
18.701
40.59
195.634
155.648
424.326
144.958
94.791
110.612
143.78
371.242
20.406
31.901
129.371
481.149
161.026
601.848
141.497
88.524
21.493
66.723
96.711
20.541
209.348
295.242
92.769
59.958
59.717
83.343
23.999
455.896
103.453
424.028
91.904
984.818
29.263
37.853
226.68
169.67
605.315
168.397
24.416
29.46
26.617
264.023
147.461
21.896
364.825
360.953
637.318
39.866
89.136
103.682
142.77
23.097
71.99
116.721
37.066
23.357
19.309
78.305
210.441
69.016
65.756
47.203
26.86
406.086
65.61
23.933
90.574
190.988
101.487
31.031
140.088
29.08
242.813
548.202
225.329
33.568
46.05
263.936
29.077
819.026
23.825
177.099
24.942
109.786
173.399
435.203
29.292
36.651
306.702
43.855
186.525
117.589
356.326
24.003
176.765
19.731
99.211
50.22
44.089
96.164
190.624
59.615
207.864
161.571
22.644
22.807
208.029
147.073
28.706
462.835
24.829
515.906
46.553
34.444
327.175
80.575
54.325
52.536
73.935
487.144
46.011
748.262
33.018
24.58
77.95
28.353
47.814
164.654
533.695
20.998
34.675
65.326
80.138
104.287
50.197
467.752
19.269
372.245
40.299
21.086
314.035
21.483
31.315
88.873
31.896
81.816
64.254
61.238
51.255
628.575
41.43
49.668
58.487
955.864
44.21
77.671
98.794
383.39
52.276
44.049
104.169
468.626
253.154
21.847
196.317
72.175
187.344
178.27
451.895
882.497
23.332
267.541
75.315
24.741
253.854
52.639
354.486
29.543
196.457
26.26
280.812
29.077
223.681
31.559
289.909
98.92
220.106
20.915
92.187
448.554
421.173
268.47
98.799
54.91
34.097
41.988
51.985
29.656
21.297
582.099
19.337
37.961
18.496
327.804
334.392
28.212
77.445
22.494
222.654
47.353
24.016
1511.805
42.8
34.013
36.966
258.513
407.133
22.362
21.621
72.593
100.059
598.569
63.459
34.776
80.703
1404.42
26.493
1171.155
37.825
142
536.373
67.186
23.552
37.861
20.577
259.476
118.934
41.772
23.823
337.743
32.833
190.377
26.454
39.432
782.482
196.131
146.713
112.768
66.347
140.951
172.938
124.684
55.129
2067.414
22.902
61.677
51.217
23.806
704.574
144.402
207.997
137.298
453.081
242.053
63.776
851.187
1436.613
22.196
61.026
382.763
124.62
73.192
109.48
37.394
21.713
37.983
1377.676
533.876
375.857
1188.307
254.336
83.728
306.565
151.633
24.593
76.7
536.786
293.828
30.5
51.548
328.427
126.431
302.94
202.785
22.832
115.049
37.131
19.734
93.759
176.605
1946.553
397.759
73.077
38.117
98.947
57.156
69.449
28.546
681.595
41.068
257.482
156.323
20.854
1083.067
23.894
53.663
590.596
97.01
40.272
1125.922
29.257
152.966
165.606
26.279
183.29
60.069
130.459
24.115
36.85
124.481
278.785
21.401
443.586
464.857
37.079
35.448
35.014
185.663
556.783
78.518
87.772
328.728
110.985
469.1
318.744
60.359
76.702
1086.061
32.266
52.259
21.072
137.778
31.525
303.596
67.856
38.234
300.408
238.93
284.892
128.696
70.207
66.139
83.265
20.025
28.539
245.357
27.119
37.248
65.066
22.152
99.398
517.515
112.984
299.505
19.108
111.112
177.841
19.394
214.428
20.028
136.752
32.399
25.774
36.317
26.232
258.102
22.573
1763.48
21.025
38.698
30.162
200.701
25.985
84.083
70.889
310.25
114.813
64.897
596.471
28.48
79.689
64.585
63.57
20.674
65.53
256.95
189.455
369.919
249.791
591.724
33.35
100.755
54.442
20.248
70.415
33.443
172.793
178.397
204.053
37.958
44.351
64.419
66.414
31.931
244.427
35.437
442.78
19.388
226.183
985.214
144.328
22.512
170.495
46.261
275.96
66.524
138.201
70.335
334.874
593.173
253.69
270.066
35.809
531.554
46.336
138.749
41.186
49.74
19.052
34.69
41.127
198.909
51.23
79.858
65.484
48.044
27.531
215.938
27.904
43.951
132.957
19.15
75.169
446.56
78.789
26.138
64.646
151.971
100.725
38.763
39.989
19.78
31.837
42.985
35.205
127.977
467.942
33.098
529.021
83.017
204.015
182.844
354.653
45.494
24.063
48.453
102.107
77.506
21.671
285.285
61.906
38.583
125.158
1467.53
23.427
42.531
292.553
94.215
35.992
21.404
583.003
163.409
43.977
22.185
248.712
33.694
33.794
232.506
28.588
465.134
71.647
103.231
72.135
22.652
307.521
256.332
169.792
93.483
27.31
34.633
20.844
90.776
42.281
73.025
22.782
23.361
36.998
79.408
328.83
21.826
61.599
380.847
185.783
177.077
263.754
438.557
158.408
69.799
210.423
30.911
103.781
56.626
235.506
135.704
61.938
188.518
133.244
274.603
86.176
21.556
28.009
290.867
258.086
411.82
29.742
77.764
274.759
24.074
344.969
226.175
170.533
610.247
21.261
45.384
37.083
60.495
91.48
31.425
77.381
57.947
122.402
88.322
74.81
77.151
891.348
92.936
257.662
115.801
415.338
265.421
451.256
488.971
34.57
96.002
342.505
109.251
70.162
496.783
420.578
27.275
50.132
64.281
51.891
140.524
29.738
242.553
162.94
19.855
80.119
74.787
20.346
27.478
68.282
69.705
45.389
28.064
116.302
323.407
44.13
216.156
685.01
188.024
193.553
173.334
30.946
447.792
629.262
76.043
243.972
219.041
20.115
42.806
26.502
41.582
527.692
19.284
28.54
25.897
180.512
166.357
34.976
63.542
386.915
82.889
138.406
472.363
35.356
893.893
21.382
313.755
40.114
30.557
116.779
22.376
371.204
242.948
71.064
19.027
23.198
40.023
124.414
108.168
289.099
20.174
57.56
120.121
244.436
33.653
36.674
36.802
40.951
24.466
21.881
23.163
109.106
106.969
329.235
460.25
44.841
144.576
20.701
27.275
30.586
588.312
48.645
37.169
27.988
71.443
100.86
1356.81
442.947
97.086
112.195
405.685
55.45
20.899
23.88
35.59
120.562
240.519
191.978
171.246
92.51
107.788
72.758
48.411
20.447
21.502
67.835
121.717
535.378
42.329
1360.246
472.026
44.162
25.992
37.016
65.527
96.16
98.314
163.747
169.285
243.369
119.003
149.161
482.805
19.933
126.561
491.1
33.676
30.366
61.474
79.724
65.646
185.128
22.963
33.672
121.51
33.434
406.334
220.872
323.995
359.15
52.689
199.736
272.997
774.621
60.343
321.472
177.294
195.9
615.359
169.995
682.204
73.469
34.558
957.93
22.378
39.61
85.94
130.838
60.499
33.614
33.998
305.684
34.162
464.706
156.969
46.522
273.449
21.288
572.632
54.088
545.215
30.716
126.828
773.2
105.878
34.02
22.481
163.821
54.251
288.774
39.89
70.419
142.362
28.106
30.782
305.505
468.686
233.718
39.425
171.074
135.403
102.377
138.764
67.221
73.13
40.248
259.426
17.922
18.876
134.943
236.12
26.951
160.857
148.529
536.892
187.613
90.184
122.463
79.344
36.138
233.811
257.774
722.034
101.377
36.409
111.075
73.606
67.265
107.498
20.781
46.655
279.609
353
181.43
22.65
60.933
31.975
72.897
281.409
121.405
345.232
66.644
31.469
223.019
334.092
120.144
223.695
488.327
26.058
29.376
467.795
104.829
33.228
66.977
135.85
39.121
1465.906
36.025
260.299
323.54
45.142
30.618
188.773
113.468
19.231
176.504
162.294
27.403
364.428
39.25
156.591
51.382
347.811
39.774
34.653
66.942
59.023
26.083
149.899
56.033
153.121
24.533
255.616
175.338
341.662
496.038
44.99
24.929
165.428
60.3
30.117
67.668
29.899
603.984
26.69
80.697
66.411
228.978
99.464
928.357
49.94
37.318
442.201
38.295
186.879
164.69
54.956
135.861
386.13
72.591
25.675
468.068
58.93
270.053
117.994
21.075
30.895
159.89
26.801
268.541
271.939
58.87
28.358
33.481
81.767
190.22
156.689
79.419
24.462
23.537
119.939
67.021
53.185
539.631
25.695
66.853
331.198
717.231
389.2
43
93.27
35.483
53.639
116.462
435.922
33.35
107.353
19.423
125.533
114.739
39.496
109.006
44.613
232.409
39.99
271.894
275.02
30.997
29.94
465.072
21.929
272.189
33.08
35.375
20.575
89.26
262.814
119.763
194.023
90.543
73.894
132.826
45.273
93.39
20.517
301.365
25.591
22.887
117.017
102.601
562.383
26.272
35.449
278.369
495.358
28.683
48.081
57.438
22.941
97.906
433.157
58.895
38.103
37.348
103.612
105.213
112.774
53.963
47.487
59.57
23.062
31.052
18.591
199.207
114.339
153.487
569.051
42.364
242.69
67.136
134.899
233.38
96.958
150.027
320.853
400.089
138.135
173.988
22.55
302.429
25.19
110.281
247.155
239.625
166.293
296.728
275.705
542.592
26.065
48.566
318.664
28.671
97.824
145.631
23.443
104.142
174.892
174.132
922.425
79.55
30.811
164.132
448.763
340.946
22.222
186.318
179.417
24.662
111.857
254.114
123.647
154.428
17.579
358.31
228.551
113.034
766.022
230.072
42.625
233.657
125.089
52.512
22.307
22.964
356.336
52.356
28.043
23.941
574.786
82.628
31.642
18.633
58.828
66.191
126.692
66.146
411.226
51.511
135.309
133.636
30.713
811.936
51.673
119.386
425.002
653.844
31.378
1230.858
34.944
99.744
112.412
29.096
35.368
37.447
56.155
43.342
77.066
250.801
54.657
34.365
61.7
59.096
67.716
137.531
49.271
131.271
609.894
477.42
36.422
23.677
337.146
104.251
238.533
211.709
97.479
31.793
164.276
26.751
139.987
62.271
99.911
459.29
37.219
71.73
58.091
382.416
175.959
23.263
49.612
828.455
360.889
37.13
36.934
115.499
62.28
479.996
75.333
140.992
396.564
25.678
19.405
691.813
176.308
58.159
123.747
202.838
135.476
43.08
33.44
160.868
1587.563
1345.839
1226.666
76.851
24.168
27.716
24.843
164.354
331.596
290.339
603.686
263.645
155.921
60.591
808.781
771.464
35.642
28.707
508.206
72.778
31.401
183.932
64.453
32.239
132.092
25.691
227.375
846.79
191.066
155.06
579.97
41.047
24.873
425.139
82.915
67.742
23.29
26.338
519.209
131.635
318.989
104.385
24.115
56.317
27.476
128.94
24.742
28.09
34.231
38.191
927.929
19.711
29.349
457.159
67.323
54.257
34.673
264.212
41.478
39.856
283.763
53.901
20.046
29.935
30.854
177.533
924.866
188.044
483.813
27.819
119.988
408.083
152.032
63.866
219.568
373.793
22.966
996.996
25.617
23.856
182.341
62.068
157.063
98.41
133.533
130.254
200.578
21.314
26.184
85.062
119.534
30.575
49.463
215.448
290.655
853.841
97.058
26.268
24.27
85.202
119.448
150.799
533.808
33.12
355.976
159.051
81.3
105.359
117.553
119.397
88.937
30.331
375.609
17.597
20.452
43.21
30.427
181.345
169.336
45.119
41.413
72.841
149.55
18.894
179.853
632.266
82.275
70.694
839.897
626.407
178.101
29.39
38.031
576.672
35.04
448.485
118.227
204.374
493.147
385.398
37.493
626.482
40.244
361.49
27.731
286.545
22.975
120.69
27.975
735.56
1277.188
41.383
28.689
28.885
47.827
31.311
20.094
41.965
225.775
21.171
296.688
217.393
308.991
40.612
685.387
120.805
84.561
112.384
375.741
107.325
151.358
30.465
148.325
222.927
69.071
42.421
29.409
21.814
71.929
23.016
540.635
18.816
301.218
34.114
29.284
27.874
192.217
1364.212
434.821
49.211
27.686
620.925
206.902
353.581
259.111
26.923
46.974
23.77
46.987
46.931
58.805
38.148
54.27
750.74
18.446
396.161
1549.402
653.155
20.607
74.821
400.454
35.123
102.728
835.632
393.259
49.444
35.261
19.677
117.028
742.02
21.093
22.97
47.448
214.002
184.222
538.109
32.78
25.286
197.819
685.881
25.355
33.265
21.188
143.055
39.389
494.504
93.467
48.686
54.193
385.031
39.454
44.895
165.98
50.113
29.463
134.129
124.396
35.072
504.354
256.642
464.393
347.929
22.323
56.967
162.706
143.623
105.172
1149.96
443.081
634.904
37.007
88.561
269.632
164.06
24.187
170.015
19.63
189.322
91.983
32.257
703.813
471.619
46.719
250.654
131.304
158.231
34.296
226.185
128.32
137.237
60.445
466.001
152.737
31.166
99.602
61.905
59.907
221.314
123.681
1350.316
41.247
316.727
206.135
247.886
1420.921
25.697
106.516
207.564
54.946
41.247
35.805
393.687
26.856
247.209
223.674
362.802
110.333
19.189
52.877
38.334
167.215
25.909
712.693
125.433
133.807
944.627
592.976
55.126
162.529
23.088
30.334
140.871
32.325
289.531
180.051
144.563
32.167
100.984
64.073
109.077
89.868
42.115
483.047
87.616
33.782
34.635
154.718
224.816
24.103
101.15
72.334
30.805
108.97
50.539
91.822
178.508
1028.452
105.235
848.935
37.956
412.98
25.855
55.812
24.166
21.307
158.112
38.231
283.019
693.339
51.287
108.503
130.492
475.15
176.949
50.482
25.171
82.145
28.301
163.036
32.469
30.983
193.051
96.18
282.409
88.754
244.731
162.88
36.148
97.369
22.637
82.153
361.096
588.317
99.394
29.571
109.695
193.157
176.459
22.257
85.586
43.29
78.354
360.42
95.39
308.382
133.962
290.427
52.342
27.16
502.488
131.652
77.86
60.511
36.792
67.874
51.396
66.928
308.216
29.472
230.388
158.664
573.403
35.505
183.455
45.264
52.984
23.263
425.314
403.112
20.865
224.928
233.52
607.874
96.202
61.229
43.108
465.226
36.754
25.234
70.588
32.433
102.981
621.999
104.142
28.858
38.463
28.586
93.002
444.676
250.278
427.537
464.072
198.324
386.918
45.513
104.399
179.211
226.762
87.247
612.13
131.692
45.307
25.815
73.279
46.537
26.96
306.877
205.902
57.237
33.58
29.139
346.629
24.055
139.58
173.896
169.997
45.052
516.828
525.277
25.523
131.289
701.642
17.983
129.276
93.309
21.145
101.917
21.004
24.001
279.377
251.037
23.461
98.957
20.255
29.376
418.879
430.703
21.842
355.928
85.945
196.206
333.132
685.103
100.633
32.171
40.262
32.993
55.789
24.317
84.164
74.017
46.63
412.77
48.08
48.764
22.007
633.205
124.4
106.332
22.681
521.912
169.2
236.496
476.463
124.921
81.294
25.798
179.605
223.685
683.366
48.179
181.195
240.224
163.181
101.146
181.387
360.301
499.021
218.471
196.448
23.828
564.953
490.08
49.698
35.391
25.768
68.721
34.388
19.167
381.977
44.841
35.788
130.332
100.874
325.619
147.815
80.703
633.551
19.48
86.654
607.132
93.62
1267.01
180.418
221.45
30.224
28.682
257.721
119.073
140.551
56.147
27.588
117.104
30.584
36.429
177.742
31.086
67.119
80.161
22.573
192.201
70.015
52.416
76.574
401.454
298.091
138.252
47.343
184.573
81.902
33.287
22.876
37.081
24.682
63.483
104.242
265.417
24.983
22.607
20.13
82.276
30.7
122.306
24.598
431.733
33.465
105.407
24.21
47.972
44.795
23.145
32.637
21.733
116.038
169.868
98.871
388.088
26.689
33.301
62.148
630.8
81.338
69.789
68.736
81.573
557.181
36.531
68.767
62.573
38.212
1317.23
169.658
52.215
173.407
22.658
200.182
23.649
28.767
65.971
164.5
28.358
69.352
20.377
129.446
42.923
73.301
83.062
27.162
114.966
44.854
35.767
513.784
37.027
30.58
45.371
211.509
52.565
58.342
178.239
355.713
271.212
391.807
50.046
96.211
42.15
42.626
26.598
107.293
107.196
146.907
19.671
854.615
48.769
301.306
91.781
281.484
365.138
23.652
96.204
91.114
65.563
244.934
457.873
18.835
149.342
769.245
112.51
254.51
515.397
1583.799
553.617
56.007
33.57
268.525
58.914
39.701
63.054
27.103
245.407
34.23
518.479
86.462
327.221
216.618
591.945
21.372
94.708
50.355
26.8
44.956
244.11
243.636
993.493
50.673
37.84
48.71
180.509
45.351
78.999
28.007
22.81
248.896
22.023
118.453
24.558
39.881
1045.659
61.464
26.075
52.657
21.548
135.155
301.63
37.666
415.664
356.905
240.91
25.314
69.727
30.697
65.53
62.524
210.308
54.6
500.078
106.21
42.211
57.004
140.192
32.451
35.929
244.586
110.992
50.768
27.225
538.785
50.225
100.73
331.105
37.03
20.079
22.37
85.37
24.803
199.014
272.251
309.854
507.335
323.632
141.094
26.235
709.447
545.344
85.763
1414.622
32.103
20.39
108.31
31.836
253.778
157.071
102.43
67.851
137.068
554.125
287.889
32.063
481.872
26.697
214.607
364.791
701.122
158.269
97.602
1292.604
356.659
21.46
43.707
18.955
83.966
25.73
24
43.025
273.045
257.769
78.145
126.231
173.453
25.399
127.789
24.679
29.327
94.916
50.028
28.03
29.705
73.683
206.174
24.412
80.388
40.473
619.057
27.527
291.652
40.862
332.617
176.85
302.922
19.84
39.079
24.156
19.5
40.556
38.209
125.021
184.252
421.402
283.951
220.132
161.228
32.327
180.464
63.449
45.353
35.751
73.067
60.002
27.781
139.292
88.282
25.221
72.279
125.464
23.538
29.12
39.198
97.046
34.27
182.493
29.972
22.195
175.74
254.087
24.234
63.679
69.616
26.87
33.378
294.82
22.588
21.377
179.497
310.725
208.781
673.888
194.769
26.524
28.657
1395.521
203.265
63.993
29.806
117.544
95.134
65.636
351.201
17.629
427.737
73.387
275.132
509.12
43.004
298.737
487.173
179.972
162.8
69.589
108.255
105.153
340.082
248.428
310.986
28.502
26.87
488.104
59.135
330.784
17.926
21.71
19.643
502.755
80.16
36.088
61.708
175.884
44.633
80.084
44.773
373.005
52.639
28.944
109.612
20.446
163.956
164.113
47.866
34.555
240.924
92.126
647.381
64.15
256.603
69.707
106.457
847.859
105.954
145.57
89.067
707.393
67.453
56.683
60.43
76.559
396.638
22.253
145.765
1026.147
72.093
142.448
212.91
211.09
651.081
223.07
74.422
85.981
44.482
90.68
88.721
62.129
101.191
796.765
283.334
171.409
22.872
51.848
432.732
56.096
43.195
49.294
136.625
485.179
28.174
63.198
349.591
92.743
43.029
20.084
76.943
498.992
170.82
1922.442
68.356
68.901
307.848
69.945
336.583
54.479
771.154
103.802
191.553
95.464
32.017
1303.238
80.881
24.212
56.881
93.624
179.449
495.809
20.423
54.153
130.936
33.903
48.509
21.536
37.315
59.319
150.463
119.249
109.379
29.324
61.037
47.89
43.629
336.288
45.172
23.638
57.029
203.306
199.241
69.028
525.568
44.184
41.863
1694.551
189.451
146.886
167.423
36.5
104.003
26.917
129.47
164.2
800.155
78.314
161.81
92.31
35.669
83.41
473.735
75.702
21.607
332.627
219.477
443.553
105.759
27.545
27.316
232.383
43.044
270.835
56.531
38.718
825.634
22.13
36.111
121.501
69.534
786.782
1112.029
125.884
534.488
23.821
30.44
22.257
128.116
139.844
469.129
53.658
198.801
56.033
49.371
197.909
81.693
143.282
48.054
42.163
22.978
224.237
37.973
69.895
53.97
138.358
75.636
536.98
27.478
41.727
329.282
234.741
589.802
242.227
20.069
33.384
24.367
28.581
51.735
571.789
450.607
129.152
415.674
149.77
75.021
298.291
93.398
35.291
19.38
193.946
128.387
21.281
115.834
435.496
37.727
175.599
325.214
23.796
109.696
549.759
124.685
96.392
49.29
510.348
75.627
39.933
73.52
324.66
22.622
655.047
52.75
160.319
43.072
44.037
89.402
131.149
31.956
29.108
147.99
222.821
100.008
189.544
280.621
114.312
78.933
324.672
48.34
75.305
712.126
76.701
343.619
398.81
36.945
407.365
52.11
132.42
50.132
56.556
90.118
51.995
84.944
23.313
27.36
840.997
75.522
19.632
22.314
50.031
887.645
153.712
236.15
51.201
39.857
420.055
43.584
208.832
87.05
46.732
197.513
38.329
136.818
92.81
96.743
180.836
108.235
67.128
336.876
49.766
31.06
874.736
262.585
649.243
349.308
38.385
121.477
340.494
26.416
47.945
23.436
20.711
29.092
343.775
64.399
70.922
64.95
31.128
30.318
95.601
397.211
777.754
30.776
77.173
158.411
84.171
60.726
42.14
27.784
183.679
57.261
203.686
132.489
34.371
203.101
50.976
116.018
20.768
356.999
241.259
22.245
131.33
299.455
103.099
629.976
46.93
198.468
21.632
1257.682
273.514
24.925
442.063
26.434
1011.96
79.174
213.452
161.882
276.431
41.123
21.331
136.297
23.316
23.103
42.839
38.752
114.162
130.723
19.286
38.196
25.74
317.306
39.79
135.781
175.748
98.627
117.073
25.229
204.165
35.356
37.086
24.327
37.222
698.902
29.439
1556.82
349.851
20.882
34.507
30.609
58.087
71.88
39.374
360.604
447.292
73.186
110.364
150.49
53.181
488.092
120.46
96.145
141.779
55.983
219.86
301.536
62.65
85.146
104.117
790.275
214.949
171.136
44.035
40.377
261.87
217.561
42.156
132.311
25.125
75.773
67.555
79.239
617.265
191.944
189.537
32.009
68.183
19.909
493.472
470.774
65.729
115.993
125.748
318.984
29.214
24.098
72.889
54.864
137.817
56.032
45.736
34.343
173.194
332.996
69.682
783.455
402.266
28.856
343.448
44.409
34.389
32.602
51.851
25.778
55.867
54.436
175.371
39.643
854.854
85.424
447.463
169.636
103.126
179.765
1249.22
38.411
482.875
36.056
80.864
332.131
20.113
28.419
20.13
79.626
37.913
306.588
82.223
162.15
120.584
741.363
31.201
62.988
122.421
292.422
62.821
175.862
66.46
35.798
556.586
87.892
163.132
140.036
35.548
58.98
204.98
45.457
56.234
76.774
55.471
333.453
231.876
137.237
79.733
243.645
46.508
362.418
156.052
52.452
365.745
160.488
151.105
21.249
80.258
21.47
39.045
270.917
64.265
19.17
286.756
381.679
21.605
452.015
115.912
65.7
287.644
21.199
21.464
323.166
57.123
51.445
19.376
51.886
23.789
113.574
172.2
70.462
40.991
141.022
226.701
42.359
26.993
45.176
345.411
74.63
45.023
189.594
69.955
95.628
355.816
217.943
74.171
63.56
32.753
598.708
157.158
292.506
38.722
187.322
51.793
145.221
31.862
289.11
93.99
475.864
26.649
32.853
25.423
43.05
37.477
78.346
333.395
21.707
72.226
58.276
460.194
56.209
193.183
492.849
589.921
56.733
52.018
598.938
23.216
215.181
351.317
804.499
736.83
23.647
163.431
299.063
139.65
627.814
106.541
54.534
450.444
35.68
159.842
79.439
26.169
65.028
126.83
146.25
229.159
71.897
47.886
115.806
243.312
50.782
47.021
179.87
107.495
587.262
24.096
398.455
34.791
374.109
19.698
26.442
34.599
56.818
377.11
421.976
340.685
46.833
104.95
53.888
43.993
72.035
30.354
26.023
869.514
27.776
59.839
34.556
256.25
193.721
28.299
563.791
87.096
36.215
49.908
250.08
194.367
59.823
107.998
92.131
31.582
138.032
92.468
158.071
38.607
215.543
148.354
224.999
324.885
35.532
38.673
30.009
42.56
49.857
295.937
19.895
343.852
163.403
41.072
39.529
79.833
102.346
361.599
36.826
134.425
96.108
28.451
286.419
200.657
120.935
50.226
173.174
250.698
31.178
220.258
65.149
273.347
177.429
94.637
31.592
60.778
78.44
28.579
48.737
185.046
227.798
359.869
65.957
468.971
397.169
22.076
35.125
208.315
171.644
34.632
92.211
777.182
27.729
87.173
446.272
22.468
29.362
220.552
169.019
41.851
669.08
282.417
111.53
26.56
606.319
20.432
113.257
27.073
133.352
478.923
635.413
100.075
18.343
523.622
58.148
1536.917
28.194
84.573
228.21
203.392
1228.48
712.947
19.135
42.692
222.884
63.32
21.274
1148.208
540.287
301.792
174.95
37.693
171.692
31.04
561.821
314.021
35.229
120.422
327.917
68.818
231.545
21.389
95.373
156.821
29.659
231.736
44.335
135.589
159.882
440.065
28.435
728.564
34.421
87.971
81.67
115.195
46.278
44.604
368.222
248.356
24.857
144.052
54.849
223.223
90.699
66.152
56.916
23.471
332.793
24.96
1572.876
104.931
98.797
358.318
445.822
151.501
47.954
185.192
298.622
32.979
81.693
608.83
111.315
22.084
43.192
861.934
67.467
550.877
212.591
147.151
130.338
1201.878
213.214
404.355
1012.14
37.823
61.546
30.437
348.002
545.434
216.577
923.611
28.502
143.978
531.609
43.986
25.078
221.143
40.961
229.69
26.652
42.148
248.702
33.343
162.727
112.625
328.471
19.221
113.786
146.014
151.444
326.161
126.837
46.923
20.09
34.925
18.434
184.669
467.594
19.178
130.244
18.55
36.419
128.445
161.455
673.998
39.871
157.036
52.494
20.174
29.929
138.561
60.566
77.36
136.794
219.988
34.259
30.953
189.854
50.118
545.764
69.961
113.987
164.834
141.758
55.52
20.701
370.33
324.987
88.912
81.325
23.334
345.605
62.523
23.263
277.644
50.455
99.847
72.524
118.57
19.793
108.456
31.047
708.033
22.52
39.127
72.649
188.914
82.106
21.602
230.18
124.34
21.002
130.121
245.646
86.692
133.265
50.914
231.849
61.318
106.926
85.656
166.975
81.145
21.456
57.804
42.418
330.179
58.077
82.326
351.765
442.367
409.41
53.774
123.018
98.699
603.683
510.126
171.802
406.705
28.71
67.168
77.286
74.067
28.748
23.434
68.874
36.605
171.872
631.199
1020.966
131.659
94.573
752.563
63.523
695.913
217.175
180.879
128.192
30.192
45.343
433.906
102.285
710.029
48.23
33.61
129.909
41.191
229.162
335.464
495.089
240.533
525.37
457.699
264.621
18.997
173.892
29.378
49.142
33.885
126.258
31.355
37.327
23.878
207.581
369.192
29.637
88.198
143.541
23.039
21.467
179.27
1375.676
199.787
45.023
23.838
24.977
37.429
316.872
83.353
218.398
50.835
189.318
23.615
37.764
99.548
35.608
20.767
54.334
27.02
156.343
78.892
73.766
587.759
69.679
38.455
25.403
84.366
677.387
35.942
29.915
46.668
55.18
123.332
170.621
40.312
26.84
27.282
329.692
269.702
250.398
104.243
77.112
120.361
366.637
414.334
33.934
700.943
22.699
51.373
668.665
36.435
27.63
380.1
294.731
152.984
19.823
306.857
22.254
107.244
100.417
658.474
144.146
258.566
17.79
24.194
248.958
155.14
244.034
577.288
23.583
542.048
36.911
46.195
330.905
22.569
40.983
521.114
298.006
132.272
27.057
335.089
30.682
117.602
187.194
129.607
19.451
207.805
34.498
21.829
234.164
51.338
77.908
115.578
56.926
58.153
23.759
44.799
23.786
74.105
263.9
27.306
25.393
130.091
40.44
19.149
51.226
88.103
159.587
356.409
129.351
253.486
124.287
78.316
595.789
55.256
1249.107
334.918
102.185
50.334
180.937
230.709
177.336
30.504
23.652
324.329
39.138
73.609
424.286
122.024
38.49
345.635
488.096
114.068
33.063
223.159
58.515
92.356
192.768
935.819
25.493
22.143
83.478
51.677
20.61
310.187
66.315
32.683
427.546
285.433
25.072
53.914
139.966
41.683
107.703
36.414
721.876
301.948
33.349
242.826
681.296
330.458
39.23
127.795
25.076
95.421
228.399
24.616
23.607
35.244
26.869
25.016
72.107
163.728
28.1
196.316
48.408
430.163
75.485
54.699
132.106
43.625
231.155
19.114
26.676
37.689
321.956
35.628
76.745
95.313
46.847
150.916
350.419
59.078
21.264
949.419
138.812
369.647
760.109
42.189
30.049
176.095
33.866
43.687
258.008
20.153
537.157
116.827
43.124
63.334
39.352
21.023
18.514
195.985
800.107
81.261
538.935
181.648
48.661
208.591
19.396
26.614
27.545
20.703
141.55
440.464
150.871
54.827
25.774
24.246
55.498
1644.181
75.223
41.355
26.24
301.222
209.696
108.824
493.096
20.714
47.196
100.525
35.746
1598.323
97.004
202.36
167.851
79.559
229.126
47.48
139.3
39.269
28.501
20.079
28.342
41.734
20.994
42.6
36.88
27.508
22.848
26.985
31.006
172.152
1011.153
51.735
391.444
179.477
338.286
1351.482
23.096
19.261
877.419
578.474
24.833
791.51
32.055
134.238
25.478
263.7
42.483
41.433
263.445
42.397
563.729
549.761
111.69
31.607
49.395
61.526
44.128
77.444
31.384
147.162
76.41
125.214
24.006
29.739
1070.317
99.728
511.665
20.754
141.773
933.465
234.787
56.081
576.194
255.823
242.272
36.398
26.626
207.201
110.857
44.412
788.549
27.537
353.76
21.868
40.999
27.687
89.027
650.23
346.99
439.663
425.205
22.511
45.774
227.102
93.35
485.416
56.715
691.859
236.157
41.167
439.944
209.581
170.513
113.246
286.735
623.225
112.817
63.311
81.745
23.222
88.634
122.113
124.935
39.957
47.558
37.075
117.943
230.295
223.187
72.416
55.024
49.332
171.646
86.766
429.632
323.043
29.784
785.092
743.923
266.87
215.354
52.096
826.065
26.161
80.219
26.655
249.043
300.864
37.748
41.21
268.143
23.438
436.953
323.269
19.852
125.456
505.029
134.327
27.918
78.042
29.489
97.329
207.495
36.623
41.511
32.382
24.74
22.43
58.814
49.352
23.908
52.85
259.551
394.973
541.987
1513.813
190.312
34.042
183.168
31.925
136.973
22.614
77.488
122.597
49.913
30.474
21.33
44.665
44.259
88.117
21.664
374.116
701.255
21.189
104.741
115.899
129.69
35.608
337.74
233.763
67.968
56.215
102.685
151.58
27.414
111.489
176.509
96.298
621.166
62.922
68.254
34.874
109.864
47.763
650.345
42.326
212.842
578.624
168.157
29.267
22.106
91.216
67.155
550.836
70.3
309.098
19.518
62.646
120.897
333.459
25.19
98.973
1647.927
170.281
709.996
28.677
336.903
31.879
21.513
46.739
521.254
505.675
164.282
264.383
55.677
153.93
219.981
246.505
61.315
345.318
133.96
223.044
32.603
104.323
85.766
50.616
77.974
35.617
872.974
95.823
59.454
42.078
23.497
572.008
47.97
26.105
23.924
279.848
504.655
42.855
27.656
25.409
20.118
69.423
959.361
37.234
345.151
911.615
637.714
198.071
44.853
516.482
60.311
128.48
200.132
789.184
130.776
61.248
38.866
37.956
155.63
674.87
204.265
269.072
383.23
25.122
25.406
30.008
172.607
68.577
38.253
85.676
23.121
23.982
77.606
54.297
159.768
43.966
119.673
21.567
66.042
313.791
103.211
198.124
67.122
290.008
375.743
20.198
33.824
79.966
21.825
267.293
296.132
421.468
34.679
79.933
24.493
22.92
105.548
40.576
31.325
334.385
750.424
696.849
28.709
21.306
43.495
40.659
926.371
37.781
21.733
188.271
51.557
67.293
557.723
36.577
176.375
1132.759
95.666
35.433
397.526
63.051
78.839
90.205
22.992
301.166
68.349
69.814
88.596
44.783
116.028
48.598
365.054
425.628
96.732
25.855
41.133
19.218
649.675
980.521
140.638
203.795
191.085
21.409
44.275
22.585
253.974
420.859
22.855
105.38
132.968
728.743
70.473
300.948
188.473
252.112
45.146
149.354
146.343
175.013
37.775
326.728
38.395
82.738
176.534
86.83
52.489
186.304
96.332
86.772
99.339
158.182
648.468
142.895
212.706
167.317
22.134
44.13
328.037
33.669
188.565
680.36
222.924
32.031
652.342
32.833
54.543
62.661
23.996
24.683
42.812
110.814
200.109
153.644
34.306
35.767
386.761
174.493
302.744
48.13
78.764
34.429
56.32
349.802
96.015
48.469
164.147
80.455
44.124
46.4
22.309
21.407
84.377
483.153
144.832
65.091
35.236
91.971
29.06
31.463
75.953
169.059
24.022
694.186
23.882
25.026
45.434
263.228
171.939
66.983
96.642
31.66
437.54
59.518
35.921
30.429
68.269
316.225
844.381
939.45
30.839
27.965
123.397
446.33
1563.446
67.824
93.553
112.553
64.568
38.377
98.43
77.571
461.918
62.101
18.623
186.285
24.882
515.994
19.941
39.912
71.318
554.627
226.981
24.155
832.423
293.313
49.439
34.793
54.928
40.292
348.808
21.039
30.698
59.794
25.876
323.001
450.93
92.576
675.349
68.345
101.785
40.93
280.32
105.847
153.417
315.375
113.861
255.641
347.25
49.506
162.813
65.756
23.141
57.544
147.164
89.024
259.701
23.651
129.595
37.195
1019.297
80.999
349.429
705.176
25.357
107
21.067
270.797
30.978
263.566
224.471
107.407
50.869
637.174
333.606
27.479
23.619
26.133
34.296
79.742
317.099
436.096
282.552
23.266
45.788
67.769
21.78
32.596
672.357
342.201
84.572
32.917
28.829
197.918
96.928
79.754
37.717
25.414
22.864
72.346
46.062
69.321
650.952
45.245
166.912
186.166
455.142
267.946
306.282
223.771
44.481
55.077
134.901
387.118
31.174
32.614
561.336
49.758
55.607
65.55
282.074
102.794
88.459
79.981
24.734
51.625
246.145
33.37
73.605
34.019
46.536
104.476
200.58
54.297
133.127
1045.332
20.93
23.627
101.316
255.884
85.89
133.42
131.227
590.183
27.326
309.226
26.401
244.527
24.994
22.498
79.284
52.798
27.243
21.606
179.274
47.592
23.189
51.811
41.85
115.016
33.459
80.652
121.697
177.254
569.72
50.098
39.794
19.446
1445.563
26.418
25.371
30.287
70.545
42.174
33.154
33.609
137.375
22.707
44.626
20.607
98.739
45.558
185.335
375.216
39.592
350.644
133.333
307.962
51.281
40.071
62.738
29.006
71.366
518.922
166.146
47.583
308.166
469.422
21.351
63.485
112.273
1285.264
22.933
210.851
59.788
27.612
458.967
45.91
208.96
284.315
543.328
32.338
761.227
39.276
707.021
117.57
22.475
42.768
335.363
89.607
54.11
115.869
28.776
103.786
78.677
169.38
28.036
143.426
72.368
128.166
23.999
205.465
18.866
78.415
114.262
57.702
35.413
1181.368
74.52
77.909
22.4
26.631
96.269
147.482
41.885
563.746
258.926
36.601
54.813
52.997
109.656
48.505
293.26
162.449
34.307
27.528
752.22
27.69
299.595
39.334
41.935
193.851
18.968
177.554
32.898
65.63
209.522
224.565
119.504
77.598
1145.899
100.521
139.037
34.859
147.234
25.294
46.997
23.366
58.146
1562.452
30.11
1148.934
138.615
20.843
70.727
19.867
1046.043
86.772
870.213
113.216
270.624
90.139
59.772
250.019
60.059
1156.997
518.982
41.38
361.09
30.635
51.194
77.675
54.892
543.209
65.469
215.888
102.262
84.015
275.773
23.893
117.77
170.78
201.483
1321.06
31.013
239.025
33.271
216.115
96.154
188.151
182.513
638.061
41.979
137.039
26.036
103.181
897.805
71.373
60.066
85.497
116.036
36.471
83.746
18.446
20.544
17.813
25.465
406.331
21.673
139.006
58.882
436.479
22.52
135.35
868.191
255.825
20.072
74.118
53.207
287.85
184.848
305.521
120.616
736.76
21.108
35.83
55.173
68.278
83.387
82.565
33.18
82.883
24.707
22.031
341.141
158.705
127.612
412.127
298.632
38.436
390.422
18.226
128.846
34.528
762.31
295.009
340.229
134.859
285.546
44.34
51.639
94.514
108.696
150.828
367.578
23.874
54.9
213.833
151.118
393.805
329.599
242.094
338.432
269.325
97.364
17.653
555.88
25.348
95.235
544.995
183.387
102.848
234.178
45.795
136.056
127.08
68.936
284.774
33.105
450.409
212.37
445.759
101.116
39.709
93.124
29.787
551.184
266.303
129.259
58.714
26.949
64.933
215.744
34.33
98.461
508.327
31.398
362.719
43.958
21.539
975.723
471.086
29.406
20.827
441.525
114.298
33.579
78.561
191.737
24.859
175.457
50.21
203.974
786.688
51.953
132.151
20.52
74.398
132.247
133.037
40.984
102.159
152.062
59.518
1379.485
70.788
1214.663
230.609
21.176
286.115
380.607
28.376
60.25
122.868
450.471
21.133
57.003
249.38
55.596
58.038
268.047
188.03
156.751
362.84
22.519
91.889
301.702
428.428
42.138
94.395
71.532
433.512
483.082
407.611
237.121
212.2
167.975
104.932
82.379
576.226
47.14
46.665
62.343
35.049
323.249
85.449
58.371
324.239
53.483
132.888
21.889
233.866
71.269
435.541
66.702
55.635
258.203
70.91
518.03
22.973
76.57
24.16
50.935
63.857
89.695
28.755
21.231
138.489
418.387
113.01
101.909
219.332
90.571
55.983
28.988
25.247
235.041
38.404
35.024
33.925
359.01
33.982
132.528
163.513
64.974
26.999
51.751
746.765
100.939
48.224
31.706
57.218
249.134
855.05
24.836
25.453
47.87
33.245
181.814
35.717
63.349
24.927
806.781
173.704
82.855
325.449
606.684
363.679
136.71
89.226
137.396
21.47
18.818
25.984
138.299
1263.973
972.447
29.572
575.672
28.882
38.454
878.298
65.475
110.492
106.113
17.985
41.591
77.946
136.194
184.907
617.659
163.873
214.012
47.63
32.052
190.789
441.676
58.212
52.364
53.298
36.347
291.62
28.984
274.913
61.653
212.82
18.771
96.149
142.708
27.694
33.196
134.004
19.774
282.901
63.827
1223.455
36.9
56.507
42.967
53.307
68.485
21.987
189.625
215.476
488.328
158.744
26.999
27.251
21.526
84.258
71.512
37.624
63.37
270.897
42.212
42.805
272.774
20.674
31.894
31.105
905.988
32.883
122.143
45.558
216.846
26.072
31.521
1443.645
19.105
382.943
67.944
121.07
112.661
32.786
137.615
219.151
172.709
111.001
23.023
42.314
134.75
185.849
139.136
54.795
19.904
279.981
70.091
800.159
27.106
20.782
53.485
283.558
65.578
334.515
26.406
57.818
96.336
35.822
675.92
285.727
733.079
33.754
50.589
87.481
126.621
34.108
36.828
27.69
184.997
167.23
202.825
27.46
242.712
695.011
39.769
69.225
324.09
50.586
83.849
50.534
591.902
203.495
111.85
589.654
66.056
29.327
355.497
32.078
25.219
40.087
22.75
107.431
24.299
772.054
483.43
129.749
115.489
50.429
22.963
37.21
48.687
130.03
35.744
106.765
63.475
99.072
186.455
19.398
46.341
29.434
788.063
20.587
35.281
229.459
36.735
704.05
34.218
107.669
203.572
315.92
76.348
367.6
25.823
571.844
112.221
257.764
358.623
36.131
715.34
157.794
312.674
279.321
313.833
23.317
41.456
205.187
267.231
220.526
747.855
128.381
62.961
24.656
267.32
116.849
19.87
457.488
34.22
34.444
22.331
208.973
95.846
396.296
22.805
376.519
426.413
22.24
447.962
24.808
740.445
747.903
59.66
24.068
644.038
187.589
167.527
27.909
70.086
1002.547
68.324
44.812
22.5
35.08
109.563
544.297
26.236
42.291
38.828
216.341
135.752
544.022
23.937
277.566
589.422
126.457
353.279
43.966
22.867
233.657
199.113
80.58
96.39
45.078
333.907
538.372
403.848
73.646
65.158
21.322
34.462
279.935
20.936
405.709
443.85
214.924
92.345
110.856
21.377
128.876
24.851
186.102
154.474
86.667
161.964
25.395
1090.028
592.11
155.115
33.625
234.415
67.751
76.097
53.614
30.494
27.577
73.1
342.777
63.088
662.631
116.254
28.653
81.585
183.743
23.425
899.05
66.068
23.857
181.498
36.308
26.729
102.146
153.263
251.769
23.192
640.136
37.884
115.32
118.864
143.1
23.595
890.399
34.496
372.902
112.936
144.037
60.246
171.459
33.077
40.981
111.672
1459.684
46.022
544.924
1133.31
54.568
326.33
1310.282
63.352
18.206
77.792
130.171
156.111
29.136
245.976
26.742
67.385
29.52
31.111
73.578
190.332
146.268
25.437
19.274
67.339
534.95
45.427
331.894
134.149
51.154
134.759
30.717
379.315
45.971
42.731
715.184
39.731
27.141
37.488
31.879
63.998
287.234
867.71
23.984
35.241
638.646
58.064
28.165
669.717
1525.52
129.048
77.093
139.637
22.092
42.062
70.282
39.977
26.387
134.033
123.401
105.41
20.306
20.236
31.887
138.083
86.289
51.069
345.317
20.929
23.561
58.258
379.347
197.858
116.656
35.384
60.535
87.728
322.203
72.436
74.228
22.427
141.848
34.807
121.791
78.147
31.323
33.264
382.371
100.009
187.671
575.201
64.984
23.265
41.606
617.187
79.992
285.202
24.171
458.735
20.635
342.109
115.573
418.611
668.911
139.521
27.467
117.646
49.264
45.079
27.163
118.48
82.557
130.827
117.481
390.899
20.421
79.068
38.006
32.977
325.807
385.145
146.266
379.404
615.507
130.236
121.523
209.029
201.941
172.071
140.925
88.521
329.682
90.102
171.493
433.785
28.398
263.171
260.065
248.464
25.098
46.51
21.501
23.188
61.272
35.138
92.511
323.079
165.819
46.408
29.907
111.693
52.768
72.607
68.082
23.158
353.445
1129.857
37.206
264.233
24.699
30.369
102.501
44.88
111.041
110.506
22.007
49.354
31.744
120.408
418.577
109.687
37.025
126.075
21.554
327.256
50.59
216.953
443.742
57.993
493.523
106.962
160.877
32.556
18.213
72.169
52.415
20.354
79.85
271.177
73.429
391.052
20.76
18.897
30.187
695.913
235.895
153.271
134.65
281.516
176.178
78.667
25.987
118.056
335.057
362.684
51.156
80.25
25.397
37.209
304.645
26.547
121.864
106.029
37.804
28.7
121.232
26.294
253.968
48.084
420.001
338.066
183.256
30.508
70.17
407.187
29.231
23.074
21.147
206.313
74.815
36.754
37.912
100.493
55.196
152.813
111.96
181.152
132.395
278.68
30.421
54.051
20.185
751.787
124.687
56.009
114.958
154.401
52.696
428.018
43.973
57.642
18.346
25.006
105.367
18.816
23.743
40.596
198.011
118.656
54.279
214.488
336.505
41.421
24.295
62.479
72.326
21.695
27.886
64.683
1142.572
164.642
61.083
109.062
205.222
75.019
545.857
79.465
155.652
26.348
314.481
125.202
92.882
502.768
17.112
966.614
47.568
54.82
215.854
81.45
163.304
117.893
200.682
196.58
286.692
192.174
45.498
746.571
23.936
80.02
27.617
17.726
159.399
39.785
55.862
1879.555
184.488
63.088
250.634
682.104
112.441
91.264
253.22
39.504
166.799
18.848
339.113
207.978
24.04
730.429
192.071
468.038
39.467
20.632
168.759
21.348
332.291
35.863
35.078
602.652
276.527
293.392
22.58
193.624
204.136
25.704
111.641
133.875
82.355
189.885
605.402
233.613
27.911
109.047
52.018
167.512
753.791
58.002
89.382
20.079
271.916
1630.185
25.939
29.525
71.968
66.628
43.83
34.043
179.797
19.991
31.929
61.721
98.075
22.449
55.268
69.025
314.427
63.352
24.358
46.24
68.475
41.724
124.119
37.937
20.814
607.065
33.809
758.316
28.667
127.968
31.724
506.035
85.394
37.333
146.046
38.706
90.347
30.023
195.377
64.445
453.81
78.344
93.283
51.386
63.873
34.208
19.784
64.494
35.979
309.949
70.603
57.58
1323.989
28.749
195.801
46.926
21.861
245.765
33.999
211.167
36.141
162.979
63.933
469.499
385.567
59.303
668.687
57.878
167.967
25.235
331.708
248.896
79.641
38.634
151.768
153.803
127.567
18.986
902.155
21.327
45.866
420.242
1366.202
197.822
534.191
274.862
117.333
54.937
58.963
44.105
172.281
63.729
95.294
159.877
68.58
203.888
21.984
214.651
36.382
144.127
26.518
268.946
19.339
87.624
717.829
89.713
305.412
276.158
110.625
789.68
21.959
36.629
431.716
167.651
314.426
23.255
59.721
22.626
40.602
19.457
138.251
34.232
34.777
32.899
48.492
984.565
371.704
46.608
36.294
118.183
46.351
47.281
99.118
24.071
40.351
147.652
110.272
38.919
79.07
57.609
698.646
33.882
61.616
195.389
65.293
103.649
651.855
39.058
24.224
52.966
523.037
77.822
115.079
47.754
30.252
24.556
299.189
189.757
23.899
27.589
55.888
430.614
789.119
1002.879
205.942
22.278
20.797
358.351
378.39
60.509
152.088
994.86
109.247
19.693
412.697
399.02
352.944
149.008
27.208
122.962
38.239
361.103
127.161
71.121
88.764
150.473
986.867
64.029
61.281
29.27
63.694
205.277
24.711
35.872
355.783
45.617
433.78
72.425
53.923
311.76
37.725
444.974
821.117
37.533
25.972
150.021
35.319
84.695
43.498
26.596
505.096
44.259
53.028
256.393
20.161
387.183
450.825
31.705
200.673
221.763
20.742
62.043
232.399
40.86
66.324
72.362
213.362
31.734
488.187
43.963
103.861
74.776
59.046
55.726
24.571
219.201
166.114
40.015
164.833
451.296
45.208
301.055
128.3
258.891
287.812
103.46
114.264
419.452
69.926
177.043
27.348
145.523
188.536
41.046
20.055
21.281
24.544
582.411
70.016
247.7
20.232
281.69
113.715
238.075
74.389
22.245
22.131
100.24
28.889
1941.315
621.555
32.886
95.873
106.509
725.049
51.365
100.673
59.893
18.149
82.768
384.659
26.61
44.296
77.096
649.107
111.26
133.67
25.487
162.922
213.451
20.347
45.339
466.701
779.916
21.077
392.456
35.171
132.576
549.708
128.079
20.956
477.588
772.867
26.018
37.477
126.132
26.787
22.514
112.215
26.835
138.591
34.675
47.66
203.783
20.831
122.543
512.98
810.399
75.142
30.669
681.443
102.157
305.621
21.986
30.565
778.908
45.8
28.898
317.274
21.204
21.427
31.588
183.098
38.673
50.152
376.22
441.259
67.651
45.321
74.973
168.267
450.44
143.129
336.678
44.184
27.215
1241.248
183.583
45.358
251.746
68.988
105.26
1060.898
327.375
258.892
559.116
90.806
124.599
227.104
65.877
132.637
116.242
221.722
29.001
55.614
61.514
363.188
847.831
88.319
204.076
457.16
26.729
184.199
33.232
786.029
510.265
233.123
479.964
86.852
139.334
141.607
19.643
129.933
20.237
90.184
22.42
27.673
1144.594
24.073
55.466
164.672
53.23
97.957
46.951
71.957
38.799
35.995
33.159
49.946
23.833
72.115
83.161
52.732
55.728
604.145
331.802
158.114
136.341
24.26
160.113
246.308
240.196
166.637
47.52
28.266
149.146
28.27
24.762
68.591
150.891
105.149
475.422
39.682
169.754
50.096
22.43
24.092
26.52
22.257
334.403
153.92
93.985
23.233
69.81
59.814
427.759
18.155
621.977
571.162
80.498
37.799
244.111
166.752
78.975
619.536
124.516
20.089
94.224
621.881
29.078
71.282
424.12
196.21
56.503
34.334
25.949
226.612
620.255
309.776
32.359
23.082
21.816
43.806
325.07
37.005
37.005
47.46
22.596
664.493
26.787
33.393
44.359
499.964
20.688
36.107
74.768
144.924
20.094
28.163
164.311
22.26
130.221
41.1
27.925
57.806
53.011
148.054
217.201
106.235
70.774
24.186
265.562
241.113
34.996
179.114
119.391
642.546
474.824
20.889
91.831
89.7
237.695
85.2
176.52
60.819
426.05
28.182
54.791
295.929
123.701
21.126
20.196
138.717
50.062
25.251
132.981
347.168
98.136
262.21
57.068
23.499
62.671
32.5
41.248
508.424
350.031
46.286
100.73
1226.744
31.656
333.779
53.129
20.051
586.242
20.281
176.119
27.135
131.384
38.696
524.983
63.826
303.514
75.227
69.498
100.977
18.596
49.559
156.974
44.694
124.829
58.004
31.188
170.31
169.615
245.492
20.05
453.765
102.496
23.515
66.925
205.963
421.445
76.774
74.42
25.148
55.539
118.605
102.63
83.096
128.364
199.481
70.219
424.126
168.312
155.264
61.068
845.593
22.764
258.058
345.65
244.779
30.254
23.28
123.891
58.895
192.179
542.137
59.867
1059.073
18.92
319.626
104.124
610.688
39.583
86.117
63.01
431.817
29.504
115.186
163.57
68.171
785.182
91.1
78.472
79.858
287.792
33.923
1256.918
22.351
192.063
53.737
421.515
290.608
337.822
81.463
33.143
102.911
53.615
19.506
450.432
76.657
19.714
32.55
84.912
298.735
221.985
57.425
87.267
68.245
58.588
245.859
22.263
61.882
34.051
104.93
142.107
161.648
29.242
35.683
65.878
21.102
122.909
59.744
38.745
96.739
50.344
173.669
133.445
40.01
124.582
61.579
944.073
47.29
373.704
590.721
29.209
71.78
61.137
86.835
551.668
489.123
290.507
23.155
28.788
169.251
126.227
59.878
41.384
25.393
235.332
86.82
182.026
23.286
28.181
128.428
332.592
67.601
424.721
543.199
100.045
163.041
65.269
28.662
107.299
84.737
95.962
342.503
119.113
26.355
29.461
83.854
210.956
1402.584
412.511
388.019
391.141
35.285
165.171
532.928
158.134
465.455
74.296
23.269
422.881
23.754
23.393
21.658
273.544
188.488
61.183
26.551
46.465
96.824
259.799
403.372
622.955
261.57
997.18
40.792
136.104
49.407
119.483
322.422
62.072
199.645
30.438
56.417
138.872
30.168
24.156
31.607
41.039
42.298
142.229
34.013
40.728
1177.649
38.481
29.2
23.26
91.213
224.321
322.512
151.857
152.902
297.366
93.777
193.412
49.598
141.01
127.481
83.312
88.819
105.662
517.399
157.544
22.511
22.076
225.781
29.033
157.029
21.649
26.179
20.522
159.525
19.731
107.498
101.74
37.621
48.078
41.665
29.875
244.851
94.239
327.909
301.455
94.14
28.419
64.039
51.622
45.309
890.746
75.22
1293.375
28.746
24.221
30.723
29.4
240.389
47.994
21.074
113.254
70.968
162.425
20.409
27.223
361.582
94.488
166.389
600.019
76.784
92.988
18.149
104.436
105.282
48.574
395.138
21.056
109.806
25.113
277.284
155.654
22.128
34.677
57.008
69.08
408.633
126.322
28.828
116.013
250.73
783.602
192.398
205.083
117.361
35.012
78.832
436.792
339.537
46.573
573.083
25.103
27.398
799.82
294.499
205.918
570.296
101.478
396.061
559.144
58.592
105.308
23.527
128.744
83.323
43.119
432.647
153.881
22.43
38.994
107.588
139.087
61.411
38.239
22.608
281.608
276.474
952.48
39.858
481.626
102.513
30.223
23.136
18.293
18.832
87.235
44.951
63.817
56.94
205.525
269.334
457.825
888.093
254.474
30.41
378.055
81.379
73.903
27.611
142.685
29.522
51.407
135.826
65.175
45.395
63.41
76.946
23.921
81.96
105.977
107.956
169.74
544.744
155.527
23.233
55.231
29.988
64.936
81.059
80.552
395.321
149.34
28.247
20.907
231.461
34.787
32.578
461.816
64.884
172.386
78.552
225.024
527.56
320.183
219.083
28.38
587.216
37.247
20.069
362.421
74.179
227.318
674.918
51.129
165.839
28.114
529.18
171.607
44.601
321.269
32.434
73.13
81.388
100.176
172.283
305.399
27.107
24.608
129.997
22.532
230.326
113.434
212.206
405.182
131.732
157.642
132.374
139.315
228.19
21.897
53.214
30.565
534.562
308.99
111.197
294.279
22.224
44.704
33.583
409.464
460.285
194.718
1364.785
718.478
862.783
150.441
23.934
147.35
282.095
62.206
22.384
233.947
24.335
39.335
24.07
279.249
282.166
20.205
32.211
84.642
19.59
733.83
255.919
84.574
169.715
120.724
37.855
104.015
1047.344
24.842
88.584
19.386
28.192
188.306
67.32
124.463
57.717
23.071
1303.034
108.955
295.064
170.161
25.489
718.406
62.364
38.907
24.1
41.564
24.24
24.005
85.547
226.442
21.051
35.437
53.35
41.499
57.878
277.183
73.334
635.078
27.245
282.823
108.736
75.974
50.402
236.196
690.914
254.994
87.722
25.917
27.1
468.867
398.907
329.782
31.996
79.985
793.076
160.522
261.193
41.077
43.981
612.152
18.846
125.81
85.747
63.137
45.42
313.711
91.309
44.225
26.604
198.894
78.705
667.594
110.298
129.193
88.463
163.438
23.6
62.967
301.272
82.375
368.261
347.317
94.391
57.112
60.785
18.521
92.223
83.003
515.68
405.446
51.12
787.559
103.629
400.941
24.269
395.131
21.473
150.792
168.948
31.003
1003.876
39.913
25.921
536.403
302.22
27.366
87.561
30.032
88.287
228.665
272.494
802.253
146.97
243.702
86.453
61.237
328.206
85.854
159.75
150.632
270.59
33.953
41.199
439.363
270.466
46.028
76.867
60.293
40.769
1015.286
1039.801
29.176
46.177
80.04
75.769
207.723
108.957
21.292
329.086
30.833
322.957
234.376
528.026
131.99
358.096
114.56
58.741
261.395
63.348
50.916
20.42
140.486
187.625
308.088
27.607
54.554
394.956
111.777
56.778
28.163
267.7
1500.074
23.611
104.703
31.229
28.962
20.196
57.239
185.627
49.719
37.894
63.978
709.677
182.848
45.685
82.665
65.506
78.354
349.288
38.446
31.123
306.996
355.327
41.157
518.934
311.748
23.966
152.026
52.932
22.096
136.508
241.444
281.836
25.276
18.78
26.32
181.063
371.201
68.8
342.956
30.083
54.292
143.188
179.203
38.089
72.265
25.791
471.229
61.582
137.257
25.673
33.833
209.486
43.279
124.513
23.03
149.822
26.592
19.434
99.496
56.239
85.397
77.212
116.2
21.538
69.606
53.934
23.497
194.596
146.59
580.361
21.931
99.822
26.168
79.574
101.499
113.808
23.869
244.02
1050.85
30.336
37.278
58.982
1081.262
22.251
36.264
27.784
38.381
46.706
92.57
54.306
90.751
232.298
136.717
196.83
458.56
21.227
129.397
22.456
67.889
219.473
207.651
51.233
337.865
60.755
60.621
815.734
202.604
52.071
1124.913
76.724
615.012
312.893
96.32
64.718
459.678
1335.884
187.656
51.451
141.917
68.548
34.005
254.691
71.429
156.06
21.367
89.402
21.646
29.381
579.478
316.642
146.451
149.761
35.038
330.299
151.671
450.985
29.549
397.696
204.341
500.133
49.795
52.702
20.441
72.437
48.338
112.255
24.607
160.793
719.509
48.103
28.136
598.995
266.726
24.911
18.562
283.93
148.369
355.301
22.793
22.912
120.056
120.144
264.578
121.944
52.985
27.178
596.866
68.822
75.256
587.201
24.385
29.949
1059.171
82.95
26.908
22.052
135.529
215.726
21.867
26.539
480.352
29.031
50.188
209.847
37.203
29.395
76.286
27.826
272.615
56.525
199.256
50.994
19.361
20.131
380.307
225.803
594.131
24.563
27.378
81.71
78.038
192.009
163.51
41.786
21.644
175.383
144.3
23.353
86.198
329.859
163.212
51.321
126.073
22.854
19.243
241.349
677.741
46.261
245.217
149.434
22.244
25.923
48.921
59.48
51.356
27.126
162.155
47.409
297.761
76.361
24.271
89.456
20.842
21.572
416.745
55.104
34.032
73.182
68.72
405.278
41.026
44.027
59.407
408.026
458.137
1346.871
30.381
219.319
31.3
286.137
94.836
732.648
100.26
29.283
1017.479
45.862
18.957
432.228
38.019
688.168
718.763
42.075
159.881
156.238
69.663
74.156
35.581
47.886
149.957
452.652
53.795
350.85
25.879
72.034
44.586
63.41
93.596
456.137
109.278
116.4
561.54
144.288
20.813
38.943
146.448
88.159
263.731
295.743
46.922
24.99
1104.347
37.303
51.309
20.381
51.904
52.888
86.743
121.092
303.982
63.253
437.231
137.749
141.713
40.083
23.355
53.695
40.901
739.762
35.127
149.622
31.365
35.638
27.797
104.718
386.336
35.702
76.795
47.162
284.321
111.901
24.471
88.651
22.258
27.272
21.505
99.951
79.578
71.084
70.56
152.351
471.609
21.634
55.285
127.048
200.57
182.509
126.447
519.254
393.509
53.123
59.732
215.642
126.8
219.984
33.514
58.832
71.243
23.05
18.381
174.216
31.987
170.808
123.558
54.78
40.704
302.197
185.967
22.375
193.673
144.854
35.341
25.261
52.147
91.572
61.589
127.268
223.164
1332.96
158.459
35.161
383.266
184.227
471.216
240.004
32.858
1097.715
22.166
25.768
620.683
672.834
130.216
29.349
146.797
28.293
265.126
43.25
76.701
577.611
23.414
23.884
1195.036
20.103
416.031
67.584
365.979
23.557
126.248
52.726
445.325
22.047
43.317
245.829
71.527
57.768
601.943
70.197
41.85
374.838
32.514
197.171
92.21
46.954
20.67
22.845
606.664
169.482
300.822
60.352
41.957
59.431
24.28
18.787
25.454
423.213
123.357
30.312
67.589
171.433
203.829
25.181
219.198
93.595
102.656
972.463
447.66
22.045
320.7
24.54
996.041
36.399
280.005
220.659
138.433
21.19
34.033
64.47
20.037
321.611
146.586
108.744
35.531
79.586
164.375
440.76
27.6
356.264
157.354
25.155
34.974
173.349
50.919
123.557
21.876
90.21
523.668
25.986
130.294
29.492
91.014
135.531
444.067
96.22
135.672
510.031
40.028
25.155
87.866
69.885
21.999
27.634
282.883
61.113
115.582
167.366
34.987
22.605
131.401
105.553
288.993
188.468
479.58
292.051
338.815
42.532
349.355
182.316
68.963
31.839
67.398
50.645
32.318
120.746
542.132
32.875
181.111
45.167
282.816
103.959
47.41
37.636
100.419
185.25
308.158
78.691
28.919
23.942
52.319
58.935
23.019
170.706
525.405
181.743
74.985
172.568
118.79
36.144
38.443
27.379
17.853
633.676
130.834
468.111
21.507
26.915
40.302
23.948
85.854
72.76
38.342
380.334
409.147
83.76
213.932
574.417
57.459
99.036
17.878
60.238
235.317
711.115
520.301
21.015
19.288
166.295
31.854
994.296
21.183
359.731
121.297
198.263
224.583
53.277
60.374
209.255
26.052
41.128
77.329
275.706
253.071
28.013
20.204
131.327
25.241
34.365
201.155
61.118
61.262
31.071
36.946
23.943
82.961
19.519
22.191
22.39
130.255
62.478
82.736
223.389
72.3
443.351
500.323
416.589
92.371
156.621
122.381
568.345
30.83
148.203
39.544
76.209
856.207
201.744
501.268
85.56
316.431
36.499
25.878
384.14
91.619
36.52
234.479
59.044
186.066
1050.802
488.819
470.698
201.516
44.428
60.442
226.896
265.135
144.114
444.311
398.739
192.769
35.23
298.58
24.38
313.119
22.743
1056.137
33.959
209.028
147.985
90.886
110.383
127.335
23.08
207.239
238.828
43.833
98.46
285.062
340.692
50.289
35.663
126.062
183.83
396.995
367.734
21.856
20.724
707.211
102.218
121.344
43.087
536.408
45.992
99.663
246.844
147.27
28.013
208.841
27.454
189.589
32.169
57.453
45.822
21.656
52.06
39.925
42.582
957.297
59.611
231.89
473.744
36.337
20.209
181.863
40.189
60.931
418.668
33.621
29.732
258.834
113.36
77.494
217.109
30.854
73.426
118.974
453.179
207.309
35.66
367.68
23.142
293.765
21.64
36.793
241.15
195.819
24.934
37.004
639.416
1265.279
26.122
139.056
179.068
430.42
284.771
32.341
48.438
792.882
25.757
73.029
30.394
530.96
21.573
28.562
116.247
92.765
21.08
96.472
135.765
384.304
27.842
168.672
32.144
134.606
114.124
112.853
29.049
70.421
21.425
50.761
241.209
62.018
155.093
22.289
23.187
20.959
32.288
45.978
41.249
118.433
20.975
69.552
234.018
306.325
68.069
483.975
30.864
63.335
175.188
20.637
30.169
266.511
91.494
234.485
335.615
135.5
25.643
429.124
498.181
374.617
103.556
633.591
388.081
111.181
137.656
22.116
491.484
125.772
48.552
169.481
247.639
78.45
35.32
271.235
212.624
107.656
389.064
30.134
1085.335
528.702
27.551
30.056
152.503
342.948
28.673
35.447
69.693
44.574
157.535
352.725
23.246
90.817
355.518
91.764
22.141
111.911
61.11
148.527
33.413
32.1
116.646
150.911
94.738
120.91
658.679
518.308
87.119
42.709
208.589
584.579
35.657
33.726
45.372
150.042
521.794
185.994
128.671
136.535
33.796
539.437
93.361
67.695
35.988
38.707
25.862
461.934
964.908
519.505
104.831
19.319
226.025
919.181
226.964
182.177
25.012
120.636
128.373
270.743
37.235
23.552
24.792
55.737
30.587
85.54
44.047
137.535
121.893
34.76
474.286
253.753
154.84
19.269
37.457
260.937
253.93
129.48
228.122
22.468
60.908
541.932
621.371
222.708
210.611
401.677
351.595
95.803
96.541
113.364
28.039
146.642
18.559
482.839
199.34
113.606
31.949
311.182
50.063
20.413
240.244
180.965
826.335
210.635
254.968
26.468
291.012
58.109
66.682
42.866
342.211
411.056
151.428
39.304
47.716
35.831
367.14
517.556
22.251
76.484
106.739
94.59
803.904
22.116
164.31
21.466
70.393
25.125
23.945
281.336
22.578
65.679
41.293
43.996
341.787
149.137
63.075
17.968
22.222
740.501
71.015
527.273
38.018
23.534
32.561
187.808
176.915
45.692
67.678
44.44
253.989
32
49.131
85.396
42.046
135.625
51.332
329.275
257.648
160.585
316.067
33.904
263.369
27.299
177.787
96.616
563.063
519.569
31.987
41.182
932.583
302.396
91.569
217.739
32.236
30.742
199.229
408.61
153.861
30.739
43.981
44.024
436.056
37.905
60.528
39.089
193.264
82.362
430.022
147.729
30.259
646.094
22.605
52.289
45.899
18.945
34.531
100.367
22.186
217.393
81.343
541.578
44.501
44.14
128.367
47.605
20.603
510.17
275.62
26.746
26.669
47.514
140.645
626.729
27.957
59.917
959.598
35.588
276.632
94.036
29.174
1321.865
79.241
85.602
120.749
40.749
21.197
100.287
329.816
236.15
38.756
116.521
45.732
40.481
59.967
25.044
75.45
250.961
61.682
69.996
32.456
749.21
633.334
715.629
422.683
89.67
177.281
217.951
89.047
54.009
32.094
219.482
27.201
87.564
178.743
597.362
78.838
613.408
20.259
167.017
25.509
221.997
99.238
699.198
35.352
25.939
18.52
22.511
262.308
113.209
170.358
466.914
43.176
220.309
99.217
30.724
76.804
95.211
457.783
280.311
160.719
89.799
24.684
474.703
17.857
18.68
313.262
278.906
71.587
102.974
32.581
20.388
283.056
370.194
61.413
68.371
202.734
289.645
21.045
101.318
706.756
145.645
428.86
20.111
567.901
25.197
81.331
23.325
63.043
85.295
24.564
78.732
90.132
455.633
42.512
28.407
35.43
66.174
22.094
730.583
130.389
35.07
247.519
55.895
74.163
40.252
27.846
143.489
175.259
21.723
316.563
207.762
147.829
194.963
22.979
108.784
84.245
140.273
348.591
20.284
56.704
89.038
21.733
81.826
135.225
592.043
44.218
655.039
117.814
85.14
56.539
552.533
73.945
76.307
82.444
546.941
468.356
19.247
157.365
103.099
120.225
118.102
86.757
36.489
108.82
22.859
50.218
49.715
154.485
57.53
206.453
60.444
266.314
36.338
494.58
96.521
110.507
106.168
73.224
31.252
598.275
124.694
484.993
489.59
1256.345
52.599
191.686
96.945
33.225
34.046
209.091
889.856
42.45
21.299
26.419
20.477
29.25
28.752
21.717
82.984
63.591
67.269
205.397
205.827
21.679
38.337
41.12
32.231
260.398
316.816
60.489
109.415
32.714
279.686
19.896
44.254
26.225
471.161
37.388
758.998
108.253
160.212
23.867
116.63
28.645
1063.871
535.936
28.788
20.452
713.581
171.556
617.642
247.604
45
641.808
32.918
27.85
23.126
35.331
755.248
62.786
37.959
148.591
43.328
55.661
60.593
66.215
28.55
126.054
91.83
30.576
91.651
88.704
41.517
75.22
33.414
58.011
185.519
379.051
49.421
24.737
35.596
421.86
163.622
332.69
34.192
25.684
374.202
94.152
70.019
287.226
229.318
29.696
40.922
143.306
68.087
78.005
175.421
143.061
44.824
114.522
124.457
168.756
25.36
41.278
199.15
30.5
94.614
19.61
155.015
795.578
24.241
171.428
1248.368
718.353
535.268
264.356
54.042
158.236
858.045
28.606
772.934
194.946
197.287
837.776
22.663
359.262
305.645
1558.695
20.876
42.375
146.014
43.273
49.707
128.19
203.795
21.409
77.365
195.724
129.372
135.906
34.712
25.216
178.918
17.925
60.47
222.586
1158.741
335.779
36.393
43.124
268.154
50.872
34.24
403.737
62.509
576.076
23.041
51.866
39.586
340.339
31.79
106.891
80.892
493.883
23.122
295.442
373.646
76.89
144.22
62.243
346.617
277.288
26.567
169.803
28.05
186.846
495.934
646.686
79.638
67.531
41.305
100.713
125.665
220.271
316.503
791.317
253.506
23.706
36.236
181.081
23.143
26.904
37.714
136.549
71.977
48.365
31.793
109.934
43.425
120.989
24.589
145.678
311.61
348.049
66.893
44.444
597.35
380.745
252.973
38.693
96.396
18.599
131.237
937.272
56.725
197.734
81.88
43.677
269.543
267.672
53.693
310.267
354.6
315.132
550.641
22.205
109.893
138.27
241.158
52.519
80.799
408.155
451.887
31.714
48.489
303.256
24.706
78.73
117.823
85.984
81.782
443.041
35.632
45.493
38.188
266.084
127.715
230.52
39.038
42.488
133.662
717.833
26.909
160.136
432.55
226.884
42.105
93.692
154.62
77.267
1224.411
159.23
83.936
349.629
65.113
152.804
73.331
43.698
30.193
66.746
131.751
98.098
267.845
258.631
22.234
205.398
87.236
39.745
484.22
623.626
27.584
22.435
166.724
50.595
45.455
56.346
222.042
925.409
84.522
562.884
114.558
75.976
37.195
38.282
252.297
20.901
140.269
33.657
27.862
216.2
22.668
241.953
194.196
41.948
22.916
23.543
86.061
28.503
47.26
79.446
209.971
96.502
69.03
128.855
18.98
28.88
151.931
218.524
101.626
49.692
25.36
26.667
531.871
98.154
49.791
21.995
44.971
24.735
108.549
75.752
253.972
134.758
20.575
21.486
244.043
57.98
269.342
138.593
100.244
455.626
196.37
69.683
43.714
136.537
411.754
499.073
1274.566
93.162
616.816
41.392
63.877
32.693
622.027
886.599
58.119
966.004
46.594
207.206
642.701
264.682
104.259
131.762
18.812
247.673
378.31
166.61
25.962
23.504
32.597
112.351
110.702
132.13
214.432
298.276
354.371
74.319
620.488
41.099
21.926
139.138
51.532
40.102
38.218
28.761
53.569
642.163
18.664
48.639
27.711
216.614
1654.629
60.45
54.402
28.271
275.414
456.42
92.475
72.411
301.986
617.256
210.835
97.036
53.849
197.789
24.176
300.017
118.284
282.159
41.801
157.794
26.622
585.984
28.062
97.789
104.05
101.523
451.017
19.17
150.431
21.487
569.229
84.884
23.306
127.422
848.7
25.88
243.985
25.62
21.591
38.663
655.497
223.578
57.291
27.307
44.805
202.296
27.49
222.68
28.155
89.141
31.952
209.248
125.001
23.536
391.544
32.249
102.891
56.933
85.758
65.747
161.473
51.588
342.342
180.603
887.707
46.925
997.716
20.845
125.563
28.056
232.728
35.411
46.901
32.197
21.382
32.559
175.099
68.872
284.349
411.027
45.264
76.899
20.456
33.332
371.293
169.427
686.715
124.345
30.906
28.886
25.18
39.763
47.229
472.972
318.544
36.163
588.116
137.834
96.675
34.9
196.004
248.166
33.557
65.228
141.321
67.228
23.087
57.455
595.099
97.358
346.287
417.236
22.299
27.09
20.776
205.247
513.488
22.543
20.177
531.148
31.739
691.431
40.734
29.412
28.977
548.631
68.971
293.7
126.579
38.452
34.354
40.528
97.052
84.361
137.51
141.766
315.663
39.585
131.389
615.595
93.198
68.76
38.933
61.497
38
77.77
63.974
383.016
649.222
134.267
306.354
573.276
480.512
199.912
165.972
31.902
364.552
209.81
32.448
210.498
137.032
27.348
57.153
716.814
327.711
393.104
272.769
48.9
23.483
17.711
494.002
1127.72
35.792
168.954
143.018
79.042
27.928
62.917
198.554
303.742
36.365
21.486
150.746
56.234
63.694
53.3
101.421
21.853
605.641
45.051
227.649
71.196
74.784
221.408
26.599
18.698
116.918
52.045
29.952
135.4
81.715
72.541
140.144
24.966
149.446
34.931
109.137
68.12
681.595
334.785
84.952
51.98
24.72
342.624
449.233
327.952
141.894
96.322
527.1
28.908
184.256
482.447
218.705
29.24
19.648
58.956
68.069
81.17
146.816
241.709
46.037
471.497
27.644
262.955
88.003
78.744
51.038
320.977
144.628
52.461
25.139
327.277
797.614
68.99
67.662
44.667
160.094
39.37
18.015
361.686
30.649
20.545
124.739
364.267
39.355
43.533
18.101
87.836
518.548
35.22
314.045
64.189
123.19
408.721
23.954
25.175
437.814
91.133
33.078
419.599
26.269
111.532
23.22
414.524
295.561
23.709
103.672
645.675
24.221
271.594
63.733
49.766
32.321
76.052
20.256
100.928
41.112
278.427
548.542
247.449
48.727
69.649
145.697
129.205
36.465
78.145
23.281
91.984
322.186
495.575
85.67
247.472
637.748
35.566
547.033
30.089
30.075
393.606
109.253
36.267
209.527
423.888
363.276
36.675
23.912
95.024
59.673
22.049
73.064
106.07
36.479
53.541
23.198
26.545
22.326
23.298
40.785
54.971
75.315
84.117
263.783
454.483
69.978
245.313
80.244
233.282
170.94
719.629
24.605
320.167
497.548
26.643
32.397
283.859
93.493
56.165
46.453
246.736
42.305
72.122
178.476
87.351
174.257
159.595
28.479
32.929
127.495
492.905
713.005
85.62
25.679
65.585
439.756
266.083
298.383
365.006
28.685
418.193
122.686
43.645
355.207
683.328
174.461
34.106
30.78
736.194
122.573
26.833
338.36
381.625
65.243
61.811
228.967
165.753
117.103
310.888
29.548
59.74
27.186
19.895
92.395
290.654
605.387
171.674
776.805
31.446
78.592
69.295
21.962
248.78
28.701
122.094
578.767
330.22
757.276
255.329
157.82
59.293
24.526
48.649
71.858
25.728
91.473
46.67
31.678
113.761
24.796
209.268
25.8
20.666
162.259
19.856
21.686
165.061
201.861
43.187
30.887
777.815
103.257
214.36
32.289
19.716
20.351
113.027
23.994
23.529
43.416
27.578
35.637
30.238
21.759
280.833
396.91
193.342
93.376
546.422
149.424
21.916
22.139
78.849
27.694
33.807
28.778
468.493
255.051
257.559
17.921
26.146
400.948
40.371
1217.583
182.381
28.818
116.123
31.176
450.487
228.751
42.232
41.885
118.612
102.317
32.136
22.843
241.502
315.702
363.884
31.843
97.442
43.462
93.038
69.478
248.559
31.83
34.283
97.898
105.196
111.136
102.54
64.283
126.566
338.501
427.053
71.237
184.965
465.274
84.311
45.202
76.294
115.713
154.688
29.988
455.585
327.253
145.093
42.64
269.07
22.139
158.509
57.859
54.963
151.139
106.196
90.809
184.136
209.552
507.85
362.006
50.326
596.818
286.439
280.098
27.454
146.742
136.485
161.135
30.464
172.743
43.228
61.691
846.589
192.013
127.546
127.443
58.504
44.231
88.408
514.349
362.296
907.33
26.638
114.787
153.366
98.261
254.429
31.469
57.968
417.852
50.006
173.073
271.068
46.147
46.956
44.806
30.566
401.236
27.111
566.339
53.223
98.757
44.594
39.721
18.781
43.622
233.141
30.695
166.563
334.859
55.559
29.197
71.499
291.003
31.427
118.224
49.005
25.931
66.887
329.664
51.129
89.646
22.163
81.626
23.072
95.385
121.538
409.222
99.188
29.036
