1699.077
3275.231
603.599
9142.117
6733.094
24.134
216.347
12087.105
1007.578
204.377
33.437
1580.203
666.084
110.761
13385.232
210.233
129.314
41.971
167.021
129.644
579.986
1265.67
41.683
498.241
1734.037
1801.331
245.097
251.838
6020.594
217.308
562.213
284.403
1531.837
326.39
443.117
3256.397
5680.225
284.002
193.764
250.436
219.125
245.865
376.484
3903.499
200.542
313.743
206.382
432.548
195.482
472.627
1062.762
281.221
247.347
319.774
447.377
248.613
380.867
536.963
429.964
215.484
422.828
532.712
394.651
400.227
496.608
312.039
1043.942
204.668
187.2
361.965
903.652
409.598
201.522
247.235
370.585
316.92
344.661
812.659
292.941
409.033
614.512
233.609
1825.349
204.006
191.392
335.352
1026.257
599.416
191.015
486.143
575.8
209.797
422.704
414.953
494.436
291.988
249.372
559.096
243.47
208.673
244.942
28.737
788.447
32.721
388.349
1281.807
1206.282
35.44
534.678
205.901
120.169
46.647
1060.115
163.46
493.824
58.792
22.317
228.884
30.402
1285.67
225.41
858.298
92.82
323.346
949.065
374.314
39.045
73.35
38.064
62.358
162.655
394.784
202.806
27.925
103.707
635.24
118.505
199.398
253.653
636.895
50.499
640.061
273.991
140.232
120.937
165.768
644.912
31.979
85.173
59.911
46.081
673.966
1127.96
233.444
67.898
482.749
1075.6
133.199
122.541
89.947
89.166
132.075
160.298
299.565
376.442
25.916
180.498
313.501
68.965
48.524
514.314
66.812
29.342
445.43
406.781
112.335
472.544
56.498
50.782
39.717
116.682
358.85
410.18
244.363
967.001
101.237
42.517
92.501
1725.685
38.484
26.502
29.772
24.918
44.679
54.712
103.794
29.841
55.322
75.72
53.792
118.882
345.396
58.826
447.474
104.634
384.7
315.535
554.248
138.798
248.33
161.37
316.599
250.508
136.138
401.617
142.988
21.206
362.122
341.065
26.98
44.46
157.74
1179.366
150.463
819.809
56.655
465.403
1086.533
245.755
150.884
216.046
914.122
42.907
31.909
639.387
624.594
80.257
587.703
38.771
114.238
821.826
443.453
402.539
22.369
1370.675
27.116
94.525
658.05
897.306
616.909
33.177
706.104
53.867
43.141
353.801
345.363
74.38
1301.983
52.076
77.648
80.884
623.176
233.379
20.128
43.805
430.638
24.961
451.49
198.213
159.074
59.087
268.539
313.348
27.229
31.976
75.062
479.628
33.563
40.499
19.583
209.987
1013.837
39.509
40.523
175.692
58.76
68.621
165.56
29.688
18.635
225.043
314.256
110.959
188.664
43.44
151.637
190.281
187.793
44.782
49.456
187.013
635.8
141.761
49.694
47.096
20.873
119.499
77.605
791.646
31.288
277.986
287.09
469.321
495.721
1015.501
25.762
120.712
356.603
359.875
696.847
1725.577
25.931
964.484
587.933
133.142
80.809
1269.133
45.18
43.983
376.518
550.7
302.198
1299.823
94.686
1133.66
84.591
68.928
641.741
54.591
25.621
224.529
252.216
251.011
39.101
87.781
462.299
24.845
27.131
65.075
66.001
90.51
138.234
122.593
23.08
31.962
28.171
37.053
81.193
57.043
71.103
119.523
967.414
44.377
342.886
511.455
215.989
73.274
492.591
23.772
89.443
471.42
105.875
61.58
322.902
924.58
164.368
389.273
88.719
18.906
53.986
190.378
1116.004
557.535
103.992
379.734
123.871
55.051
70.25
235.651
56.492
102.9
519.947
35.868
398.148
67.084
38.67
62.961
69.946
74.622
422.531
186.067
33.217
60.885
98.113
76.379
167.102
1319.258
94.545
506.081
43.457
36.93
69.583
25.585
36.57
27.495
248.738
354.963
214.871
360.028
39.464
418.932
440.543
257.602
25.308
120.464
144.689
475.607
671.877
98.517
639.439
88.234
394.88
58.988
23.456
31.544
19.633
105.485
485.003
939.6
29.403
88.796
280.524
362.511
37.378
294.027
48.102
51.081
566.797
138.182
216.022
233.355
196.464
42.689
23.808
53.75
497.664
21.158
222.168
77.091
190.905
62.401
184.656
743.802
97.186
222.833
63.005
20.455
87.739
98.054
23.179
35.51
76.693
133.078
52.451
21.39
107.32
59.397
26.132
38.105
65.931
61.721
61.895
134.978
76.716
596.314
940.628
900.945
200.938
1368.09
25.354
552.777
655.454
34.827
529.465
75.416
514.803
586.273
21.135
639.936
442.559
1454.134
693.484
2354.898
63.451
40.881
43.865
25.704
183.348
293.321
21.467
29.27
148.716
163.718
434.33
213.424
1204.695
366.271
23.542
33.871
30.915
1224.827
159.52
60.142
525.425
42.865
59.151
116.359
67.983
71.98
581.774
21.558
59.605
34.08
77.206
75.342
19.272
290.228
799.319
78.235
217.65
186.538
243.931
650.67
46.778
175.017
156.057
34.199
47.287
104.122
371.839
655.278
138.917
38.987
57.046
413.993
98.209
311.982
56.674
451.293
97.068
28.619
192.816
124.169
102.816
86.376
294.822
54.106
241.075
437.554
152.313
356.944
176.888
104.314
226.817
367.957
384.688
34.694
388.693
271.891
59.373
181.758
252.276
19.995
75.1
47.732
187.997
493.198
524.863
328.214
88.568
549.371
305.993
127.476
117.622
43.366
75.46
232.275
124.925
360.004
91.301
258.449
934.389
198.332
61.698
22.875
87.392
73.205
214.974
167.526
162.554
33.472
1275.845
22.94
53.719
290.089
55.738
32.865
256.573
23.313
141.184
99.765
421.203
324.919
31.587
749.748
26.624
581.533
249.228
44.205
146.913
83.959
80.379
58.302
310.772
160.337
145.555
133.517
67.433
84.452
42.056
47.666
103.811
166.237
169.457
115.932
275.068
278.745
21.623
90.953
241.717
31.328
92.273
168.806
1218.109
101.95
530.198
140.037
84.555
567.9
341.041
206.68
540.241
30.492
1935.939
20.139
26.937
76.847
20.726
41.42
156.428
507.369
185.04
97.524
375.429
141.493
201.418
52.1
126.671
24.616
25.354
1013.4
460.023
94.582
39.986
43.717
196.404
502.291
37.953
776.52
1005.674
718.055
56.823
216.987
20.29
285
18.498
428.765
26.456
50.018
140.414
41.902
497.138
566.955
60.501
1064.953
174.298
62.81
150.193
107.568
1057.754
47.509
45.073
66.477
30.772
82.066
74.685
287.349
92.417
131.284
78.336
578.329
187.39
245.947
125.758
283.23
449.507
514.77
119.778
183.943
33.281
85.429
24.567
21.036
280.83
37.498
72.013
205.534
49.251
22.326
427.628
48.111
87.375
92.459
37.783
40.86
392.45
54.22
53.521
561.917
82.312
25.384
63.448
21.379
194.86
89.412
64.304
119.551
118.83
81.411
46.55
211.978
57.688
74.759
102.556
387.057
28.939
106.924
44.307
104.277
115.99
61.097
777.058
231.805
33.308
146.538
55.322
75.525
42.979
433.874
34.196
35.134
163.169
70.287
57.469
19.791
63.517
273.442
48.919
98.415
1232.61
171.693
20.226
103.551
25.691
148.74
20.936
29.038
141.484
18.979
173.197
134.304
235.868
353.219
77.131
72.89
80.527
26.928
270.207
946.983
113.693
39.819
472.52
636.164
144.872
105.76
29.019
506.651
30.673
485.83
1429.147
88.334
306.665
217.035
689.716
102.67
56.715
128.288
167.111
155.195
28.265
276.004
116.213
46.385
24.691
483.592
134.833
20.759
52.96
100.73
120.051
246.512
42.343
27.406
234.211
29.485
20.332
453.025
367.375
93.276
91.353
525.759
117.072
174.852
441.147
20.136
221.593
267.348
26.995
26.728
52.02
341.144
162.947
124.807
59.381
78.251
21.077
213.78
58.23
47.253
1097.732
125.238
22.91
35.796
56.453
31.351
35.129
260.845
53.224
232.904
622.712
40.123
44.01
17.71
472.117
118.369
112.267
67.59
51.368
40.965
69.392
95.62
27.159
58.725
169.491
65.814
382.417
25.802
238.835
105.509
23.872
23.868
39.15
135.216
1405.438
66.364
251.188
427.08
869.724
170.774
309.225
120.791
19.041
97.513
38.132
42.133
65.59
33.265
67.668
37.031
517.373
253.211
166.398
84.566
1110.72
1611.979
737.047
20.745
107.283
138.543
371.442
917.843
49.456
371.53
209.482
20.741
146.587
37.874
210.44
884.648
160.056
22.655
281.975
514.428
383.226
270.415
553.582
219.552
141.488
27.276
325.434
323.665
186.512
22.024
995.737
103.306
130.898
37.62
1384.267
86.496
274.648
21.967
91.304
94.237
327.431
21.617
720.202
353.861
31.813
89.401
736.915
79.447
87.046
308.17
43.047
18.322
416.638
69.588
121.24
111.363
236.969
208.827
173.051
20.755
179.67
226.56
439.34
19.156
56.877
233.894
101.295
175.873
414.976
61.023
315.977
46.441
342.332
25.349
66.708
42.29
1423.342
87.855
154.752
25.009
135.524
96.446
98.925
193.641
121.957
522.451
388.351
69.327
219.548
1077.252
754.27
134.596
47.219
243.107
394.55
144.27
1298.275
93.846
26.266
36.5
20.99
24.644
25.345
145.174
166.534
148.518
36.001
25.036
32.44
300.224
26.693
53.649
954.21
270.403
613.239
28.395
750.329
21.283
231.71
244.42
24.176
468.117
294.437
150.086
658.343
117.02
280.16
162.017
934.162
44.544
36.781
43.948
520.973
500.484
879.661
168.144
93.651
65.484
748.366
206.22
764.962
104.199
138.951
23.88
40.79
378.247
275.421
22.407
42.319
551.218
611.524
74.831
46.611
101.213
410.787
198.083
313.524
339.314
36.944
217.155
421.05
42.491
875.716
40.527
22.094
19.174
30.945
242.906
428.916
262.263
150.42
24.996
21.612
37.66
437.98
225.27
1390.955
112.037
441.791
421.51
462.742
21.166
128.305
78.759
104.073
131.439
670.076
20.124
46.349
26.415
46.226
21.274
82.017
430.658
393.142
174.839
114.638
105.552
24.819
78.161
20.727
163.987
61.112
254.349
25.586
117.684
292.78
151.028
114.222
20.887
280.979
55.904
226.745
84.231
113.847
43.289
269.038
122.285
44.582
116.124
27.25
498.222
344.999
103.591
420.445
20.653
445.416
57.415
33.969
25.759
35.906
111.447
48.048
218.483
25.295
61.715
116.184
328.758
25.25
61.276
366.69
18.929
55.695
32.715
59.594
84.191
371.161
32.445
29.597
304.103
246.169
556.347
20.839
582.428
183.073
290.906
274.949
445.425
272.573
30.467
30.824
321.825
1641.117
27.755
128.324
97.367
400.766
95.689
57.53
220.037
36.094
27.089
102.326
78.987
322.658
261.697
36.787
82.604
97.216
190.743
152.366
54.822
90.156
346.67
19.261
227.829
31.289
1272.04
60.151
60.312
121.516
71.133
217.271
744.088
320.116
18.25
1154.774
148.983
173.038
94.296
33.254
44.469
642.697
31.492
396.513
585.659
59.614
143.094
37.82
24.737
119.836
20.616
165.009
103.28
179.939
324.874
45.496
391.215
58.429
51.253
44.068
42.432
76.827
79.089
136.387
196.96
20.643
123.583
114.699
398.345
201.766
333.282
75.788
160.206
30.792
131.906
122.999
762.783
24.261
189.693
27.167
27.097
268.979
316.516
23.276
163.672
97.3
520.687
94.601
32.207
87.788
115.934
20.355
268.726
49.936
221.174
174.087
130.144
53.073
740.536
25.841
28.244
43.946
1031.932
202.51
34.652
100.369
144.005
558.843
797.521
22.244
67.886
37.918
181.921
416.759
33.253
35.286
83.825
59.5
265.328
39.599
111.491
113.085
2021.708
260.197
658.887
25.862
81.195
286.193
57.116
237.717
118.872
157.303
48.075
243.985
342.906
46.661
67.744
317.726
25.126
124.401
26.146
123.984
25.832
53.517
32.076
23.593
39.35
20.52
390.282
88.829
94.641
30.513
323.226
20.513
226.881
119.054
117.37
427.466
236.041
27.691
25.254
102.355
85.912
21.951
202.82
26.818
22.781
69.94
205.897
42.652
643.486
34.472
440.816
18.726
56.526
21.203
161.651
210.801
26.887
37.938
217.014
285.054
446.509
569.646
20.079
612.502
24.259
338.935
102.055
380.293
98.802
512.91
191.027
126.488
849.217
41.985
404.401
305.562
23.68
162.671
531.024
200.105
926.053
21.887
111.739
19.136
362.917
564.123
32.774
100.316
19.903
41.005
58.605
27.447
53.237
111.867
889.861
50.054
126.915
95.444
128.618
162.196
1084.614
199.979
265.615
49.268
604.568
65.258
812.369
884.741
69.278
24.162
82.661
32.523
19.286
96.622
726.403
127.523
119.455
817.48
81.374
333.523
390.213
142.186
890.194
166.643
228.717
24.463
30.211
167.44
502.543
44.073
29.936
242.666
104.787
112.718
276.26
1483.608
838.361
178.068
37.367
23.11
23.443
252.843
470.97
40.003
154.866
56.659
155.892
119.788
25.327
372.248
41.906
171.524
730.977
177.056
188.751
144.547
95.259
598.297
161.054
432.108
106.439
43.805
24.622
107.257
109.149
150.202
35.596
69.561
179.676
131.358
90.856
243.378
34.742
94.382
29.891
99.108
312.846
66.403
379.377
43.201
114.86
56.124
33.243
123.949
39.516
140.581
505.462
31.256
377.466
190.872
126.429
20.873
264.719
30.95
960.195
108.088
55.796
264.422
24.784
85.489
29.944
566.253
35.88
60.015
108.866
43.273
77.119
354.267
31.395
240.468
24.489
275.675
43.713
227.046
22.435
68.701
807.679
235.805
260.444
300.608
190.468
273.938
199.215
23.488
160.038
29.784
365.889
23.963
422.355
25.999
842.439
129.66
74.551
177.073
212.032
161.725
152.783
55.691
82.002
113.276
22.837
94.301
379.849
132.795
31.752
226.208
144.311
120.027
40.333
74.311
50.738
66.046
159.322
1032.929
168.243
268.96
68.862
32.266
548.731
118.096
96.761
186.45
29.703
123.877
162.129
360.649
208.088
102.901
397.868
27.037
35.481
333.712
155.213
382.326
25.727
524.556
426.465
19.615
124.495
162.094
23.966
790.812
106.086
200.458
382.632
216.785
114.955
19.783
148.429
42.518
21.752
125.303
44.924
110.71
19.12
409.297
212.759
69.808
104.096
80.62
378.863
38.431
227.195
22.523
97.204
27.804
38.014
20.862
160.271
211.173
76.593
103.59
322.022
164.559
62.178
27.047
112.582
261.858
329.398
81.12
79.38
19.075
77.54
157.281
2037.897
871.957
73.539
33.986
90.679
113.993
252.806
69.156
65.002
19.078
63.031
26.874
38.889
289.906
173.533
459.736
31.167
266.551
82.822
139.386
25.659
351.814
48.58
68.553
512.303
25.017
32.287
45.766
45.794
63.291
389.408
52.079
529.845
232.922
219.194
128.255
130.802
259.549
108.339
23.457
152.118
664.974
526.384
913.073
338.764
169.848
238.256
340.557
120.185
463.929
151.591
102.789
120.6
31.896
351.327
35.168
1226.189
44.558
128.931
326.995
29.006
42.125
174.566
39.089
29.225
25.73
82.207
261.563
21.056
149.484
180.158
101.018
89.46
31.874
303.208
45.96
1108.215
70.16
452.467
46.871
55.862
34.879
52.228
832.28
54.949
113.56
228.439
648.976
320.066
129.082
63.979
110.401
115.929
432.259
52.141
45.899
26.96
377.671
991.898
203.789
81.333
47.991
272.207
27.241
333.628
28.334
432.768
142.126
24.379
133.803
279.316
260.882
309.419
30.359
1225.624
44.57
31.121
51.153
266.262
21.786
895.288
374.588
89.639
62.03
119.977
23.94
74.42
64.268
233.717
92.503
22.179
245.315
91.972
118.224
299.111
32.996
329.735
58.875
1637.135
23.702
32.575
76.775
225.187
148.569
40.528
69.813
1097.803
684.061
155.779
581.173
113.882
23.2
58.038
239.633
41.288
653.494
433.854
42.278
29.596
156.606
290.081
173.84
515.78
209.11
67.658
46.271
18.229
120.842
782.227
24.302
221.456
21.096
42.111
246.904
83.537
143.501
32.495
130.531
52.317
301.786
54.037
370.557
414.393
31.552
310.139
53.853
348.726
22.158
21.537
31.234
41.959
66.439
28.09
223.655
1252.487
211.298
41.64
32.095
342.509
109.472
22.621
380.554
27.508
62.488
47.839
24.445
91.925
262.042
83.032
286.945
704.142
52.873
20.888
221.568
66.126
388.242
21.148
34.363
24.131
223.658
30.784
89.764
39.439
94.6
106.92
20.596
220.227
249.02
155.302
61.151
253.232
192.917
25.089
56.328
22.46
431.765
74.524
1582.073
50.745
75.866
69.575
142.002
328.141
1256.916
30.57
169.967
179.751
71.132
199.982
58.304
22.919
45.448
738.636
70.862
139.273
68.836
863.152
313.519
33.433
56.012
116.541
118.129
38.586
86.815
61.807
22.911
117.975
36.643
1315.153
35.975
65.205
488.515
26.819
24.727
123.048
29.833
79.485
47.889
56.257
702.668
172.922
28.649
519.995
96.578
35.452
126.972
52.002
20.796
122.83
626.663
32.032
70.151
481.001
71.551
160.872
31.454
22.093
673.403
192.199
54.081
70.644
100.758
619.274
606.89
28.567
21.182
41.394
68.666
22.49
51.493
82.019
47.747
239.704
47.153
36.936
218.539
20.494
294.216
62.754
20.604
27.89
182.599
380.483
36.902
40.676
423.467
78.904
212.415
528.433
31.326
194.454
205.351
104.64
346.864
363.364
47.16
207.423
205.149
35.479
51.264
135.903
684.279
254.498
23.916
39.53
221.217
74.729
98.915
20.549
1343.871
209.639
98.784
223.796
122.647
671.484
67.389
28.25
35.524
119.871
116.086
328.357
31.158
38.11
624.104
28.419
212.227
476.231
128.476
90.652
289.927
311.251
71.816
107.276
21.303
64.282
131.022
154.774
107.425
1063.564
113.71
125.806
99.918
323.574
26.352
101.594
141.481
29.28
160.702
48.549
21.694
22.389
21.72
24.37
39.422
141.614
152.955
64.53
48.628
314.979
70.3
37.478
127.965
34.451
323.993
73.926
18.794
27.321
92.436
23.137
115.553
64.293
425.07
23.839
29.915
230.88
90.312
21.093
230.126
53.472
185.689
883.94
301.799
1111.196
20.712
50.875
40.058
65.365
261.43
54.073
31.293
46.586
429.17
126.717
43.121
283.124
38.621
26.077
416.767
123.138
24.845
22.783
106.942
122.303
83.323
232.328
424.197
1112.452
381.765
107.173
447.216
602.87
185.974
207.231
171.722
726.967
61.497
44.728
70.886
44.143
33.054
163.474
27.137
24.448
24.404
209.561
260.597
161.161
23.559
24.367
25.662
30.896
169.342
42.616
514.559
113.246
75.546
124.491
1185.422
42.206
196.745
107.068
153.613
85.69
140.868
78.447
168.986
26.524
31.407
694.623
34.223
37.219
157.814
123.876
25.906
697.932
25.196
25.3
311.799
141.708
47.652
158.759
638.048
195.499
915.852
197.686
99.05
34.428
199.126
88.867
792.417
239.878
24.549
182.355
99.222
180.402
29.239
28.046
49.27
20.993
75.47
164.391
69.725
40.62
147.95
421.279
45.884
342.829
29.451
558.506
18.134
66.512
391.565
484.067
31.722
58.182
71.795
70.558
77.724
341.308
97.116
280.456
416.127
304.941
155.344
280.604
29.355
62.279
66.563
39.375
609.56
209.572
288.877
641.93
529.708
28.769
225.045
35.28
194.01
210.159
258.382
37.417
18.208
135.677
51.621
43.063
69.233
404.029
515.864
1214.488
80.547
22.719
68.009
25.329
128.083
152.172
42.464
24.536
21.765
87.952
86.894
236.888
182.694
28.404
270.562
485.208
31.768
543.329
619.261
407.206
32.375
181.545
528.309
17.849
52.96
66.83
204.541
179.699
54.449
21.14
336.317
700.985
143.296
149.839
31.671
59.108
178.042
26.739
44.189
72.947
121.906
24.654
43.937
469.749
88.32
229.924
87.326
278.37
302.494
45.052
21.464
139.602
153.026
163.485
71.592
74.667
116.897
245.975
1619.354
153.587
112.968
127.928
100.189
190.921
109.251
32.078
55.461
120.795
33.411
50.269
48.239
43.303
32.118
62.333
83.996
30.275
397.281
78.593
90.096
196.637
20.249
62.392
31.846
19.107
178.964
188.156
329.67
33.434
142.481
52.424
606.316
983.835
356.45
46.406
23.425
26.645
33.973
25.865
31.386
103.869
33.619
208.342
35.689
47.807
39.13
451.739
50.883
43.734
61.199
58.902
79.911
36.147
547.877
27.875
121.091
140.165
36.275
91.768
73.255
25.185
542.977
28.207
303.607
49.525
50.223
188.883
36.092
69.536
60.71
25.145
20.547
22.8
351.223
26.985
28.26
27.366
87.688
539.14
21.089
35.683
38.552
22.223
27.375
24.316
860.802
198.366
750.515
52.516
123.942
427.9
19.181
119.819
23.695
31.163
220.084
157.786
129.701
119.184
1125.759
359.43
181.905
134.448
366.908
206.262
36.95
135.533
555.472
18.563
266.849
51.557
59.348
1914.353
121.707
396.546
341.877
19.54
895.485
363.375
39.094
277.405
58.474
37.377
191.613
500.974
362.765
89.448
19.573
388.65
122.987
64.692
74.82
144.775
63.377
36.194
49.162
52.562
32.671
553.119
63.367
94.092
67.681
36.891
99.586
455.496
466.105
92.214
156.361
674.821
25.159
89.348
181.517
23.807
119.215
31.838
92.116
61.944
33.432
956.714
143.996
29.327
112.391
180.668
34.872
26.048
473.729
19.533
165.091
35.205
27.485
358.562
322.104
849.715
64.963
26.87
56.526
46.712
52.302
145.505
31.662
27.381
24.307
31.755
22.606
840.994
237.194
437.392
429.378
397.805
27.748
325.467
953.774
481.467
761.394
83.394
31.276
309.301
561.319
33.854
47.199
37.188
24.022
827.537
850.988
153.364
24.386
48.96
64.625
46.661
389.564
103.828
277.27
21.27
77.738
38.343
452.853
103.022
20.717
26.771
33.417
28.166
22.938
32.361
20.042
69.398
330.009
92.765
33.529
366.295
226.886
359.98
34.455
93.915
1967.759
126.294
309.562
459.172
400.938
21.242
28.616
24.1
288.908
370.723
62.706
402.694
1578.645
155.683
59.335
363.736
411.013
21.001
136.817
142.55
71.635
181.761
164.138
90.938
503.827
22.42
42.03
19.541
73.411
27.509
119.538
890.372
49.278
54.277
69.416
216.966
471.445
151.033
1136.445
64.296
40.781
40.412
25.479
22.202
100.037
372.026
129.051
25.61
23.725
380.653
78.784
96.43
245.164
32.591
411.123
71.161
880.394
59.464
55.343
390.35
17.717
30.767
185.829
149.102
67.148
28.245
218.682
249.179
66.813
198.137
579.456
524.654
23.796
17.818
60.328
22.584
112.112
452.016
51.939
47.036
305.831
642.613
36.333
20.319
274.618
31.051
37.837
65.81
293.901
27.854
153.281
32.881
50.997
77.194
42.379
469.511
48.622
739.048
30.683
82.597
395.665
521.083
24.703
56.556
21.369
89.074
22.083
71.725
28.062
160.776
209.586
23.835
306.717
24.258
508.355
318.471
24.968
53.141
32.208
122.723
455.264
261.243
35.546
37.128
237.12
19.386
136.175
37.107
23.364
255.784
26.681
52.607
277.837
455.733
107.263
281.086
29.491
233.414
409.276
112.196
51.687
29.748
90.477
1054.545
98.385
72.906
168.933
431.447
35.719
158.136
21.858
28.493
216.305
127.457
34.671
27.861
151.41
83.699
40.894
609.802
79.41
64.473
26.253
46.521
39.345
33.102
40.227
231.897
93.783
252.075
23.099
231.101
20.787
87.238
50.412
135.588
31.116
22.13
43.366
85.56
103.856
86.125
34.199
98.871
333.909
164.138
148.705
243.391
463.98
154.768
23.184
144.816
170.503
291.818
155.576
167.647
466.47
29.481
31.521
35.782
376.299
19.281
144.538
73.758
251.853
240.424
79.928
106.959
267.253
774.872
19.542
116.852
46.555
328.262
404.355
66.105
36.793
17.725
302.337
135.248
961.374
119.575
87.019
322.712
86.095
120.544
65.38
135.534
165.926
1026.404
127.765
370.201
197.637
29.165
141.95
35.941
965.739
43.234
104.835
54.954
57.393
41.571
64.59
76.308
84.886
539.681
25.51
27.11
19.961
235.101
42.707
245.008
34.242
1157.406
197.389
140.726
346.168
30.451
46.087
355.463
213.101
595.803
352.774
65.278
515.73
35.235
619.863
68.996
390.799
35.256
30.191
69.112
19.506
1011.586
59.68
224.762
42.321
41.086
262.309
178.306
20.536
773.995
269.491
521.619
359.594
21.414
62.775
103.175
593.411
463.184
54.507
276.551
62.468
22.367
161.529
256.782
38.832
26.298
284.979
120.547
828.108
141.526
309.421
779.121
58.016
181.828
190.087
69.053
22.988
236.642
80.986
1183.78
38.727
87.158
21.725
47.742
251.871
37.908
33.182
169.074
38.731
95.762
136.073
101.665
63.216
40.342
67.356
64.003
68.384
587.199
52.757
41.952
259.663
17.141
385.781
201.527
1279.438
50.018
21.717
48.888
230.337
317.189
400.752
74.13
117.106
24.295
83.012
45.616
256.679
73.569
26.606
289.894
100.799
25.685
22.434
20.25
186.658
26.932
87.526
100.072
142.28
144.453
41.41
18.67
26.563
1072.075
30.921
42.454
22.068
292.1
254.337
146.8
21.1
871.175
113.627
44.522
175.337
33.512
55.318
57.758
44.865
44.172
420.37
511.838
202.346
58.891
1012.577
25.118
410.254
262.218
42.71
22.517
219.485
57.758
75.101
34.464
78.94
38.151
52.357
487.314
103.117
288.871
157.131
70.83
298.037
293.638
452.303
193.927
161.157
30.115
1249.987
31.479
36.377
82.589
157.566
185.574
37.075
26.582
217.209
719.42
364.77
84.473
386.237
217.741
87.46
478.657
99.728
45.726
1607.258
47.621
140.428
22.697
232.733
473.56
28.054
23.507
105.764
81.352
214.833
107.914
37.543
217.404
23.016
53.498
432.489
81.499
69.884
91.879
58.58
104.725
54.684
81.919
543.562
441.861
274.051
51.874
353.158
714.552
134.615
25.987
485.284
422.517
30.414
87.736
618.25
118.47
850.852
235.768
46.747
69.056
109.66
54.15
324.04
78.02
138.099
84.776
90.406
47.102
21.635
21.795
103.942
197.754
44.133
537.959
579.049
23.744
470.925
48.02
799.107
19.039
121.257
39.994
29.956
32.082
43.489
20.015
323.044
23.742
22.243
296.824
37.915
335.738
438.218
37.431
51.601
90.162
137.96
142.523
25.11
89.511
50.469
22.021
382.784
223.416
399.377
44.325
33.839
44.192
111.032
154.5
204.291
146.493
105.444
56.659
28.927
258.935
35.249
106.52
95.367
859.785
19.603
205.983
154.717
346.416
243.33
190.341
51.804
1133.379
184.321
190.123
90.274
1149.142
190.239
50.23
55.621
22.935
28.564
50.891
257.911
244.168
19.909
75.232
18.73
63.054
35.389
26.037
34.415
51.868
59.928
52.53
592.453
63.115
75.005
20.327
68.229
30
410.31
278.65
162.545
21.275
219.209
110.454
511.605
139.568
29.703
26.937
572.432
172.487
148.576
22.697
39.762
343.907
314.945
149.422
41.58
103.768
27.017
320.251
178.242
225.877
92.26
103.38
312.339
39.921
61.447
34.466
22.903
449.458
34.88
55.863
328.35
907.282
109.321
67.346
463.968
24.623
99.832
50.373
241.846
167.745
221.549
26.087
43.166
47.997
164.954
64.245
161.23
394.419
483.138
32.253
20.788
486.843
44.252
29.641
143.609
21.781
394.328
104.128
19.427
66.122
23.723
27.046
312.826
130.945
211.105
31.867
88.401
37.322
293.54
350.011
24.627
146.1
66.878
31.482
647.176
93.707
101.811
773.795
53.108
197.535
549.57
27.684
128.522
29.885
153.266
35.767
102.189
86.444
387.849
107.731
183.438
31.532
35.385
131.839
74.378
75.188
315.113
100.676
123.409
53.555
36.847
37.301
77.977
315.867
859.677
105.784
465.482
344.264
47.724
332.861
814.838
41.987
293.067
38.804
39.385
48.729
21.894
39.432
24.321
31.117
74.549
328.564
25.957
82.978
95.709
441.606
303.305
316.865
19.984
30.579
40.891
31.673
47.702
324.684
89.043
107.366
239.238
180.12
19.382
55.545
239.25
483.547
42.141
925.706
305.322
127.819
276.973
129.928
27.795
39.758
252.85
36.283
103.738
223.584
593.713
25.971
117.903
31.446
98.785
198.71
242.489
17.93
86.131
193.599
787.583
36.956
41.039
19.505
304.918
340.129
187.155
58.681
51.123
22.538
1084.568
1196.483
159.102
28.391
823.41
106.192
1004.481
93.068
289.219
302.306
34.57
39.853
67.081
85.523
57.574
1462.042
369.034
19.971
216.813
641.481
44.214
133.486
446.77
128.474
313.917
23.394
92.34
29.293
127.001
44.473
97.892
486.933
29.386
41.643
89.353
38.848
243.917
120.344
47.484
21.228
210.173
54.35
83.96
56.077
32.46
92.212
22.892
56.559
404.331
22.907
90.718
41.659
68.791
177.202
89.428
458.943
21.631
53.302
571.395
60.418
241.378
631.065
27.473
226.505
66.846
152.18
65.555
397.746
113.657
35.387
594.721
180.498
44.787
23.901
585.376
233.207
84.089
458.819
133.199
450.088
248.848
39.254
73.856
446.173
28.53
126.123
1226.291
174.476
32.541
148.713
40.852
87.281
188.251
26.052
64.454
307.097
29.468
382.144
32.401
22.043
20.916
29.145
697.264
149.544
99.326
116.814
268.99
26.917
17.361
113.394
971.26
56.578
38.979
284.035
51.983
467.695
25.631
206.97
35.196
222.969
50.462
1416.2
35.249
78.384
27.961
41.405
38.856
345.639
33.391
138.115
21.838
84.86
21.358
242.192
46.928
74.565
29.478
120.958
83.404
310.265
258.516
540.434
93.153
86.694
287.426
498.345
107.011
20.437
577.44
701.227
26.304
50.079
703.092
308.685
164.551
66.993
45.402
36.044
19.273
50.58
58.961
30.745
25.264
66.726
769.295
94.23
35.058
63.39
207.047
35.582
219.318
86.142
146.446
21.824
523.736
168.841
55.944
165.616
55.02
21.225
271.418
354.546
47.885
368.531
97.373
175.508
58.963
133.28
58.124
159.793
20.867
153.157
477.632
79.449
273.152
25.258
286.976
50.219
35.52
96.773
614.407
37.276
129.767
36.333
239.271
113.895
339.816
227.034
47.022
120.645
413.549
221.147
48.662
71.161
63.825
368.555
262.63
115.775
32.793
72.477
21.914
30.893
94.088
496.522
40.055
673.502
35.1
77.226
70.455
506.174
59.28
77.014
147.404
51.163
438.126
266.729
458.299
24.937
22.534
93.247
782.274
22.84
145.777
78.602
431.915
193.326
60.622
81.614
31.568
1182.832
182.34
344.924
66.249
20.268
220.758
24.347
498.056
24.531
19.195
19.551
125.067
27.178
1019.358
239.871
46.264
29.709
26.189
107.935
19.768
150.623
381.852
58.659
391.678
275.769
21.332
21.042
239.348
143.92
171.246
182.229
503.426
74.977
337.247
265.858
346.304
213.881
105.565
218.456
22.59
248.443
1330.837
251.82
35.864
28.593
256.979
26.968
37.559
40.68
30.433
72.157
299.009
37.886
37.716
120.871
386.34
23.656
310.655
29.007
107.05
475.093
405.295
215.66
91.458
145.379
21.561
138.908
1108.557
34.387
35.149
313.584
228.191
401.116
165.29
169.334
852.124
331.46
59.27
48.049
570.787
82.15
35.399
203.992
203.705
267.746
616.474
164.057
317.261
63.962
28.031
30.757
40.922
277.137
19.622
108.363
279.811
93.795
542.13
34.598
33.9
27.718
75.914
52.718
140.301
404.825
190.278
61.073
126.675
147.291
207.488
188.843
683.98
134.039
79.842
447.877
60.692
147.359
424.668
351.96
19.386
45.952
96.05
703.674
27.455
339.841
20.88
20.575
746.419
559.833
121.861
47.156
458.283
92.359
33.371
40.182
28.381
20.051
178.246
23.154
240.319
36.583
427.304
36.364
27.377
22.114
42.557
143.183
303.041
23.515
350.876
187.082
65.343
92.785
475.184
35.506
22.752
58.649
71.453
910.391
54.618
49.126
1068.246
33.178
436.008
76.293
143.06
25.364
585.163
137.091
98.649
68.909
95.887
89.816
32.599
494.312
801.844
38.65
286.545
29.05
180.358
25.84
84.002
79.418
32.549
46.437
204.139
26.33
124.563
31.926
203.748
127.361
572.703
237.591
25.175
25.762
23.152
58.081
200.886
19.471
38.193
64.566
159.647
66.916
101.062
340.391
20.685
388.216
25.183
748.712
640.203
109.43
248.837
59.036
210.424
96.342
20.187
77.283
105.499
51.197
28.346
134.128
48.71
199.601
227.698
121.058
229.099
24.719
845.675
31.373
619.6
40.884
218.109
173.356
89.72
79.81
735.703
158.7
437.483
226.782
157.507
111.946
596.929
290.462
112.224
25.921
228.432
332.295
552.355
27.554
39.9
131.821
27.363
21.432
198.989
37.725
25.057
202.526
206.26
78.925
34.311
1109.386
32.2
49.956
109.631
1648.842
18.92
92.147
147.294
74.627
245.99
30.416
95.512
80.646
21.804
21.249
139.97
214.663
69.787
255.727
97.302
23.47
88.152
221.379
337.582
64.505
74.434
21.771
185.69
25.94
60.347
147.47
186.655
29.151
224.435
24.893
1095.706
257.633
54.744
621.031
18.655
44.821
35.503
64.934
596.269
77.186
25.705
78.584
375.145
21.888
96.373
27.009
167.521
324.155
147.115
49.007
53.713
371.203
30.762
130.637
147.496
259.195
85.461
33.336
60.909
265.233
19.333
1318.621
41.074
53.766
27.292
215.992
70.151
100.97
78.794
328.125
117.922
42.295
63.47
189.482
23.246
174.196
247.739
26.126
216.926
49.37
31.511
213.807
41.556
49.808
108.426
275.477
163.659
36.952
177.472
46.463
275.48
385.302
79.935
280.251
112.756
82.775
23.11
178.251
46.332
41.718
84.379
196.058
262.178
40.043
44.697
94.069
104.429
31.623
34.216
120.025
236.071
1571.44
34.331
34.672
560.016
392.355
745.632
62.271
50.617
41.117
62.345
187.401
360.131
21.427
107.805
187.463
32.606
50.034
49.544
235.462
737.475
29.113
944.029
67.965
38.479
31.114
132.461
30.925
70.871
120.818
77.361
326.758
882.572
267.921
56.533
26.2
52.897
21.803
49.886
72.28
59.959
40.196
23.278
36.881
224.383
19.901
50.647
49.822
141.788
58.99
36.905
20.643
27.211
60.208
19.52
270.303
72.702
26.468
19.995
25.015
1189.575
453.287
29.781
99.931
126.101
247.957
480.402
28.925
23.343
20.287
126.788
68.445
45.049
614.815
104.835
29.404
180.692
35.746
148.27
47.529
222.318
46.732
114.872
22.223
20.114
32.289
160.878
162.205
86.244
75.382
99.182
22.576
129.31
655.854
51.272
82.996
56.309
27.383
116.807
124.132
32.561
23.653
154.002
200.332
234.773
261.817
338.658
184.735
63.312
567.693
34.885
24.931
454.69
51.832
31.443
768.586
38.188
61.512
317.415
39.078
519.855
542.776
56.138
74.715
280.617
92.219
26.434
132.873
609.711
64.029
146.807
37.932
65.014
19.334
43.369
38.494
149.423
80.459
55.705
91.704
278.474
36.903
144.937
140.889
173.45
46.159
744.529
94.831
117.948
97.134
20.475
43.242
125.78
20.124
47.423
20.338
358.819
54.971
28.529
21.94
103.53
19.671
92.097
1052.653
46.892
373.467
1085.532
17.761
254.161
35.381
108.035
40.33
47.713
933.217
216.451
148.655
74.764
131.298
81.314
31.987
88.81
776.768
205.604
414.033
52.738
165.142
336.662
24.081
23.168
51.408
154.838
514.749
27.878
20.742
19.259
21.003
33.959
92.429
104.904
45.619
80.034
499.594
88.179
688.025
210.023
547.433
175.736
575.118
17.003
51.237
27
75.524
175.106
50.562
117.498
277.633
276.419
92.86
33.966
412.383
308.038
73.967
232.704
89.815
31.339
181.303
26.192
93.967
49.497
35.581
593.593
911.403
371.062
87.289
58.445
32.551
143.679
114.733
41.046
58.925
59.192
380.295
23.754
37.708
146.211
365.096
73.794
485.078
207.38
27.823
155.599
27.931
496.526
202.031
1511.919
106.192
84.275
492.765
39.765
26.82
50.571
226.576
19.651
46.392
37.373
149.18
268.169
167.546
32.908
468.086
119.132
37.82
163.792
18.409
215.907
785.915
22.807
183.729
33.218
813.493
215.531
73.851
30.219
140.474
187.645
144.365
525.462
86.283
73.185
361.62
139.445
173.401
40.401
99.286
1670.473
23.851
23.424
337.656
77.09
52.201
110.517
31.008
21.919
33.021
108.508
438.105
18.553
76.544
173.486
292.84
53.206
319.851
36.252
39.148
65.353
34.514
50.045
25.833
109.661
252.127
55.221
34.011
38.012
47.534
93.596
30.36
30.308
299.672
403.593
293.49
31.321
312.012
20.806
90.89
78.628
29.194
63.505
324.609
18.724
32.324
47.234
77.592
26.113
729.538
181.168
77.031
245.908
37.096
68.764
30.832
99.139
314.919
72.036
29.687
80.668
904.257
265.01
139.72
162.362
405.466
39.296
25.058
21.378
97.058
26.469
141.487
955.158
21.358
88.115
68.392
232.823
332.743
1314.986
781.257
213.154
198.852
100.169
392.947
658.766
111.618
229.913
788.893
22.589
57.828
106.504
33.636
23.234
60.089
60.991
20.725
30.777
96.16
22.87
20.599
62.755
37.384
68.791
35.075
301.385
140.264
21.029
36.95
96.789
172.519
90.622
67.746
23.45
133.43
1013.544
393.348
85.471
99.635
232.496
626.761
310.01
203.017
174.823
86.902
27.632
386.57
24.823
884.396
20.018
99.346
42.73
1207.363
279.913
32.157
203.279
65.76
59.688
168.616
94.439
68.666
37.922
27.839
321.348
67.4
224.495
25.886
184.445
60.251
606.461
548.412
295.288
114.364
395.45
272.779
144.879
59.645
81.064
118.018
334.64
420.664
66.649
63.052
480.75
322.978
44.784
474.294
25.126
451.136
34.997
25.441
232.913
215.827
111.128
602.27
26.059
486.354
56.77
56.522
39.717
130.005
113.123
475.924
109.126
176.097
123.968
223.621
178.21
107.379
548.145
18.441
101.534
19.126
89.562
41.717
192.482
78.022
29.348
102.268
60.418
97.631
22.601
34.704
502.523
111.484
48.589
79.278
339.199
151.52
41.735
144.549
46.407
85.409
1242.475
138.882
56.312
590.308
311.688
81.655
99.869
421.894
33.995
143.541
148.207
355.761
444.64
26.589
505.516
70.932
113.017
159.123
113.268
117.79
38.04
41.716
32.857
83.871
113.746
1724.91
170.033
68.364
536.394
142.006
55.974
27.281
49.988
637.681
44.047
111.169
25.684
34.866
157.967
20.368
159.883
51.216
262.011
319.651
827.346
102.602
27.815
25.631
94.14
73.806
117.72
385.667
23.665
42.782
72.705
70.904
96.154
303.467
95.829
256.542
53.62
270.886
22.189
179.589
49.348
28.46
44.218
92.875
127.001
254.389
238.272
68.881
55.495
397.135
24.227
56.898
29.46
53.095
787.021
263.202
34.287
119.518
670.832
232.962
25.713
19.022
60.632
32.374
28.42
134.689
50.913
186.411
699.717
883.223
22.89
49.131
25.546
72.763
105.797
341.231
88.595
236.698
55.686
41.718
64.125
133.925
58.706
866.974
624.448
89.962
97.396
47.526
48.525
39.491
544.586
734.277
404.99
112.311
262.351
470.425
68.466
27.355
125.347
84.211
86.86
20.23
440.019
273.84
22.665
123.752
668.177
122.811
28.017
19.13
75.078
51.064
172.775
54.977
564.609
965.657
19.547
57.823
237.418
77.845
48.323
54.47
596.227
23.791
26.346
55.338
53.333
98.232
441.238
24.544
43.266
28.289
128.026
78.222
198.314
300.339
222.597
49.996
82.336
99.288
121.834
211.904
316.542
1203.12
57.906
31.412
151.429
213.205
53.35
20.107
44.24
36.915
388.863
44.218
99.078
98.311
347.258
267.963
160.206
38.952
213.954
106.106
28.351
162.816
21.795
421.388
21.505
264.61
291.419
353.477
80.263
32.119
87.441
22.899
113.944
46.451
141.477
41.367
39.24
55.373
227.399
426.705
131.743
136.672
459.71
68.044
48.98
189.316
966.433
268.965
797.617
202.807
528.606
167.162
47.855
470.058
108.044
196.888
28.12
40.123
114.471
292.995
145.762
45.224
33.604
73.676
34.683
84.916
305.132
95.597
23.875
1215.812
293.83
25.11
19.77
19.922
27.052
22.106
92.449
611.58
90.345
33.453
153.845
42.562
19.052
17.996
57.434
475.944
22.667
142.222
58.568
130.002
23.47
1216.202
26.931
22.036
164.904
270.506
996.261
47.209
43.65
19.29
38.446
82.575
340.015
198.13
64.847
103.697
43.171
891.605
496.573
21.742
168.682
55.6
70.174
607.227
63.127
280.276
31.385
127.791
88.356
27.04
772.009
53.74
48.653
91.727
545.057
544.908
30.345
24.348
30.253
686.177
77.345
170.469
135.151
28.709
62.66
297.389
88.087
33.373
532.476
91.34
95.061
252.331
177.122
78.738
126.88
224.082
483.547
35.37
655.618
443.624
437.311
24.549
122.635
118.829
86.37
113.853
365.095
251.761
48.396
28.953
24.184
25.272
62.055
39.389
35.265
26.923
30.768
26.525
27.323
50.936
232.413
29.726
195.406
30.221
84.314
19.992
83.947
267.151
318.529
79.195
17.961
17.933
528.722
61.476
240.188
189.68
28.911
90.374
95.293
29.264
27.002
72.751
22.732
570.445
57.669
143.581
274.298
27.473
300.518
36.797
565.876
761.385
38.02
484.214
20.853
78.259
536.534
60.788
39.039
95.852
55.136
26.843
22.608
159.278
1849.309
467.409
21.189
21.646
131.204
192.217
27.045
827.971
145.378
64.376
199.691
261.493
74.785
29.514
1136.807
70.341
122.822
18.835
22.875
186.027
46.862
24.296
514.653
22.299
73.621
91.936
181.874
424.541
34.273
539.471
100.236
121.964
107.433
158.601
48.212
95.65
66.673
21.843
22.941
62.74
251.134
260.801
30.321
33.394
134.265
77.741
244.888
58.614
39.859
529.009
150.622
19.819
111.568
85.538
66.671
56.823
179.19
21.497
152.042
650.062
649.358
19.013
29.115
28.987
645.985
206.334
189.994
30.14
154.886
78.38
50.367
340.969
23.862
116.454
84.573
20.577
32.776
539.965
421.853
174.534
188.53
68.696
119.164
41.505
62.878
29.816
84.832
143.087
23.439
546.652
31.56
648.731
46.119
66.552
550.507
21.356
29.567
136.496
114.265
621.307
874.929
352.376
342.644
61.336
38.091
45.253
21.237
22.414
156.116
183.866
88.465
262.877
26.199
164.748
188.348
179.296
26.261
58.859
35.934
129.841
49.987
44.54
47.72
146.034
117.13
43.469
198.72
190.595
99.684
222.156
26.234
44.317
25.858
96.345
20.246
473.407
557.193
176.295
43.994
667.913
20.501
164.836
207.793
29.789
98.538
30.326
277.652
28.19
26.926
85.123
430.106
28.339
19.524
102.341
117.049
278.887
190.611
22.713
93.44
464.981
21.864
118.357
33.041
134.032
20.621
235.729
294.139
32.374
55.574
107.742
616.292
53.457
86.914
92.863
52.275
1055.31
38.899
31.199
40.613
719.239
32.856
18.395
66.586
651.384
23.367
328.203
54.488
98.654
56.531
32.011
490.557
228.301
22.606
220.95
27.038
61.642
32.898
457.293
84.596
43.305
676.335
352.362
300.482
25.282
62.503
297.584
194.683
19.829
145.919
889.159
112.318
216.828
456.135
122.638
60.998
150.892
114.165
186.759
110.671
60.512
26.726
81.693
21.744
165.059
274.798
285.808
691.625
23.151
1794.609
24.037
544.902
17.729
30.82
132.371
73.309
23.52
306.2
21.569
37.409
665.103
29.322
67.504
829.703
78.744
324.192
43.614
28.594
1162.802
25.655
25.577
44.529
55.102
72.137
179.709
53.554
39.608
19.647
33.163
374.5
169.067
43.163
27.886
204.863
27.97
193.511
37.403
17.443
30.579
37.801
18.873
41.24
70.649
322.991
17.695
26.886
25.287
35.952
567.279
40.401
20.269
112.137
144.562
58.263
463.757
147.607
630.398
21.165
168.13
32.155
60.879
1247.139
192.833
394.381
439.582
139.729
98.906
31.842
25.696
876.883
230.607
599.295
22.466
74.974
128.108
38.406
118.828
26.345
129.807
88.154
26.225
386.669
145.469
30.867
27.402
63.672
275.241
42.688
251.259
104.111
41.711
21.964
30.025
61.428
172.46
75.716
154.174
70.26
1267.259
619.084
71.033
33.983
29.745
230.91
118.106
245.36
26.537
146.365
723.769
66.838
65.132
299.98
21.287
245.716
35.209
159.665
288.813
893.374
56.955
22.232
28.088
121.531
330.078
30.503
407.197
345.348
19.903
42.443
71.976
57.552
26.217
166.998
303.542
87.434
96.659
40.007
305.57
464.968
229.495
25.454
196.942
26.313
230.974
21.452
100.128
446.62
1020.518
18.682
64.856
73.139
185.211
124.15
138.977
26.275
62.335
265.337
154.714
714.312
23.059
70.589
409.902
32.666
56.497
123.578
78.927
175.464
763.433
31.553
27.268
244.894
778.932
522.703
42.402
129.953
812.698
26.042
56.836
584.17
60.054
228.773
409.961
22.117
1143.336
87.47
490.779
54.961
515.89
895.559
24.067
17.857
117.701
25.025
261.65
339.627
44.753
33.42
476.451
22.069
37.502
103.841
24.784
20.317
401.598
320.931
408.548
207.712
383.732
34.675
53.137
21.504
52.136
20.148
191.329
57.055
157.651
42.729
19.754
390.883
77.404
1105.337
75.149
300.282
18.101
249.734
34.09
20.606
229.682
69.187
28.663
233.758
250.152
323.176
93.272
20.173
26.378
36.237
25.052
122.563
413.185
41.261
76.57
314.408
156.291
162.977
58.092
332.85
65.012
388.729
31.293
94.527
105.238
291.943
30.862
42.351
26.013
20.398
244.549
644.54
51.564
52.425
160.474
877.378
50.137
329.457
37.677
53.821
811.563
68.355
47.217
57.397
32.782
473.632
56.536
50.399
30.467
1460.064
145.186
609.517
79.603
95.994
191.52
787.834
61.975
21.823
17.744
86.825
272.265
25.404
128.282
43.681
47.911
393.594
37.712
60.05
337.795
86.526
50.238
265.938
123.301
34.542
227.113
57.672
53.006
132.659
28.683
181.187
38.216
139.657
169.671
24.088
20.081
60.464
20.317
46.345
101.026
136.179
32.114
666.581
212.82
131.277
21.717
47.98
307.615
102.092
108.109
20.253
33.768
28.404
49.316
111.932
186.238
30.656
80.71
270.505
491.644
38.269
1121.713
480.086
321.186
697.368
213.56
86.713
32.715
48.593
45.039
27.165
340.994
28.448
163.849
17.666
851.818
17.648
87.291
20.894
1225.696
218.91
45.629
199.341
23.533
232.788
321.306
598.132
52.065
27.258
114.585
43.627
80.11
24.711
304.953
56.563
324.276
300.72
181.236
105.352
32.895
385.98
61.76
189.772
51.971
95.449
252.638
57.279
275.697
25.067
103.506
46.429
57.123
96.878
64.483
35.595
67.942
114.549
78.039
21.452
64.22
37.22
88.678
22.686
27.507
21.572
33.412
36.63
616.8
87.168
126.373
612.504
21.193
229.305
271.261
64.173
22.178
254.853
27.521
195.84
180.551
38.817
52.108
91.426
177.953
49.341
531.508
54.414
281.354
83.077
1062.248
84.937
58.498
619.154
377.557
188.153
19.701
86.586
66.756
30.958
46.615
119.173
452.548
321.455
35.335
1533.731
361.093
43.55
32.028
27.07
41
21.025
45.206
116.205
57.6
29.885
478.01
100.119
49.277
40.211
29.06
289.434
23.216
1399.385
459.337
67.557
56.645
29.451
125.014
35.165
200.086
47.143
153.546
364.525
44.989
47.434
78.245
203.099
347.852
952.671
358.534
41.742
201.32
194.961
24.107
84.694
31.864
276.752
282.022
571.111
82.918
309.4
85.797
29.213
122.372
230.963
25.047
151.287
793.825
469.227
79.192
577.401
465.957
51.785
66.811
25.005
121.318
56.132
23.469
172.564
83.029
359.766
258.036
30.732
89.067
275.563
330.932
74.186
301.106
792.66
345.408
59.405
88.674
512.865
68.37
160.806
425.826
22.629
46.41
444.687
91.549
26.196
33.516
97.951
27.134
62.826
92.861
435.303
39.013
51.328
269.183
541.592
21.982
282.648
21.537
95.519
29.514
225.613
59.402
20.775
44.63
54.532
27.571
424.681
21.582
301.096
69.427
73.281
100.248
119.487
442.257
711.654
42.067
512.874
55.766
25.751
607.908
126.553
21.644
656.431
77.509
115.318
72.044
261.21
209.043
37.318
62.143
122.654
50.331
791.649
45.376
120.545
35.284
62.718
110.824
25.069
105.861
20.627
20.159
140.934
34.442
55.121
103.086
43.469
19.45
31.003
21.308
181.131
63.763
20.734
244.882
446.524
33.816
39.973
232.807
19.886
129.845
35.26
68.553
26.56
354.33
267.151
157.238
99.244
66.487
47.726
363.853
48.411
46.494
121.344
26.773
45.132
197.134
126.807
41.111
25.491
20.995
51.274
28.403
25.583
18.279
316.588
26.024
664.329
656.045
204.294
26.077
53.744
239.91
30.448
229.852
22.722
53.966
26.42
35.297
115.188
62.725
38.952
1004.019
403.122
71.441
59.256
51.145
31.609
259.582
376.024
328.719
238.288
47.498
67.059
314.822
53.054
26.886
228.493
37.228
71.566
66.815
250.334
162.557
50.026
99.423
21.705
267.236
52.741
251.417
50.084
38.942
97.726
379.248
24.244
825.371
504.774
1025.315
24.883
373.129
30.658
305.664
1464.537
24.153
134.742
757.909
122.926
127.761
725.168
569.964
530.012
534.125
71.741
308.371
279.278
48.917
1378.608
64.765
44.978
33.191
101.308
26.774
61.423
41.227
34.196
34.774
98.692
159.227
1369.107
33.023
203.371
140.429
743.644
322.426
31.531
160.817
18.432
100.383
306.622
248.263
72.731
22.534
53.779
222.547
20.802
75.939
20.593
46.225
1562.564
1018.48
34.041
68.46
160.889
41.325
212.595
244.206
87.825
198.531
38.374
415.911
230.689
23.677
216.031
46.056
39.986
32.045
282.494
192.37
120.617
1668.253
145.539
83.22
34.509
20.722
199.354
37.645
185.737
367.995
208.659
289.404
97.312
91.966
201.298
29.803
87.663
91.238
22.075
46.36
21.562
156.596
25.615
37.52
78.243
26.149
26.33
30.121
72.611
287.444
20.406
430.348
144.769
25.423
78.47
85.668
152.214
1468.592
31.831
24.684
710.164
355.015
23.898
25.941
39.813
98.846
91.997
278.001
22.164
112.672
290.475
80.881
243.434
31.277
140.142
306.885
539.105
136.501
199.065
30.417
22.84
23.871
79.674
109.863
22.967
155.753
34.475
45.966
49.936
525.236
61.15
39.749
397.171
34.633
92.414
54.114
35.601
92.616
86.058
389.475
86.843
91.724
722.917
205.156
328.614
165.371
46.234
21.005
37.987
44.405
23.559
132.326
71.951
366.245
33.088
232.728
23.8
28.255
74.992
36.616
214.222
39.332
22.066
189.005
407.046
25.968
89.711
122.66
252.792
112.978
299.018
55.204
24.555
25.132
565.901
80.744
170.291
52.666
1392.078
138.565
373.977
215.381
918.458
108.611
59.516
492.537
20.121
26.498
997.371
214.315
112.128
151.259
929.869
50.425
68.554
651.62
131.85
39.166
18.53
336.711
24.111
32.25
425.688
100.179
137.522
109.742
109.75
320.063
25.105
475.854
18.824
512.317
21.849
768.443
84.138
235.615
91.412
21.086
37.758
457.464
133.335
54.673
308.869
72.659
112.515
45.889
152.224
43.991
1237.735
631.661
61.249
387.523
42.615
60.394
200.508
28.647
95.439
299.565
42.875
335.911
25.447
176.324
267.133
23.277
71.498
597.897
1352.273
222.475
72.157
32.648
334.265
63.486
111.073
26.5
116.451
86.818
22.751
30.228
427.928
69.709
28.562
122.667
49.384
223.33
29.8
317.562
59.884
997.747
413.968
53.136
559.886
63.988
23.509
22.186
21.129
1153.515
36.275
20.989
21.213
23.421
163.542
18.606
99.77
20.985
427.653
78.158
30.301
195.65
48.084
179.911
203.228
86.835
83.154
32.391
251.864
25.77
1392.67
304.382
211.017
988.666
24.507
48.558
94.642
92.209
60.919
623.808
235.369
220.172
47.95
273.394
1261.203
152.37
28.353
333.616
152.3
227.471
38.155
46.571
32.18
39.867
528.181
301.412
120.711
96.112
64.653
23.364
67.375
37.623
26.701
25.457
49.864
412.213
29.234
98.559
36.493
80.428
204.144
76.764
706.355
38.758
327.911
28.52
75.268
19.871
278.324
135.303
38.763
169.342
47.331
221.848
35.467
75.926
20.416
58.055
156.62
30.684
40.803
28.596
31.196
22.466
788.248
951.116
236.976
497.879
26.663
394.65
27.644
207.956
52.132
25.781
605.528
24.552
75.153
374.95
110.667
56.724
40.222
49.738
333.505
78.894
407.895
150.422
294.73
24.358
55.669
217.115
21.259
95.678
255.343
56.275
49.518
29.321
47.795
31.863
118
37.818
20.501
47.562
150.536
108.145
22.398
262.463
334.316
22.609
119.316
62.471
23.332
202.43
50.542
18.697
38.143
794.738
24.885
19.166
156.573
46.728
214.863
530.589
329.172
92.555
130.279
26.885
35.503
392.692
286.54
41.79
55.293
45.806
28.038
401.827
184.125
311.101
187.417
95.326
110.473
22.048
150.536
68.52
203.644
79.016
320.374
24.143
515.36
72.989
403.118
31.422
245.351
54.67
19.537
114.868
81.412
39.286
339.629
595.028
94.41
19.111
277.825
129.444
51.53
106.989
102.671
24.042
962.092
31.87
46.434
40.744
136.271
55.202
119.326
596.047
130.953
216.458
101.961
411.905
226.289
1549.012
25.118
153.391
20.233
397.32
322.658
92.679
196.741
132.615
151.009
61.468
38.535
43.601
76.621
61.942
145.778
30.418
185.326
36.975
46.676
224.53
1445.617
102.379
319.981
80.793
22.804
312.318
45.315
24.383
181.049
28.35
116.016
101.013
42.029
61.447
42.241
24.974
478.734
27.309
568.445
46.552
226.376
305.235
109.525
121.997
27.94
81.125
25.843
136.343
44.34
100.27
41.205
704.373
113.202
172.992
163.116
481.524
98.104
563.502
1626.981
176.641
42.118
84.451
139.98
128.228
22.251
188.586
78.162
118.691
23.279
33.71
40.635
270.534
73.677
105.066
103.358
23.809
69.215
1063.374
590.295
26.363
35.235
166.941
49.967
26.632
160.078
279.853
355.335
167.578
351.321
220.67
78.877
99.543
222.923
167.163
68.093
671.005
26.077
25.23
60.825
89.761
47.288
81.991
298.189
300.821
45.991
26.749
162.979
84.771
285.687
38.293
20.733
58.282
234.162
44.524
126.456
155.401
41.929
443.985
141.71
236.98
39.38
220.012
430.142
42.354
44.202
300.143
63.588
22.333
188.542
192.852
372.636
22.034
286.762
53.707
101.207
394.48
752.908
75.562
177.65
22.873
80.08
47.745
125.779
57.502
84.017
97.384
40.509
401.323
78.605
460.222
362.133
30.984
888.117
650.976
523.364
176.658
30.693
79.187
56.127
591.415
47.355
28.406
63.233
34.894
104.319
30.205
77.766
196.608
26.813
543.443
119.231
99.833
122.227
94.706
47.846
93.315
92.397
24.3
73.417
165.164
21.078
29.062
47.728
23.841
477.393
337.591
956.213
55.874
22.494
175.421
323.284
203.163
26.409
258.918
164.964
20.868
47.558
290.781
240.343
366.411
559.287
1825.95
53.474
36.563
28.61
39.026
206.972
71.786
158.557
38.38
142.701
60.689
75.075
68.651
28.216
31.914
436.235
34.723
77.907
61.355
50.299
409.867
84.477
233.416
24.369
489.884
51.211
23.496
752.102
69.863
128.417
56.195
129.813
52.603
36.2
554.002
567.907
255.992
79.298
26.852
453.75
222.136
58.245
41.431
184.408
46.596
64.333
39.017
59.859
65.231
44.849
265.074
70.693
391.913
46.65
37.667
251.652
96.084
58.831
33.217
24.051
118.287
280.62
90.574
269.759
23.685
29.148
508.226
56.289
245.791
63.013
41.351
24.541
45.76
36.286
625.655
54.959
592.867
82.885
150.947
71.986
89.834
35.744
46.988
252.588
285.236
41.376
74.142
33.52
56.185
60.342
229.575
18.835
65.782
40.603
667.767
40.936
63.065
30.639
295.689
344.735
1122.032
182.364
19.235
47.602
21.718
403.691
51.588
143.41
130.465
55.231
23.329
24.875
306.434
664.727
79.962
82.592
221.433
20.54
58.323
39.635
456.888
284.049
115.524
91.605
315.482
274.591
43.941
129.471
486.43
32.523
346.017
141.444
46.741
42.896
26.481
39.104
59.534
339.324
146.292
51.999
158.84
60.552
211.337
36.429
339.179
70.469
43.177
206.579
72.449
48.705
89.744
1189.903
225.587
514.227
46.441
261.699
20.579
417.575
1196.727
36.282
247.313
40.088
23.507
51.015
66.278
110.844
431.822
70.886
37.154
50.308
145.236
44.155
414.421
26.197
544.764
33
20.835
238.768
466.135
105.329
68.392
163.212
22.012
146.51
37.522
36.126
20.286
40.752
191.929
25.364
32.342
165.276
50.057
21.734
27.827
67.965
38.528
136.622
35.707
32.479
58.696
335.044
89.592
717.568
363.964
112.809
27.622
58.95
78.064
57.381
33.878
364.74
260.657
368.379
423.604
62.541
311.294
26.229
37.854
1192.662
152.548
28.573
124.4
413.338
99.437
81.67
51.262
350.063
196.681
577.323
158.475
203.559
285.568
1130.286
247.305
526.523
24.411
1103.45
19.376
87.687
64.128
35.311
40.409
153.319
31.624
51.993
173.492
823.796
168.324
48.411
42.456
51.125
127.995
39.864
30.313
99.734
173.579
454.348
33.509
19.858
112.928
353.945
212.64
35.448
283.33
67.293
51.377
34.408
642.287
87.586
87.477
61.277
485.635
24.711
100.417
1141.141
126.113
72.798
55.497
131.39
69.735
83.988
42.561
24.739
45.788
20.138
114.521
507.316
21.603
76.438
129.862
19.728
25.126
19.218
261.548
457.135
120.049
189.998
30.324
101.182
62.048
18.61
95.211
248.142
137.767
143.838
104.786
297.921
44.846
98.98
85.374
87.148
173.502
94.412
121.604
130.714
223.828
1179.815
115.569
93.035
186.045
26.599
366.665
301.354
110.273
116.318
451.692
131.455
25.101
125.959
28.779
267.733
120.469
19.728
406.964
144.662
39.716
22.284
25.654
23.941
92.315
152.208
74.123
155.474
104.994
214.264
48.815
21.85
26.312
447.126
199.59
28.109
64.847
98.424
347.065
40.986
163.367
71.361
18.843
488.22
449.745
20.612
273.038
43.177
248.575
21.351
609.682
354.057
22.438
268.698
933.256
246.487
426.802
50.007
54.022
45.675
396.711
235.702
22.271
135.303
64.731
189.573
33.199
25.044
27.65
152.794
35.163
151.679
44.108
202.834
77.943
128.09
153.187
229.266
77.938
40.833
375.815
113.187
426.813
28.317
43.021
235.788
155.624
21.11
414.023
49.235
36.075
50.94
307.345
54.211
100.296
21.853
43.235
34.609
671.902
157.466
639.228
39.548
29.169
31.424
168.635
20.953
209.479
176.115
47.986
27.852
300.794
303.419
146.95
191.691
70.176
40.298
23.674
51.183
48.242
52.183
41.148
168.505
83.368
35.794
85.735
24.416
38.579
418.811
80.2
164.171
76.52
205.02
50.771
440.904
228.711
129.185
865.314
379.064
31.617
606.72
146.354
428.963
22.551
576.062
1065.57
44.898
262.787
859.5
366.216
28.217
22.541
274.31
26.297
296.133
28.694
582.13
23.867
22.201
22.449
548.79
283.747
23.58
62.946
51.932
39.716
200.199
393.403
1232.624
83.614
22.257
513.752
166.82
28.535
79.489
100.248
32.229
104.921
43.743
47.677
24.22
80.748
156.825
271.197
330.604
98.676
39.626
85.626
21.96
503.071
47.785
327.4
35.377
207.661
23.109
54.571
102.697
158.197
23.009
354.639
40.041
67.599
67.983
30.452
1507.399
389.097
103.088
100.329
372.719
178.682
23.129
24.05
30.844
23.922
72.382
73.01
295.798
56.292
22.409
128.057
103.795
117.994
26.762
151.922
58.276
201.877
155.1
23.032
279.132
260.825
243.493
1063.014
20.199
246.759
279.486
28.236
206.791
45.257
93.749
172.323
568.054
183.859
23.503
143.51
412.141
1494.726
614.868
50.595
24.522
270.463
41.811
134.786
66.295
362.15
322.149
52.923
131.634
650.479
48.578
30.823
880.874
103.881
26.789
315.032
73.235
26.947
26.565
1079.134
421.73
837.433
83.008
532.078
32.876
34.415
214.999
26.894
144.834
26.987
82.384
22.263
40.857
105.879
153.397
36.98
31.043
470.65
145.027
74.394
254.918
701.829
31.396
63.446
207.947
90.623
32.553
519.986
47.762
69.99
144.319
28.36
49.561
287.745
22.109
49.981
20.286
40.129
38.154
46.976
30.447
24.49
40.597
620.835
418.367
184.759
54.269
28.396
78.048
183.179
33.243
217.282
121.998
121.571
95.865
67.544
21.187
114.095
657.727
1495.088
18.425
730.99
54.905
233.458
84.933
39.752
392.415
52.54
247.467
43.688
528.618
73.252
23.688
65.495
671.654
75.975
18.757
256.295
1347.249
148.81
41.916
134.319
228.465
210.621
96.129
140.082
844.053
52.754
22.798
65.051
30.024
39.446
264.468
64.758
57.621
506.551
41.904
29.47
27.074
39.923
71.791
446.79
35.635
27.718
60.316
28.653
55.082
24.275
134.873
237.914
51.985
419.724
199.72
659.668
789.072
36.009
142.889
66.094
24.999
192.385
193.051
19.093
77.384
208.579
346.85
193.385
127.603
27.108
59.305
271.299
101.361
22.873
91.755
25.193
202.042
281.536
177.605
37.109
292.977
296.158
171.883
22.957
215.544
31.524
58.994
242.24
448.347
1223.65
290.405
217.703
301.353
23.068
71.549
752.774
174.159
59.072
27.734
208.368
23.645
26.439
36.796
176.894
154.907
78.526
302.44
405.36
36.325
297.969
56.109
307.554
59.64
19.207
258.892
30.713
704.378
414.709
1011.22
56.061
116.498
25.883
20.941
22.819
1694.744
137.595
370.539
64.199
59.259
171.047
39.285
20.72
282.056
70.219
612.015
175.363
38.09
27.138
23.563
29.218
18.378
203.089
31.631
89.31
1015.084
28.409
37.731
32.178
50.688
375.866
25.089
26.278
31.948
37.53
156.495
34.823
207.902
66.372
478.274
213.711
35.714
230.718
159.605
240.403
66.334
441.324
236.136
78.67
116.06
90.409
63.694
430.303
101.683
31.49
229.266
747.961
251.93
373.003
31.911
52.309
65.767
23.09
66.985
167.577
28.62
174.751
83.342
25.702
28.056
192.89
351.672
94.668
41.827
40.817
194.613
252.993
267.37
42.892
47.531
29.243
512.175
138.189
37.439
242.601
102.598
65.818
329.972
52.881
201.895
90.96
91.635
50.995
222.093
129.544
209.08
24.652
19.578
599.021
320.28
28.406
24.29
40.355
75.087
21.638
188.408
84.857
192.419
69.724
201.933
169.657
156.759
169.114
358.298
618.292
105.248
32.684
45.974
27.438
138.271
21.525
74.77
49.901
369.521
47.272
32.652
37.811
136.12
105.329
938.739
36.67
92.618
32.041
220.07
27.644
108.382
34.455
122.814
235.981
29.171
40.632
98.641
37.319
773.851
67.538
67.17
197.032
68.54
1241.616
61.943
619.559
679.728
56.084
55.693
20.25
25.154
81.293
265.327
468.809
174.432
46.312
26.026
93.814
37.454
309.902
336.051
38.159
22.595
359.173
202.903
35.116
40.295
384.555
1177.401
18.934
267.584
514.908
484.74
451.699
38.227
435.866
181.806
71.755
108.465
36.039
36.075
35.915
521.18
442.125
420.836
35.681
24.884
24.013
204.801
133.79
249.324
185.14
19.008
299.59
33.242
117.698
1332.924
231.667
184.033
212.274
439.667
481.918
318.432
24.039
756.724
31.525
85.764
459.878
33.942
57.071
20.959
282.831
338.582
91.824
45.364
30.538
269.835
48.746
23.574
31.831
22.547
62.675
197.643
279.942
527.316
79.979
818.377
84.454
101.443
49.479
20.703
879.246
118.854
281.369
545.854
280.546
75.285
728.786
51.979
113.323
255.625
821.983
331.956
20.399
29.34
192.504
92.168
33.866
26.575
154.671
106.897
317.98
22.584
650.679
101.324
32.1
326.745
434.48
86.47
133.403
375.086
18.886
384.787
24.817
66.203
567.132
910.713
79.83
19.117
95.97
110.615
359.406
39.404
132.543
381.6
339.111
24.112
163.477
174.887
72.928
19.334
45.397
534.881
175.555
107.092
75.327
500.828
334.659
107.047
252.452
142.329
76.963
301.599
448.199
268.022
42.574
51.819
215.231
402.532
202.959
77.072
62.489
24.568
23.152
119.483
1203.028
132.147
83.771
142.011
24.246
54.062
190.356
23.795
23.083
51.684
107.265
195.057
119.403
26.742
539.873
108.711
21.125
21.489
227.255
47.518
56.027
76.227
145.413
119.84
24.482
153.992
22.425
29.398
131.045
55.147
19.39
421.618
30.585
136.194
139.264
86.449
51.875
21.809
86.708
66.707
866.103
630.397
31.474
295.811
384.523
32.626
322.39
34.01
53.815
17.466
26.933
179.53
49.458
152.925
25.076
242.777
29.401
419.909
583.828
67.161
115.044
571.149
59.839
105.543
166.634
124.002
179.255
125.679
688.764
18.163
118.712
789.882
169.065
22.467
61.017
203.803
28.51
183.333
81.914
395.791
322.519
341.355
36.775
36.339
23.141
151.926
108.362
68.729
31.117
30.45
35.405
700.612
25.399
427.262
17.919
137.027
780.343
269.306
21.406
74.58
494.51
31.476
72.526
327.831
528.011
164.205
331.009
21.762
82.713
271.162
75.248
129.064
36.632
423.024
40.769
357.367
274.771
174.991
633.923
32.308
984.718
32.583
45.72
461.858
50.197
222.812
372.757
42.463
277.67
32.053
19.12
244.115
138.05
30.23
120.455
109.435
34.579
608.232
678.337
101.603
20.205
89.498
128.866
94.111
35.416
148.098
149.725
385.671
22.05
45.005
112.984
86.993
37.029
80.03
46.932
324.971
276.255
147.545
817.893
19.089
35.329
98.668
228.29
81.963
375.375
1058.263
51.93
116.279
18.783
50.014
42.751
18.579
121.032
263.954
590.354
85.963
48.287
59.164
66.721
248.127
152.564
51.285
356.668
483.352
383.883
259.11
83.839
221.26
109.146
89.839
358.383
421.326
49.762
184.929
427.69
1016.887
28.406
42.887
440.09
57.166
86.203
25.912
129.784
80.112
49.467
48.848
209.987
130.133
116.576
111.467
141.852
20.634
164.016
195.67
20.096
110.648
595.237
56.073
120.407
53.004
400.565
95.916
130.087
505.456
23.827
274.417
776.383
197.047
598.631
25.867
532.603
43.744
279.23
68.855
24.344
298.221
1063.64
94.07
30.001
385.328
93.497
102.812
163.635
346.392
19.274
79.861
96.229
94.05
31.372
361.246
49.248
129.767
218.271
88.016
1653.581
75.205
246.308
575.932
43.174
566.446
29.791
30.941
25.609
53.35
33.984
722.024
23.626
141.691
66.804
20.318
105.831
26.095
28.762
40.313
195.435
25.417
384.236
163.356
637.039
39.199
81.089
223.639
33.759
38.253
262.537
122.47
865.401
493.691
369.034
128.731
289.596
211.809
85.871
767.668
26.539
27.393
27.147
148.45
27.857
158.931
356.814
609.449
566.303
28.645
82.737
23.964
198.25
25.371
147.083
162.561
213.347
134.123
314.571
19.601
21.195
50.569
332.255
106.49
252.06
21.831
156.555
27.54
62.539
33.187
149.305
29.64
258.927
50.202
285.552
364.769
18.489
99.489
98.28
138.912
20.227
468.239
24.996
50.603
349.758
968.171
67.687
59.645
440.048
75.881
143.929
1274.957
32.894
85.746
93.932
1237.528
86.175
198.81
189.663
252.602
103.652
34.933
50.459
30.113
28.894
373.36
21.408
23.421
142.961
345.477
70.975
986.805
31.826
104.366
114.527
171.102
87.485
188.518
28.171
84.631
286.771
40.087
193.174
34.76
322.357
89.059
144.199
77.23
58.932
80.775
21.432
218.611
42.024
25.66
72.254
32.794
37.691
20.741
331.199
179.749
47.971
529.128
972.701
211.606
152.693
75.94
203.65
595.034
376.879
434.429
318.125
140.103
27.694
235.566
456.535
224.732
86.729
25.84
1299.559
332.545
333.752
53.997
343.988
172.072
267.926
638.447
65.047
75.757
19.756
50.404
36.125
122.649
18.923
37.516
121.267
279.67
102.069
33.004
311.817
235.266
66.706
88.514
116.506
155.535
20.489
35.302
25.744
147.306
113.23
210.849
50.377
21.33
733.95
545.414
37.419
19.971
359.134
21.524
226.397
60.683
213.301
440.119
336.51
234.171
25.672
55.77
1160.138
135.814
41.3
224.302
644.48
23.34
196.035
219.059
56.718
64.314
121.389
1056.841
460.081
1545.497
181.262
94.533
249.43
274.152
28.255
94.962
123.391
34.29
25.382
277.189
221.412
22.731
29.067
31.772
26.59
89.873
51.6
362.924
245.232
23.943
649.841
60.327
171.58
38.244
24.628
46.563
90.267
295.123
262.617
54.654
92.732
63.054
38.308
119.2
40.452
37.028
310.602
431.229
138.562
47.659
189.546
30.216
21.734
507.502
31.432
34.869
25.586
22.282
122.7
22.414
163.352
47.725
200.056
33.744
38.428
103.203
130.08
488.976
80.958
27.789
60.646
258.925
389.588
53.68
65.697
25.063
530.978
90.508
106.533
21.054
330.827
66.743
34.115
25.143
211.309
25.455
22.463
73.95
19.806
87.346
432.342
36.351
253.822
78.273
46.098
111.198
291.229
37.011
463.948
121.909
166.5
24.128
32.852
18.983
606.249
36.315
192.313
86.191
515.47
27.854
471.577
68.613
28.343
22.172
248.763
47.944
159.362
82.703
87.704
24.042
208.15
62.803
25.341
78.61
88.888
69.985
336.161
55.066
292.715
209.987
88.25
224.863
56.197
21.247
40.079
64.212
47.367
23.114
23.27
183.575
44.141
24.51
123.763
20.584
1312.342
430.434
69.187
166.681
193.504
82.006
79.485
34.576
114.304
48.737
92.571
234.91
109.389
477.261
63.596
93.29
965.358
66.909
52.41
100.339
217.434
334.911
27.443
22.771
28.333
266.614
195.717
143.527
102.987
55.423
34.95
34.161
241.846
75.908
269.578
85.675
373.356
262.734
95.661
84.409
29.076
160.207
21.319
26.221
294.537
176.017
46.031
27.359
37.749
109.522
82.061
169.14
23.356
29.526
169.329
215.202
30.373
144.43
84.784
68.096
143.472
31.816
22.648
77.415
33.85
778.283
34.703
311.429
172.894
240.946
203.766
37.386
98.591
343.115
125.817
64.155
368.346
316.161
24.131
139.212
101.346
52.301
137.454
277.813
112.019
110.012
381.041
553.945
50.297
97.895
56.713
232.864
357.323
78.377
759.08
30.778
22.094
92.98
39.586
69.262
63.094
19.445
310.191
137.34
70.998
98.861
71.125
393.109
38.582
419.495
22.8
55.937
404.96
179.599
81.94
26.559
79.807
84.741
39.475
29.133
566.232
222.879
99.762
38.57
485.78
27.32
776.498
51.599
120.088
26.976
140.482
206.26
362.689
105.641
492.023
18.111
25.966
68.825
19.837
232.768
47.212
63.029
447.809
92.84
25.937
448.28
72.69
439.636
53.812
30.065
32.117
696.666
53.934
142.058
359.307
53.08
24.201
104.342
171.598
450.098
33.314
28.81
48.679
816.532
101.101
26.683
21.565
488.464
60.941
34.357
29.279
36.759
162.25
43.135
33.198
244.131
20.914
114.145
316.444
567.454
320.997
346.682
1217.54
568.448
697.457
106.868
155.626
236.642
31.927
254.413
116.377
305.177
107.359
282.941
112.672
294.467
45.572
32.846
20.996
43.834
26.449
571.916
37.616
770.661
105.092
83.285
54.61
371.3
89.151
282.774
344.908
455.166
203.884
32.228
63.357
441.739
85.906
27.489
255.375
24.961
55.676
112.631
295.19
21.02
35.875
457.999
443.365
72.211
42.937
373.928
26.468
22.48
49.498
96.444
21.545
49.029
81.039
170.845
83.9
66.904
315.044
149.516
35.446
21.025
549.812
509.377
476.351
49.717
497.633
80.926
160.44
584.508
537.232
132.585
186.133
25.35
466.69
52.07
62.26
110.579
150.279
41.125
19.707
690.286
102.499
599.222
145.924
276.412
36.281
49.869
1126.566
35.238
357.549
238.162
38.981
22.765
133.837
49.539
26.393
23.491
27.872
776.492
20.111
537.537
174.971
574.911
24.007
333.151
107.457
38.79
62.683
30.685
125.841
61.233
20.008
67.419
886.426
246.271
73.506
20.53
82.356
362.993
44.437
48.597
74.631
670.48
467.95
156.741
35.736
171.304
422.787
57.15
943.501
205.318
101.434
218.003
138.174
369.319
108.134
84.405
75.014
58.676
236.431
83.578
71.864
102.282
364.818
25.202
26.437
62.115
98.614
23.355
353.872
205.623
1119.086
62.754
123.419
50.321
51.554
37.362
22.832
373.854
84.288
21.927
176.948
236.8
380.78
76.316
29.18
440.212
23.664
41.442
112.802
21.339
183.029
176.984
41.305
331.713
38.961
146.5
27.144
420.537
142.586
236.017
233.869
1263.173
714.418
33.978
92.23
18.712
522.745
42.533
24.829
48.352
64.672
34.513
575.198
144.102
28.493
23.894
307.501
26.209
89.587
702.642
178.651
120.461
88.953
28.051
190.522
52.256
196.588
93.52
417.62
422.455
84.71
231.701
112.6
32.731
114.516
33.658
160.529
31.795
69.852
139.496
65.314
60.334
495.079
76.242
23.282
262.707
401.607
284.756
361.738
613.588
330.389
101.67
1291.122
32.913
112.369
386.519
21.868
144.74
124.802
69.02
118.273
26.129
42.556
33.561
54.923
203.182
359.092
349.346
177.741
422.068
243.745
135.245
156.482
32.506
32.113
114.968
188.14
391.585
72.727
32.316
26.672
96.942
34.882
165.323
310.433
86.527
83.581
41.715
45.542
35.113
27.884
66.603
28.209
115.563
1548.175
302.434
30.899
35.831
61.541
94.532
124.837
158.87
34.736
25.892
415.712
140.715
52.272
309.685
30.922
74.523
74.728
256.536
292.366
20.492
202.595
467.025
117.433
754.164
29.845
39.487
56.532
67.115
879.076
236.973
363.012
38.665
127.151
33.541
31.232
32.621
244.824
943.092
194.878
21.335
19.702
198.324
67.466
62.855
401.896
107.325
193.395
22.967
229.313
428.538
114.335
317.082
25.743
40.631
1144.209
19.795
144.325
288.53
55.932
34.107
143.166
117.849
33.034
199.813
167.965
453.311
262.915
17.146
159.409
234.035
83.81
53.164
150.685
44.619
65.379
685.383
21.624
196.811
107.738
66.557
53.389
271.322
213.149
94.166
25.368
198.294
21.57
85.319
78.285
72.828
21.288
434.574
156.055
34.9
47.948
106.917
18.797
257.569
263.922
505.378
24.928
477.131
317.511
32.042
384.768
416.22
52.407
40.559
140.388
128.675
46.332
146.049
160.7
165.306
138.166
64.064
782.131
423.857
32.107
194.028
33.626
126.393
371.992
23.316
138.321
205.106
24.519
20.183
320.132
81.027
37.947
191.105
36.953
149.913
464.712
345.459
342.813
145.902
884.403
225.088
287.606
316.138
343.758
163.197
440.996
354.149
40.569
121.704
75.462
18.708
330.941
186.034
81.249
99.707
20.867
35.357
47.361
19.501
24.271
29.782
46.557
20.365
36.94
32.682
21.694
231.059
199.608
52.248
27.646
78.225
71.832
40.259
711.94
59.218
47.919
186.265
22.625
259.266
39.367
81.744
66.278
38.531
27.046
847.152
22.788
70.102
28.442
18.211
24.61
605.669
102.49
184.848
76.923
127.37
309.371
27.326
230.695
175.954
21.24
92.021
61.278
75.518
812.109
20.665
339.915
74.232
93.936
228.326
72.995
20.294
48.162
40.651
26.79
213.749
72.82
268.843
84.03
41.971
47.872
29.163
107.756
41.224
165.961
131.256
37.867
115.909
28.161
19.292
104.895
18.414
168.599
79.545
375.819
686.88
124.975
97.318
21.685
522.798
18.008
1069.903
21.842
54.353
25.598
42.609
93.418
58.576
29.397
86.712
50.291
88.022
39.663
140.141
264.085
125.062
44.763
128.116
281.721
222.78
116.618
499.955
26.49
24.237
22.874
233.245
59.445
190.403
1144.552
154.66
586.274
309.913
143.023
904.623
17.662
24.773
543.987
575.188
356.937
24.695
310.468
40.401
70.006
442.339
313.904
30.079
86.867
913.662
318.608
424.712
231.334
26.79
66.589
19.628
74.751
134.589
57.474
76.163
75.79
1334.932
36.468
269.388
539.305
127.908
96.799
22.141
119.263
39.152
30.64
49.492
430.146
25.745
53.308
21.69
131.142
35.562
730.547
41.021
413.559
220.8
248.621
25.53
42.578
196.588
541.636
43.23
19.527
152.226
35.782
70.259
140.645
50.756
310.977
28.36
219.76
1254.14
26.412
23.708
25.489
167.856
351.4
86.71
126.352
735.3
36.069
51.27
25.867
435.95
194.611
38.71
56.099
34.985
40.353
355.401
21.161
45.817
51.903
33.127
93.207
24.957
107.076
315.516
41.426
50.176
82.826
633.965
19.169
571.046
133.045
37.722
134.472
24.41
162.481
213.331
43.647
22.136
26.719
210
18.959
39.285
262.32
495.978
25.394
308.174
132.94
35.577
339.21
32.192
945.406
20.794
45.323
33.541
253.292
207.401
31.364
87.012
328.34
52.049
260.744
59.372
617.21
32.441
176.491
163.651
36.089
253.151
792.812
582.933
230.336
202.616
24.058
85.564
99.044
285.91
54.399
75.281
127.514
156.286
22.237
62.547
78.948
115.107
176.687
33.98
96.383
25.616
271.651
63.569
21.81
244.64
344.428
49.633
41.506
36.828
35.669
471.224
114.531
311.292
127.444
143.214
2054.937
46.917
296.507
33.002
21.728
107.257
34.058
28.873
268.033
1234.732
26.582
180.109
149.491
55.119
175.764
19.258
202.171
237.625
32.674
134.218
26.388
112.942
811.837
38.785
24.803
34.617
120.148
859.276
174.455
301.818
117.827
27.179
74.519
28.502
66.983
41.21
23.491
46.04
59.795
152.198
409.654
456.902
51.427
75.328
229.964
22.338
389.146
45.949
282.55
42.013
157.24
31.303
31.741
35.334
118.492
167.988
108.994
40.809
192.709
195.832
21.274
37.721
108.042
25.245
23.201
52.764
24.813
31.026
50.44
873.409
27.831
51.197
1130.585
62.662
81.437
337.478
81.036
27.654
56.59
523.225
43.688
24.667
124.041
1300.97
18.463
48.997
445.656
34.899
98.023
31.713
428.096
28.506
251.292
19.213
55.99
105.892
520.907
299.423
297.367
142.885
26.518
26.65
104.54
62.545
183.934
47.375
487.115
174.48
397.649
68.239
169.058
61.236
273.686
18.082
19.693
50.257
201.339
584.519
90.636
98.546
96.4
581.962
69.736
63.43
657.675
111.533
103.57
47.205
36.618
20.282
138.282
138.409
21.553
233.195
106.767
24.173
156.977
40.787
63.066
353.528
145.168
307.258
265.669
25.321
156.491
1202.306
730.577
33.831
91.624
20.812
38.761
36.103
37.648
48.603
258.62
70.947
813.334
34.355
71.782
93.203
174.107
452.909
64.024
62.166
51.082
86.788
54.121
32.627
113.301
23.213
42.706
77.268
22.993
28.457
21.711
93.8
18.658
175.332
50.698
22.951
94.858
932.168
228.249
292.893
299.392
69.578
651.142
62.418
534.239
35.43
626.25
41.9
35.321
171.606
333.449
63.514
113.248
60.116
126.085
106.946
70.921
87.944
31.687
19.766
30.613
21.711
22.32
120.909
68.591
40.738
147.803
86.067
20.885
105.833
23.028
21.374
189.999
47.22
54.181
33.048
120.401
28.473
427.356
80.081
103.674
259.012
172.848
23.213
20.52
542.375
62.822
22.241
567.532
88.789
263.623
179.633
22.382
21.678
54.088
26.443
446.748
201.189
924.181
695.755
30.389
25.528
70.16
30.765
249.106
486.066
754.737
36.93
294.401
215.449
30.599
411.74
22.928
56.474
103.337
245.424
243.526
407.616
261.526
268.015
24.178
206.349
40.532
802.508
222.491
59.258
116.054
146.423
213.226
835.174
35.163
47.462
188.994
268.168
112.927
84.081
332.966
56.277
132.754
284.009
73.599
22.126
33.001
58.242
269.181
20.253
77.362
622.793
266.074
172.476
327.075
283.489
426.596
24.124
512.451
799.163
25.12
26.362
179.413
101.041
141.667
44.84
635.586
112.184
306.314
166.501
32.885
95.626
81.872
157.641
31.675
22.869
92.001
28.394
97.547
30.128
90.065
33.202
30.324
34.486
48.199
215.032
131.08
26.354
81.364
333.738
51.833
106.949
38.807
28.682
26.298
181.88
222.608
622.488
91.9
88.009
60.695
184.386
22.91
28.419
908.908
37.045
267.759
128.535
24.907
177.816
317.342
306.842
124.371
60.145
1149.824
66.134
25.973
150.34
53.447
26.807
126.647
49.363
1010.686
344.622
53.289
31.942
221.79
822.693
19.07
20.641
150.177
36.234
60.814
54.885
247.868
35.286
74.625
59.357
43.435
49.671
103.912
77.091
24.002
122.737
398.499
83.766
240.183
94.758
102.524
433.962
25.776
105.611
177.068
22.99
159.037
84.112
47.693
32.592
23.563
35.473
86.106
187.173
611.184
44.148
60.879
21.627
24.542
40.801
126.688
50.995
507.05
43.426
46.336
21.758
361.61
78.465
390.437
223.724
253.16
86.098
26.433
294.635
446.064
66.02
53.513
130.975
36.639
24.543
32.191
28.478
255.971
637.748
25.51
436.166
108.242
154.738
28.674
438.164
295.898
69.242
113.483
19.759
229.18
314.499
59.611
48.691
68.963
1112.411
62.023
68.411
42.535
19.413
25.285
182.246
69.74
757.728
19.172
125.368
122.726
908.094
25.435
262.658
64.935
36.773
62.675
162.104
20.626
62.213
37.28
81.927
44.499
31.891
55.603
108.67
18.336
47.458
417.778
358.496
28.049
48.811
115.702
79.87
167.473
395.588
1892.212
96.568
96.647
128.384
21.015
245.346
29.482
76.176
21.353
25.789
21.727
87.378
32.343
795.713
117.466
167.919
20.369
38.686
192.006
224.977
79.184
24.763
99.348
302.202
26.092
62.409
50.711
233.769
63.403
24.001
139.813
95.012
321.303
133.825
591.005
807.074
76.411
23.72
168.821
28.126
38.886
188.568
566.534
130.302
1431.161
316.647
19.659
117.487
45.971
26.211
192.742
864.186
666.948
678.471
20.641
59.361
469.602
249.53
54.491
94.488
134.657
77.603
36.376
24.248
403.702
52.413
340.355
358.652
483.667
22.227
23.593
273.05
47.438
118.44
440.783
135.883
103.377
50.399
42.459
25.384
471.227
293.935
473.115
120.903
159.91
20.055
145.231
139.756
118.154
194.744
173.494
20.66
67.674
22.48
272.571
223.754
44.696
98.856
82.691
48.545
453.897
70.018
56.949
29.595
436.681
178.493
637.776
70.257
52.244
60.361
125.225
44.894
27.704
21.035
57.851
207.738
139.616
19.767
184.41
210.154
46.841
23.796
43.362
36.751
180.087
740.916
973.486
408.435
52.382
83.128
32.403
436.557
655.53
656.056
698.592
21.826
97.301
24.811
432.802
41.154
325.286
242.895
783.458
23.781
60.709
181.058
327.316
43.703
59.358
20.172
133.518
292.653
349.842
206.105
637.815
22.51
118.147
47.676
59.717
68.244
73.895
84.961
82.326
229.274
148.194
288.054
531.203
304.171
95.143
449.954
43.782
122.904
89.548
63.116
112.254
130.208
86.335
734.305
154.084
804.376
39.458
629.107
19.603
36.11
35.784
113.245
75.425
35.879
101.013
576.638
201.102
298.763
35.967
111.05
460.857
442.066
32.006
22.058
151.973
61.667
40.169
34.251
29.067
43.276
226.066
19.647
462.717
182.396
21.282
308.353
38.688
36.125
71.213
359.481
205.465
63.687
72.316
957.935
25.473
281.903
69.945
136.191
252.922
34.032
277.421
35.85
76.795
35.911
587.867
475.195
58.262
407.06
302.2
53.068
1271.744
152.778
141.122
136.489
153.529
32.441
122.09
156.249
121.184
217.004
20.545
37.986
193.809
533.973
75.931
87.625
53.357
65.75
303.277
21.385
94.703
222.201
28.906
52.398
43.638
52.948
67.728
27.384
389.738
24.658
56.927
114.093
248.783
145.096
104.544
27.801
790.964
62.993
33.383
70.36
93.269
23.655
57.148
85.922
40.158
61.924
28.784
30.958
47.757
32.83
216.16
181.779
322.503
239.876
91.028
201.372
414.89
28.41
613.784
584.854
21.417
726.065
205.41
80.225
171.71
528.198
50.016
109.684
199.87
322.372
51.2
54.8
44.854
561.759
25.348
313.968
25.543
65.134
76.407
21.724
23.245
26.041
612.327
58.226
45.003
84.036
33.889
36.192
26.028
1109.956
103.127
49.784
38.017
57.927
769.95
137.486
61.516
701.197
45.302
775.312
50.383
86.397
30.088
720.706
147.84
31.947
53.573
908.648
23.311
363.008
271.61
48.203
292.037
173.795
89.876
45.784
33.274
738.907
126.981
419.377
70.724
87.254
1300.353
108.834
52.892
29.739
137.307
305.857
44.336
444.078
351.827
833.294
148.202
123.332
66.455
246.334
85.378
172.391
116.164
54.012
303.888
28.026
49.521
548.541
1135.74
917.887
62.361
28.716
20.432
97.692
48.304
350.048
339.025
192.046
94.209
160.473
154.123
39.027
27.603
27.488
91.779
182.323
21.605
212.584
19.202
86.93
105.544
153.841
30.519
81.22
343.099
125.386
37.362
37.694
358.311
20.248
276.602
23.018
51.073
1748.171
22.342
58.058
21.536
19.13
116.18
22.75
254.541
29.125
417.108
47.335
222.16
22.351
297.66
110.285
295.719
477.812
46.787
24.842
64.405
198.209
1496.695
244.78
65.985
30.784
126.044
68.488
63.88
69.198
249.379
63.348
58.223
40.604
546.969
51.853
27.788
90.916
196.795
44.973
176.051
116.87
132.802
49.075
228.009
68.388
138.764
69.83
101.139
22.463
20.189
53.211
42.936
20.163
980.379
67.895
37.469
50.833
490.838
57.882
817.101
37.943
33.178
87.354
110.41
835.614
43.655
608.64
83.444
56.658
628.552
25.42
63.655
83.433
53.834
117.012
41.938
68.446
271.071
202.071
372.756
26.017
231.581
137.178
42.084
63.742
250.865
56.619
23.756
773.712
51.406
72.391
57.198
18.395
396.865
214.729
202.74
31.599
392.244
49.593
22.488
133.347
51.511
782.625
93.842
90.743
343.203
86.107
53.798
84.322
59.029
838.823
77.883
178.266
248.279
21.107
100.58
24.661
631.266
28.75
214.028
81.923
258.271
392.326
79.532
237.993
451.702
48.458
46.918
119.651
50.086
408.507
448.192
216.831
136.486
448.469
189.613
277.008
100.326
100.131
22.441
55.191
37.839
31.678
265.038
208.682
171.188
1108.517
213.984
31.47
63.942
342.147
35.43
32.918
85.848
57.491
366.73
93.106
353.756
606.036
40.995
119.044
358.715
62.667
45.871
37.23
42.227
302.665
22.305
160.573
79.958
200.156
17.4
37.772
63.348
577.883
42.744
24.443
24.576
364.812
56.323
19.23
58.494
679.812
73.973
367.513
129.339
97.225
290.237
30.177
54.248
58.76
