168.91
178.346
93.475
118.339
275.251
150.935
106.244
198.439
208.534
763.77
722.34
738.715
716.515
793.592
733.169
740.721
733.931
747.928
789.112
729.796
796.423
718.158
732.254
722.047
679.91
732.672
737.76
718.904
328.088
733.654
724.783
743.998
743.339
723.317
706.415
192.4
819.464
746.116
756.054
729.532
735.101
727.867
738.961
727.458
716.281
731.69
728.612
768.558
721.838
330.034
746.174
736.959
718.651
65.638
271.21
719.561
732.938
709.049
734.782
790.42
715.155
719.374
720.719
723.191
261.269
689.509
727.688
756.41
723.485
753.944
718.248
744.804
186.698
719.639
742.005
498.368
720.138
757.609
340.873
723.251
693.832
677.171
709.234
342.185
753.595
725.248
735.359
724.733
741.418
678.072
730.568
735.471
693.367
715.439
695.674
707.173
739.768
752.668
760.614
630.519
66.545
238.547
234.537
128.067
94.992
120.867
197.076
93.643
107.589
744.474
752.553
747.311
739.977
750.797
734.072
728.862
733.012
735.386
753.503
732.983
732.913
767.413
717.825
725.531
723.108
721.631
809.822
715.988
725.034
757.139
731.019
746.828
734.984
754.749
734.243
729.736
727.637
745.219
740.274
737.898
231.854
736.979
733.961
202.202
753.544
727.75
753.18
731.404
728.341
747.876
745.133
740.428
731.689
698.398
689.176
705.889
736.118
727.995
724.44
734.483
688.925
735.309
724.339
743.986
736.935
751.613
725.601
752.447
725.017
735.24
733.997
780.609
740.592
713.666
728.186
734.743
749.509
734.61
712.233
702.718
697.182
716.081
696.771
376.957
767.425
713.341
728.33
708.185
715.928
697.394
774.137
291.148
728.701
710.688
709.359
520.32
738.846
721.859
207.475
648.469
741.102
756.04
716.854
720.488
747.854
704.241
681.38
730.493
724.584
735.745
732.518
750.257
701.478
207.288
212.187
757.887
742.242
218.895
751.514
717.973
217.267
330.592
792.935
693.526
325.506
736.775
735.361
722.038
796.821
726.44
736.166
748.129
734.455
438.395
727.38
709.049
765.102
755.95
734.618
734.433
726.049
745.852
733.169
735.01
729.983
750.711
610.044
751.17
726.483
734.184
728.964
738.303
732.501
692.921
706.201
729.593
173.129
236.193
770.027
742.042
691.058
733.759
305.446
739.863
795.438
757.795
712.686
728.691
716.795
700.146
742.345
771.385
736.137
437.848
746.383
746.459
547.094
767.431
732.843
829.92
701.882
730.016
680.037
705.97
735.025
210.117
300.242
722.77
730.932
702.846
208.345
730.333
716.832
730.086
728.307
722.148
716.824
728.958
747.439
625.312
710.005
712.481
792.824
192.11
760.908
712.201
732.866
717.287
732.917
720.684
433.343
767.932
745.935
735.771
724.73
733.881
751.19
774.147
738.907
297.992
804.436
739.495
797.445
838.944
745.526
752.214
739.008
734.991
740.214
346.436
745.223
758.798
795.127
745.254
732.968
738.579
795.85
737.166
757.421
749.915
753.791
756.796
730.021
734.656
753.355
267.873
366.013
750.504
722.82
760.915
740.157
718.532
726.098
708.694
695.536
724.877
739.286
726.902
748.231
296.342
740.161
724.843
706.71
713.171
754.136
747.86
780.249
724.273
755.179
269.699
757.214
745.586
726.899
726.158
207.786
751.127
726.367
582.248
749.583
728.062
710.026
720.799
719.259
711.774
752.239
713.765
715.522
716.762
734.553
705.78
743.805
725.881
728.805
354.867
729.885
734.375
734.432
743.199
750.642
633.338
571.684
706.397
723.157
426.483
756.188
689.335
699.27
723.134
754.377
735.932
731.161
748.62
782.369
752.819
556.774
755.399
744.86
748.331
739.054
707.088
759.978
739.258
591.552
515.241
756.248
732.644
265.92
749.15
732.151
724.95
757.746
760.383
754.565
719.167
719.707
63.874
767.775
768.496
776.64
734.732
449.226
780.076
758.398
763.937
762.995
746.794
753.747
736.05
732.909
754.331
738.549
739.634
749.107
710.559
719.696
728.088
736.619
706.206
725.976
726.735
727.088
734.236
706.397
776.877
728.026
738.26
796.089
729.33
730.545
740.877
728.361
760.422
751.279
719.693
750.355
733.618
713.219
762.564
729.311
733.032
684.996
716.554
711.33
722.416
728.19
747.24
521.877
700.361
758.334
714.546
746.288
716.076
731.345
712.554
721.317
711.568
738.671
761.097
757.294
618.979
692.128
705.728
272.657
300.095
755.598
700.418
692.736
726.988
420.663
717.142
744.666
743.981
749.204
60.044
776.816
772.478
772.921
747.657
774.972
711.402
235.971
769.806
738.458
727.164
787.052
749.942
745.278
750.028
735.414
733.052
725.127
745.458
744.392
729.675
745.792
734.963
755.66
732.552
396.636
763.599
750.504
750.883
739.215
745.44
732.236
733.753
749.128
792.845
728.253
753.385
751.748
279.143
736.827
709.422
689.506
728.88
268.65
722.026
751.696
749.38
815.742
742.086
701.669
728.562
734.442
715.148
739.327
727.622
741.176
728.702
720.622
728.322
782.374
731.718
744.912
394.435
715.958
740.87
789.358
737.332
695.61
724.123
703.462
726.833
742.393
762.577
63.878
750.092
614.096
235.166
745.866
760.555
717.683
707.686
699.998
723.096
226.777
770.935
739.515
616.401
699.635
687.192
704.64
722.38
754.446
707.187
699.948
730.661
728.158
734.346
742.593
749.199
737.923
751.438
735.679
755.623
751.732
724.172
170.901
755.045
751.103
779.497
741.117
743.3
746.303
733.656
745.414
747.363
730.537
741.986
754.751
809.473
744.463
751.203
744.138
744.306
739.5
756.345
757.186
513.276
751.869
744.263
742.351
745.652
746.449
742.821
743.859
751.702
728.184
734.692
799.759
739.606
734.771
700.961
329.869
60.226
478.807
766.705
733.31
749.534
777.258
741.596
713.797
732.411
743.046
742.278
734.62
742.743
731.874
748.402
746.891
751.653
721.09
713.416
724.608
735.517
716.658
735.323
730.892
721.259
706.881
690.51
681.063
709.011
749.413
710.423
727.585
281.127
777.428
203.242
747.532
742.351
737.591
654.303
724.224
749.901
754.232
172.663
772.682
630.058
684.36
701.558
712.186
746.225
725.414
726.103
687.062
220.834
732.982
743.222
740.28
733.606
753.918
756.366
751.156
742.221
734.55
499.781
810.334
721.517
741.861
740.164
742.694
736.874
747.209
736.571
769.429
739.554
732.282
744.682
769.285
736.93
738.775
749.478
742.563
738.713
742.394
724.56
753.198
730.123
761.136
749.05
736.239
729.608
801.124
729.543
743.223
749.914
734.159
744.567
741.078
775.401
739.911
466.554
706.955
720.047
768.792
732.512
728.507
763.866
703.687
726.965
712.943
726.176
739.994
757.977
227.241
733.146
736.71
737.888
752.922
753.297
737.779
712.225
736.192
758.33
732.085
766.706
719.178
235.331
701.897
725.017
723.719
729.613
750.93
732.287
726.382
735.345
768.191
711.663
733.037
750.402
698.202
713.583
711.923
727.454
551.643
756.38
805.991
631.58
729.592
713.696
732.16
711.751
741.155
715.203
704.706
745.327
714.913
740.738
331.064
760.927
731.828
747.366
740.519
745.581
743.52
753.17
732.795
742.217
454.39
749.474
718.688
539.459
751.258
790.596
751.187
753.084
442.004
783.131
726.174
756.388
748.645
726.713
726.854
742.844
761.525
768.077
724.487
739.928
449.515
752.833
327.938
726.458
781.455
735.775
717.21
761.744
791.454
723.745
745.677
751.477
738.616
704.784
713.484
716.552
709.226
735.679
727.693
736.91
722.16
735.757
756.524
748.298
746.062
752.283
765.291
749.833
729.684
756.748
746.229
755.185
729.38
711.668
747.01
762.803
345.569
360.255
758.321
165.553
724.508
725.913
694.022
228.019
751.565
717.981
723.663
300.674
297.597
301.363
751.327
740.024
703.127
607.799
460.471
728.882
738.705
768.726
747.91
630.454
699.421
709.913
719.732
720.985
739.157
741.111
715.669
719.353
722.164
744.034
732.393
759.639
745.648
744.786
755.734
319.883
766.198
750.176
734.397
720.451
758.985
736.741
736.801
749.755
753.995
756.151
753.241
734.941
718.21
752.759
735.842
741.772
758.664
747.522
741.659
733.469
754.041
768.75
338.468
754.059
753.142
738.96
761.569
476.02
758.771
742.456
762.082
815.455
769.875
738.25
675.796
749.024
748.51
719.641
256.569
612.923
753.217
722.289
738.916
773.479
738.343
740.821
725.081
734.716
748.199
756.852
808.931
743.849
709.693
721.174
403.526
773.392
747.307
677.86
706.17
750.621
715.844
768.457
205.854
777.113
714.27
725.388
721.368
719.879
723.395
730.004
721.564
423.111
754.579
697.234
174.801
766.835
714.967
715.795
731.384
255.44
770.193
747.315
63.698
659.87
693.201
729.582
67.34
720.21
774.714
705.084
707.763
747.8
344.84
146.871
773.422
764.84
738.233
745.794
737.512
750.668
761.229
751.047
741.128
753.718
747.608
737.04
744.427
819.648
743.419
729.994
738.919
729.79
277.709
776.634
733.407
783.222
160.696
745.534
464.217
834.592
754.474
753.191
762.409
729.514
746.576
788.729
742.136
573.348
790.502
746.931
763.309
799.949
730.529
754.197
820.577
753.43
771.693
724.309
701.66
727.42
759.836
426.161
747.254
748.807
717.719
750.14
749.362
808.863
737.502
769.345
738.923
747.798
744.922
733.214
748.427
760.191
748.556
366.3
773.463
777.966
728.104
764.836
795.696
741.395
720.333
739.933
702.014
721.796
720.628
765.199
761.233
725.943
756.324
710.291
719.976
735.549
762.82
730.899
706.177
727.736
734.846
760.42
750.637
628.107
704.515
720.875
282.502
757.173
757.831
743.935
705.191
742.455
729.677
750.292
756.917
769.224
781.913
771.906
387.319
790.03
747.517
781.839
732.495
755.984
769.268
802.148
734.149
748.466
738.087
819.5
738.185
478.333
752.518
741.36
730.29
806.476
750.084
730.397
744.178
745.862
753.686
742.069
733.436
742.494
763.83
747.421
766.535
755.671
208.085
741.897
813.402
760.797
727.917
1096.188
769.399
744.554
760.235
720.193
712.071
204.666
756.763
720.94
733.338
232.549
735.371
737.502
740.481
738.155
761.73
763.582
746.28
742.989
752.026
327.205
764.633
747.897
815.9
722.769
229.419
784.504
732.36
773.294
733.134
312.482
731.053
743.741
709.014
521.024
764.929
729.75
728.394
714.473
757.999
713.415
768.496
753.833
727.825
796.743
714.143
726.379
732.295
768.411
737.556
510.437
445.744
721.501
722.068
722.237
765.206
724.467
718.065
732.402
735.443
735.881
754.312
201.125
757.502
740.141
810.173
749.604
765.658
762.4
753.211
749.352
770.933
759.486
713.394
754.349
773.875
748.556
748.993
737.238
717.607
746.924
736.862
760.745
754.474
766.691
744.621
740.054
740.739
765.397
750.787
728.478
611.891
805.124
742.738
738.204
741.598
770.197
747.141
738.781
748.493
740.625
740.528
742
733.695
711.782
718.771
710.133
746.918
724.421
742.038
746.817
735.879
717.795
701.58
726.83
745.73
760.191
748.366
737.45
712.456
725.982
753.038
766.237
453.674
743.605
739.457
738.221
725.244
745.074
712.921
826.842
701.557
726.971
726.642
699.72
753.581
739.363
756.005
732.86
764.313
704.548
722.178
747.226
324.289
718.284
716.027
733.879
741.656
771.321
755.869
633.865
693.463
714.132
717.793
744.144
779.639
712.075
699.645
741.211
768.946
740.822
731.255
816.589
738.278
751.98
746.073
778.022
524.927
767.186
706.213
292.147
778.954
754.911
726.87
754.578
763.95
746.489
742.272
339.79
766.608
751.125
739.259
751.709
744.796
734.836
743.762
756.222
756.51
213.65
766.922
773.11
778.591
751.576
218.238
754.846
777.262
751.314
756.438
745.524
735.36
746.246
411.555
738.245
761.505
753.46
699.024
708.207
735.051
717.82
730.503
754.142
725.382
720.918
721.3
735.703
754.922
757.24
742.206
214.235
768.856
740.415
746.022
57.762
759.105
726.229
750.248
761.928
740.277
755.633
742.928
737.095
737.152
737.974
724.187
720.156
457.305
781.911
743.48
723.617
785.638
691.36
719.913
728.817
718.785
645.35
714.914
723.818
756.132
770.216
476.169
648.052
706.564
713.829
722.606
187.611
775.331
713.674
690.475
779.742
728.806
735.389
738.734
744.341
750.022
761.808
773.706
738.547
753.586
770.298
800.094
746.698
339.854
765.192
735.543
361.861
737.429
751.009
754.114
411.428
723.991
758.041
752.547
764.356
754.751
719.218
742.842
792.874
740.778
759.017
796.171
807.384
742.495
162.588
786.519
747.962
758.112
772.13
748.125
764.906
749.345
742.991
762.992
754.143
752.521
717.073
713.91
742.96
790.767
740.037
742.622
755.018
738.967
745.764
773.321
743.249
741.569
749.473
743.604
759.621
738.786
732.257
745.793
758.359
766.62
728.704
749.196
767.124
739.804
249.482
754.306
648.299
743.069
732.09
715.272
718.843
738.716
721.456
722.703
741.773
138.86
726.278
738.779
750.752
719.881
709.671
702.657
365.683
751.541
789.653
735.498
633.806
335.138
713.478
350.88
760.815
754.766
727.559
718.71
737.522
738.677
746.58
766.419
743.791
756.025
740.939
754.739
757.784
744.279
763.877
763.415
752.998
767.996
773.069
385.54
756.724
821.715
760.543
759.573
729.832
751.759
760.919
813.27
755.492
732.318
728.953
732.234
734.953
759.015
754.198
745.55
735.409
750.025
787.696
754.849
731.617
760.474
576.678
767.202
753.301
729.661
780.366
755.084
744.232
738.719
724.353
729.214
733.122
262.89
726.139
727.696
743.867
371.511
760.793
736.848
739.732
772.094
770.851
716.772
709.015
715.046
717.622
719.158
758.71
733.102
718.45
730.35
749.757
738.704
773.59
203.344
756.178
715.427
729.016
765.191
745.164
744.954
723.98
746.26
733.385
630.879
719.802
750.082
734.909
711.264
731.598
724.423
706.181
744.785
750.196
788.436
631.648
696.421
698.809
705.768
720.035
761.232
721.395
722.028
722.292
734.305
744.395
743.345
752.057
741.526
829.41
742.901
799.305
741.082
742.552
739.867
806.688
736.426
741.392
789.692
741.71
739.833
744.926
208.748
745.424
734.672
754.226
739.596
754.17
750.608
748.359
736.487
730.04
751.29
739.706
725.391
717.513
738.261
802.213
732.738
812.015
729.224
779.251
745.929
605.494
717.375
751.967
162.043
770.241
745.665
776.744
519.527
758.273
279.552
729.45
725.12
745.25
700.474
304.496
746.743
729.143
754.713
748.952
737.281
722.649
738.177
743.888
228.684
769.963
734.785
734.03
718.568
756.691
732.488
731.344
723.414
759.62
711.27
732.632
693.509
793.083
734.539
727.229
744.616
748.383
791.79
709.448
224.739
818.173
709.544
707.283
721.861
734.127
731.467
207.85
749.528
695.662
717.739
700.426
161.833
804.347
335.343
325.214
724.188
715.519
738.747
746.645
725.519
805.065
720.202
755.91
731.15
753.132
752.077
749.694
735.609
745.095
741.75
783.813
727.688
217.937
750.173
749.699
734.993
754.329
779.887
745.73
745.504
744.137
769.2
729.069
740.582
737.149
741.867
739.998
767.468
736.072
751.057
742.763
731.435
719.546
743.187
618.843
772.272
474.545
751.302
724.442
742.986
735.753
749.029
740.398
724.038
722.337
740.414
739.469
723.512
749.794
705.381
721.519
739.788
725.827
752.596
819.363
730.971
754.112
716.867
736.803
738.672
762.805
785.564
714.075
503.057
776.051
319.428
736.16
713.432
744.178
774.875
724.56
698.498
307.266
776.146
730.494
745.036
741.347
792.612
729.481
727.654
742.772
709.894
760.235
698.872
769.062
699.747
761.205
751.975
747.845
703.767
763.554
730.476
734.067
510.624
735.142
710.887
664.007
749.086
751.986
725.488
727.069
754.433
753.167
745.321
748.139
756.539
748.58
745.218
733.854
733.552
747.998
736.968
739.001
804.258
751.568
731.833
762.607
724.718
748.379
165.246
770.622
736.654
752.751
744.38
720.847
748.039
733.075
729.906
747.122
736.173
725.258
743.32
734.569
753.798
753.247
209.907
525.114
736.606
746.953
754.316
744.304
737.674
719.8
695.935
748.687
236.7
736.269
738.079
754.216
718.505
719.671
760.484
736.864
767.588
748.472
752.849
776.774
744.373
747.088
745.108
767.714
768.36
737.568
758.097
822.321
738.193
797.763
735.049
737.068
707.852
709.029
682.495
734.572
774.766
732.718
767.059
740.004
748.463
707.545
723.198
748.653
728.287
712.365
705.532
744.023
736.637
758.458
745.532
621.086
707.814
731.882
740.773
230.644
756.703
773.715
706.371
716.051
735.738
755.303
749.455
752.155
738.096
739.029
750.466
741.913
745.294
819.697
750.405
744.565
747.888
268.635
742.202
746.986
736.752
756.173
758.223
732.623
310.663
770.914
741.294
734.264
374.425
726.955
748.808
735.411
733.177
762.496
747.627
746.832
751.161
739.164
747.961
719.611
731.878
736.202
745.992
741.237
741.464
734.065
746.909
735.009
832.474
718.657
539.947
740.351
735.425
735.073
495.858
742.108
757.853
722.399
724.307
731.087
768.735
574.717
748.45
779.536
746.649
746.147
280.223
758.709
742.544
708.966
761.8
772.788
732.794
747.121
806.537
740.056
301.376
729.702
710.083
712.945
737.81
214.795
755.54
733.678
756.756
678.544
762.586
536.281
725.845
690.177
780.735
745.39
765.436
548.282
735.084
623.705
705.002
275.403
719.08
700.915
715.859
689.217
689.526
713.698
428.767
758.549
743.644
742.18
732.016
748.753
749.82
722.202
735.301
753.222
744.332
634.485
758.073
746.821
721.486
735.947
728.6
741.161
749.615
728.275
635.19
766.898
733.684
735.967
741.256
726.519
729.318
723.284
742.297
716.767
719.242
725.126
756.347
727.858
758.85
741.588
734.861
511.456
759.903
742.206
722.186
745.371
750.895
751.529
743.78
729.996
783.663
737.321
732.515
728.691
743.82
760.649
395.145
751.373
726.847
734.54
747.257
763.768
723.366
58.619
774.786
748.332
765.672
748.718
768.365
727.639
742.7
762.033
745.78
758.15
713.885
813.761
720.328
715.209
334.731
727.854
739.72
715.942
735.463
728.537
747.665
718.404
739.643
744.821
777.984
709.587
723.166
731.004
747.995
209.72
766.356
660.429
709.024
704.509
724.615
752.394
749.819
718.694
688.65
704.581
750.799
754.033
764.157
741.473
729.966
752.731
745.466
754.738
742.224
753.279
750.336
739.003
749.662
751.741
736.2
751.843
268.32
770.262
746.816
741.475
726.694
744.694
737.548
766.265
827.865
489.684
741.684
716.407
737.965
729.726
791.543
736.085
724.657
737.584
755.4
732.466
756.267
752.782
740.045
744.618
706.543
743.614
746.745
741.686
728.334
737.331
714.826
728.932
737.536
727.755
718.203
526.912
726.297
782.969
725.032
739.566
198.748
765.964
746.64
730.098
725.644
738.08
736.149
772.503
766.858
729.072
751.078
762.923
489.819
753
731.721
752.846
720.957
759.037
771.068
725.412
744.264
204.057
247.884
745.582
806.025
723.608
252.062
767.349
689.768
694.52
739.099
718.294
762.325
758.274
733.719
621.191
701.098
712.943
736.85
173.235
762.928
695.031
201.124
736.284
211.985
760.355
843.828
245.069
740.913
736.619
737.915
370.819
769.263
749.918
742.557
726.743
744.927
810.211
737.021
751.033
737.255
739.425
724.171
718.32
731.925
775.536
735.177
752.778
737.821
332.684
755.875
735.468
644.87
750.544
749.574
745.463
760.22
744.1
743.593
220.229
745.643
741.066
762.081
655.868
725.708
747.562
768.116
738.195
746.68
715.576
764.055
734.953
728.169
772.827
733.876
749.721
732.932
730.494
731.63
744.012
721.307
749.243
415.293
798.495
720.483
757.133
745.859
758.687
741.71
721.158
739.291
761.279
727.484
723.423
731.82
726.973
714.872
724.091
753.575
737.274
752.378
763.343
753.545
730.87
751.148
709.176
741.076
750.845
727.238
727.38
717.289
726.118
733.625
753.744
762.779
633.244
714.912
709.681
745.513
737.973
761.648
705.5
702.332
749.792
761.151
745.263
736.417
739.295
805.521
740.286
749.473
726.732
761.169
747.138
727.776
755.071
752.196
205.928
747.907
728.46
761.775
767.16
486.609
766.462
722.506
763.155
740.305
746.796
732.832
735.391
729.493
158.117
759.182
817.599
782.647
749.189
742.853
741.86
743.936
727.81
537.005
772.838
752.764
770.886
738.008
762.917
775.468
751.892
760.074
711.801
706.312
731.634
730.939
733.153
790.83
753.087
712.383
718.17
724.935
727.779
725.073
825.169
775.506
729.118
746.149
733.123
734.099
893.039
826.576
745.028
761.969
759.618
736.723
757.033
778.825
738.991
716.124
717.344
726.017
740.484
746.055
722.925
742.32
215.244
779.027
723.056
744.825
203.53
728.127
710.684
745.098
756.711
741.895
761.611
353.234
644.92
702.546
704.702
736.92
738.785
742.374
717.57
707.564
704.226
724.586
737.806
763.503
756.63
732.078
755.499
746.237
764.642
740.183
755.263
727.679
829.022
760.478
748.14
742.8
755.393
756.544
752.56
442.33
738.955
753.008
749.177
748.045
759.554
741.208
745.729
748.187
730.449
751.613
760.071
738.421
750.588
474.564
726.263
762.298
711.711
744.975
294.952
756.035
719.838
718.508
761.856
747.82
746.737
665.353
727.878
711.472
734.24
748.924
732.83
752.554
754.725
722.044
728.447
731.7
801.034
739.91
754.421
790.442
718.579
799.746
738.418
750.516
773.567
288.127
735.75
739.373
766.297
743.134
745.511
786.901
737.092
61.146
61.51
708.262
747.583
767.217
739.058
739.216
732.956
784.782
695.267
776.89
753.625
726.66
707.135
736.583
730.411
732.503
748.213
810.619
624.949
688.444
728.462
728.005
714.655
738.416
710.91
695.086
718.445
733.16
745.467
734.648
746.588
740.367
747.536
735.443
731.479
762.096
746.596
750.43
748.114
748.889
738.964
355.906
807.178
738.272
748.248
733.622
740.826
285.554
811.174
725.365
744.096
751.311
742.119
725.097
723.408
793.702
752.133
201.88
780.806
735.167
754.105
752.037
723.074
741.232
747.635
744.591
779.963
735.726
765.225
759.706
734.943
799.832
716.947
235.822
731.389
736.326
741.797
738.604
777.264
718.898
738.157
713.969
741.848
767.372
759.948
726.801
228.01
762.977
766.629
750.385
821.547
752.617
723.978
808.808
775.436
721.062
770.099
737.555
751.858
716.427
735.885
711.748
707.391
522.076
740.707
826.435
642.751
755.789
706.615
759.399
720.284
716.471
710.239
297.048
816.527
739.601
775.684
816.029
625.347
702.976
699.094
368.714
722.936
743.607
712.855
693.753
805.727
750.602
749.621
747.403
752.518
732.007
750.703
753.498
738.612
756.643
393.365
785.266
743.477
768.804
729.919
722.097
376.018
750.605
743.953
758.128
792.911
733.624
759.89
744.961
759.24
741.202
773.869
800.877
728.55
765.705
741.421
752.565
742.38
734.22
821.296
745.878
732.286
554.817
755.968
759.413
211.846
477.588
762.772
754.498
747.776
737.434
619.013
726.755
727.798
737.366
711.042
735.42
766.008
717.186
725.652
709.526
740.313
740.622
745.946
727.099
720.666
737.455
748.375
732.469
774.824
740.599
819.46
750.898
825.104
717.733
760.138
738.026
739.108
713.803
756.387
708.059
738.37
742.752
734.828
230.002
722.178
755.112
726.162
737.299
732.196
726.379
695.81
706.176
740.888
734.078
753.642
672.708
649.476
707.381
159.034
203.713
211.891
741.963
728.187
756.829
728.379
731.768
728.061
740.346
756.221
734.111
739.661
745.873
741.547
680.929
886.519
571.097
757.093
740.034
735.173
398.076
753.748
732.957
774.628
739.864
745.449
748.329
759.832
733.328
745.559
754.468
742.105
722.358
735.428
229.422
734.332
746.175
746.469
732.145
745.965
750.304
584.985
761.752
755.329
774.472
733.347
715.223
743.861
765.355
735.406
747.34
240.643
783.724
729.369
768.232
719.202
769.826
755.803
725.491
793.214
734.191
791
725.571
757.709
705.997
313.997
735.231
729.491
714.448
741.636
288.136
739.565
728.39
761.183
731.527
754.122
742.346
219.505
717.745
726.17
701.24
716.679
761.193
739.601
506.297
745.429
724.956
723.998
733.254
461.387
740.463
711.733
712.464
750.127
762.953
760.896
754.251
636.112
702.168
700.247
726.458
724.339
737.893
724.746
703.425
698.334
741.729
750.652
756.039
751.981
734.857
746.456
765.873
400.724
753.632
754.057
790.457
737.154
741.499
741.001
784.147
748.457
741.717
58.625
743.994
715.199
377.465
761.197
744.45
723.119
725.235
251.485
751.586
732.938
752.346
728.972
833.357
759.223
745.432
750.819
756.039
738.095
727.315
769.015
763.93
710.203
714.645
750.004
752.075
759.695
750.875
705.283
705.715
738.918
740.051
729.163
735.116
437.879
706.453
748.931
722.061
710.124
741.614
757.802
312.554
777.432
721.126
736.008
736.743
736.165
814.819
720.617
753.605
772.661
720.388
752.497
717.907
738.958
739.775
724.081
713.696
786.656
730.421
738.267
732.504
704.078
722.678
713.841
746.364
731.54
723.502
701.135
726.187
732.607
322.674
771.396
754.549
631.083
704.533
705.086
710.098
721.186
734.107
724.731
240.287
721.24
763.247
785.261
744.963
741.364
732.883
740.315
745.067
740.417
737.318
730.714
724.982
65.655
794.335
728.755
734.62
729.574
538.078
734.656
740.849
738.526
727.189
167.86
762.084
754.889
751.125
735.805
300.207
489.277
746.998
751.625
779.588
745.733
158.541
342.648
749.34
723.917
709.662
746.122
764.036
727.233
708.971
767.535
742.499
743.125
752.215
691.511
708.891
731.454
753.515
620.568
768.505
759.956
695.022
734.493
740.467
723.924
736.932
762.643
743.888
744.09
730.745
743.279
719.632
831.935
758.079
707.433
740.463
760.313
735.41
760.573
743.455
814.351
197.422
728.037
708.751
735.552
736.029
725.438
256.804
732.399
747.254
714.17
763.184
734.057
731.232
707.128
754.33
740.363
737.154
160.471
766.44
617.48
771.225
706.592
720.311
746.267
753.043
730.371
709.886
732.724
733.512
730.852
757.691
750.068
698.067
752.822
732.091
303.504
756.452
738.98
729.091
746.161
745.968
737.302
727.632
745.054
722.816
796.124
723.591
731.152
721.119
757.654
825.327
471.957
755.24
735.218
737.353
736.509
735.318
811.642
755.568
738.965
751.682
756.415
765.53
743.601
811.493
744.717
771.472
748.814
738.879
466.211
753.156
738.306
736.325
702.158
693.372
729.921
735.358
719.373
723.53
759.855
716.83
736.079
711.377
728.736
747.227
749.969
434.221
696.369
752.757
744.013
731.428
759.397
735.11
727.806
727.319
770.001
735.169
751.986
727.338
731.671
709.598
743.316
723.769
726.002
737.4
707.224
742.664
720.419
754.141
719.52
754.78
753.913
739.514
717.257
737.207
734.353
737.472
763.758
742.397
694.205
731.76
710.194
717.428
724.047
748.285
701.961
689.642
555.871
729.477
750.25
750.312
755.867
716.172
749.472
741.153
196.595
825.55
726.042
726.375
639.401
753.571
749.898
740.827
715.844
762.349
764.422
610.808
736.699
742.815
744.469
744.132
732.617
710.183
741.529
755.311
728.423
759.232
765.546
750.423
725.136
700.349
793.968
749.483
735.001
216.268
61.965
776.014
755.131
555.864
764.745
752.456
716.867
739.284
712.791
445.775
736.842
731.257
735.201
728.892
577.623
734.922
776.353
727.608
729.335
749.239
769.941
717.326
742.401
735.774
738.774
746.726
768.234
734.785
722.619
754.122
759.406
759.866
760.25
723.606
724.756
714.903
737.128
731.537
731.773
788.096
741.917
708.268
743.141
775
710.699
648.571
756.246
707.439
716.08
717.514
732.208
745.754
759.651
770.589
635.22
707.589
347.415
723.871
755.024
546.962
708.396
682.993
708.707
717.305
814.199
244.957
742.388
724.686
758.773
737.558
733.75
748.983
738.835
729.871
726.989
750.323
745.541
742.168
749.812
759.92
758.721
730.813
736.894
663.003
783.297
750.506
746.629
737.957
727.242
212.84
272.993
826.627
768.456
216.09
765.77
748.778
738.517
741.455
728.092
726.274
740.207
278.2
763.866
786.273
754.598
736.661
278.191
752.364
730.844
689.502
719.618
751.53
720.117
720.093
747.013
727.793
729.819
714.268
737.819
745.168
758.175
716.862
383.749
742.478
815.493
741.696
754.17
751.883
738.573
745.031
756.344
721.607
759.357
744.452
733.301
256.46
729.812
755.964
733.8
747.237
733.125
739.33
715.691
804.515
716.37
623.343
771.902
708.507
713.767
767.232
258.669
752.841
769.077
755.51
620.798
329.529
383.649
721.35
726.465
706.319
694.358
728.813
702.409
729.058
729.663
751.263
737.612
748.336
776.992
750.893
755.848
736.688
760.743
748.132
759.246
732.777
722.627
724.721
719.739
749.669
756.02
758.006
730.229
787.097
756.071
746.851
808.405
758.066
724.344
752.093
753.582
752.205
755.536
742.071
717.8
748.046
733.366
746.91
736.148
745.229
755.503
749.256
756.122
725.326
798.016
794.791
721.65
736.76
709.587
720.11
725.218
724.637
742.388
708.893
766.496
727.463
739.925
746.942
744.273
745.819
754.603
277.967
784.326
742.64
811.237
740.416
749.057
736.105
709.659
758.482
766.718
733.918
757.916
728.871
737.437
724.655
736.306
681.51
730.484
742.949
742.83
719.89
781.725
757.134
695.724
735.566
773.578
714.933
705.263
718.038
714.877
722.847
745.863
303.048
635.196
692.161
713.931
728.307
749.192
457.135
717.872
713.454
711.182
725.845
782.628
62.483
759.089
730.138
750.216
342.368
756.091
746.813
770.126
748.634
718.263
740.915
726.746
550.26
750.673
742.293
732.015
744.379
731.322
718.346
757.399
742.095
742.025
740.465
757.089
365.356
814.796
765.038
757.651
728.888
731.517
744.39
756.256
307.206
746.842
744.726
743.257
220.247
741.953
721.392
752.022
204.957
735.876
753.429
706.434
765.579
704.198
725.116
696.784
793.524
753.984
741.16
736.522
733.297
724.216
748.068
571.847
771.869
719.66
727.98
742.66
741.222
744.838
744.208
719.278
750.497
207.941
750.583
731.912
754.119
741.186
711.061
728.756
711.233
715.453
712.934
740.972
720.875
754.763
780.319
289.982
747.911
807.404
711.51
691.974
752.689
715.04
748.389
741.626
732.408
624.883
710.267
713.843
718.372
725.665
724.062
407.406
689.691
728.657
416.034
764.988
788.661
740.425
729.526
728.269
563.988
736.922
733.553
743.696
733.432
770.792
751.613
749.687
726.962
746.029
735.844
756.368
751.406
749.999
726.887
730.567
706.9
732.989
736.356
720.318
792.262
738.084
727.413
749.805
741.379
744.163
252.149
852.247
749.516
740.168
747.173
731.679
749.218
755.776
720.718
754.735
741.963
720.139
742.38
715.38
710.608
713.358
716.933
739.271
692.182
742.262
715.728
717.742
704.952
717.358
737.404
743.515
721.333
717.059
736.833
725.954
735.301
802.042
736.871
729.859
762.694
760.742
740.531
759.712
747.978
733.805
638.173
733.848
711.998
718.911
749.162
538.275
502.631
728.468
739.865
778.159
754.866
738.573
720.115
706.299
699.05
713.103
744.022
761.075
737.211
298.709
708.775
718.505
730.807
722.246
742.808
757.185
694.302
705.936
735.976
747.641
740.18
741.638
766.327
734.83
738.761
737.095
757.202
520.186
526.655
783.53
730.867
739.464
714.791
730.092
825.402
764.253
740.266
744.206
735.157
763.216
733.526
752.173
751.854
722.829
721.677
209.114
757.556
731.076
749.154
387.311
764.651
734.514
760.646
745.579
727.517
723.457
751.205
747.542
745.634
753.217
774.863
717.359
744.08
719.933
710.598
788.804
731.253
715.928
724.309
450.345
714.02
725.366
744.418
775.694
746.929
198.73
396.562
752.55
744.404
723.504
743.061
778.17
754.332
354.021
792.505
714.515
724.613
768.538
730.649
727.648
710.013
710.697
719.933
731.908
741.593
711.585
718.441
731.033
753.669
195.482
762.59
733.896
709.895
729.937
709.243
729.87
758.613
756.703
734.751
624.279
683.445
708.188
721.192
733.468
503.675
733.553
706.311
713.769
717.927
756.685
754.952
760.915
341.596
779.553
744.633
734.122
743.698
746.389
740.592
734.837
739.28
741.605
732.965
740.478
729.834
771.518
738.872
752.687
717.294
739.695
717.871
724.157
739.521
740.869
724.645
729.357
748.65
619.025
753.138
794.992
360.59
747.703
746.421
747.443
741.544
739.11
739.752
753.612
744.145
733.527
764.29
730.206
743.073
722.639
704.641
709.617
740.044
706.797
733.328
757.519
693.347
804.882
724.607
731.161
761.479
668.02
745.024
702.791
717.803
716.445
747.465
747.671
753.52
717.424
736.79
743.063
617.399
767.206
742.386
741.957
697.294
62.814
747.664
721.565
660.17
710.392
719.372
732.975
733.297
735.338
743.297
732.228
716.582
764.324
768.111
723.688
754.854
743.998
728.292
692.205
683.799
686.816
805.004
725.224
730.883
711.96
701.114
714.092
734.649
756.273
789.154
753.94
751.594
724.56
753.649
726.958
743.185
738.952
752.865
724.144
755.09
737.949
744.976
757.143
744.907
761.044
743.471
719.747
727.326
505.672
751.529
729.817
753.334
735.826
725.939
763.237
757.718
775.403
728.347
742.108
747.963
739.393
306.543
756.442
743.45
301.106
63.54
762.193
718.54
748.764
777.117
728.02
728.644
717.295
717.199
726.455
743.629
728.455
290.793
492.256
706.728
708.655
706.724
725.839
722.749
758.352
750.078
755.243
727.327
728.838
760.373
755.928
735.742
723.466
741.971
746.184
726.123
739.113
140.251
755.804
291.038
740.118
729.59
720.106
723.424
718.792
215.993
736.452
747.696
746.399
800.111
731.325
721.099
754.368
716.162
726.266
734.534
741.039
731.393
616.81
710.805
697.98
720.388
728.087
737.716
697.438
696.483
717.69
727.821
737.383
722.054
745.182
737.837
757.57
728.48
796.268
819.624
748.881
729.959
741.327
748.819
748.071
805.62
823.515
797.789
768.51
735.988
735.392
729.226
745.6
679.125
755.944
752.392
726.337
807.021
750.95
725.423
743.531
746.269
737.325
750.923
792.193
725.82
720.645
748.416
738.75
795.532
736.753
721.845
742.913
763.245
734.572
732.995
265.692
535.398
737.393
213.082
734.04
736.339
810.959
702.572
719.658
217.731
743.349
751.966
174.099
731.742
742.397
748.597
742.409
722.741
744.741
736.531
710.315
785.65
741.936
720.517
811.878
695.865
716.442
702.347
753.159
696.775
721.111
742.163
281.643
757.4
729.15
732.336
714.092
751.554
730.873
730.488
710.279
712.148
730.68
707.247
742.197
734.407
637
711.535
713.56
707.353
709.132
736.657
684.686
378.676
710.667
720.307
652.082
380.354
760.558
723.376
731.691
724.492
737.615
737.944
749.473
720.172
731.644
758.771
744.117
333.026
737.738
748.491
742.908
750.94
724.096
725.568
797.732
738.226
728.75
765.347
749.639
739.342
777.717
738.286
741.694
733.192
548.067
737.876
392.131
757.441
734.381
212.18
753.165
736
784.236
720.126
748.883
738.497
745.596
739.667
730.908
697.475
721.643
737.452
717.355
722.683
764.708
711.513
754.912
701.985
716.259
743.624
756.018
730.786
752.173
735.154
740.779
744.586
803.784
762.729
437.094
744.592
370.652
733.754
754.613
833.912
742.633
707.454
720.665
721.282
731.227
749.077
719.902
707.14
727.317
750.814
729.255
260.456
756.768
705.471
736.792
781.381
725.002
735.52
737.619
750.24
623.934
696.704
703.968
764.872
719.555
730.025
686.295
714.92
707.467
775.135
745.481
727.558
741.897
204.183
754.203
748.66
801.103
393.307
776.232
739.472
744.427
56.943
763.351
736.953
732.603
738.526
719.475
742.619
774.553
723.677
760.741
730.986
747.686
396.848
728.585
750.299
731.955
735.759
719.842
719.323
718.256
794.484
862.137
828.198
731.897
738.138
738.193
771.91
722.322
640.053
758.856
493.111
799.792
748.282
170.15
725.22
730.395
807.643
795.672
704.527
723.943
706.633
742.193
736.711
722.267
749.023
771.061
736.255
759.503
750.921
752.604
736.036
752.216
752.532
696.804
746.808
802.317
724.133
729.35
725.602
726.518
708.256
723.296
693.36
722.47
751.845
825.751
730.861
709.355
721.284
705.344
317.566
793.279
709.772
706.637
724.96
729.325
220.527
762.623
739.808
623.59
699.178
692.494
696.637
714.63
746.946
694.482
682.846
715.215
723.41
748.744
733.505
744.901
781.872
736.97
738.577
793.712
753.929
741.688
731.03
743.484
416.749
754.331
720.438
746.07
723.173
211.234
725.305
231.222
723.067
826.875
730.228
746.173
753.474
738.549
727.254
743.014
754.794
739.323
736.312
751.154
741.075
781.235
752.88
740.621
740.188
737.724
730.929
731.044
715.479
748.018
744.481
737.598
736.283
714.686
202.606
731.625
738.467
730.541
729.552
733.519
755.93
726.77
712.846
719.863
755.818
264.258
750.139
760.088
758.993
737.165
735.098
280.897
742.451
200.8
745.392
752.819
708.391
732.922
720.074
733.386
701.636
733.404
699.961
737.73
737.433
719.104
732.314
703.174
726.244
718.286
806.067
723.04
702.415
695.33
714.244
732.769
747.533
740.214
784.286
626.791
692.435
703.895
715.181
722.334
438.853
715.208
718.294
432.91
737.477
733.277
734.765
753.986
743.887
737.912
746.186
745.379
755.066
754.399
749.433
739.526
736.962
759.747
729.218
744.698
747.153
811.549
736.612
737.858
715.39
755.117
749.791
240.848
752.416
750.893
807.678
718.763
754.781
745.537
738.532
742.628
61.798
755.266
760.643
761.881
734.267
738.031
733.912
746.308
730.841
749.06
550.958
728.807
743.91
709.312
682.063
733.673
755.781
705.955
230.059
776.059
816.202
739.558
782.606
735.654
746.614
765.503
744.334
747.518
718.774
753.323
747.111
760.459
750.241
704.869
756.391
165.49
662.297
767.267
754.853
727.86
727.804
713.653
706.365
722.228
779.233
725.581
732.516
257.28
756.012
727.987
781.424
722.058
706.98
692.617
718.448
725.976
736.269
755.736
739.638
622.295
682.238
712.346
617.347
752.972
748.827
702.391
307.163
725.952
731.954
748.098
269.422
736.689
747.278
729.028
731.052
723.789
726.526
747.15
794.919
742.546
783.196
759.79
750.262
734.338
735.752
746.9
714.684
720.508
726.051
737.104
741.125
751.779
754.612
736.21
746.702
742.688
739.773
733.302
742.018
737.799
739.339
748.456
742.595
751.698
746.257
727.418
744.679
736.248
324.792
755.295
776.995
749.295
318.846
252.78
713.63
723.204
743.838
712.595
731.893
747.322
709.502
713.847
709.168
722.634
756.697
759.362
531.445
354.617
736.033
765.181
738.495
322.349
753.196
712.849
798.076
746.431
744.906
326.55
729.241
726.015
689.418
721.028
403.003
66.465
772.761
734.535
732.894
775.975
755.301
703.051
736.458
302.941
722.106
779.932
717.222
739.488
735.96
767.479
760.27
325.28
299.162
717.126
716.624
739.251
733.289
704.591
606.911
766.579
735.923
734.597
733.378
753.882
775.317
742.363
748.796
802.335
756.047
755.513
753.04
744.441
755.866
380.995
744.237
734.677
752.714
815.849
735.898
844.894
808.577
751.513
686.896
819.693
738.227
747.503
725.505
741.608
64.857
770.269
764.999
717.763
747.164
730.829
745.419
710.511
730.132
393.189
274.584
737.081
730.597
720.784
730.919
758.645
743.54
736.652
703.972
722.813
738.96
720.684
728.461
752.334
713.694
726.507
733.43
726.151
156.836
786.291
738.161
739.111
746.317
716.941
746.131
758.145
743.055
705.852
744.042
750.787
711.5
754.942
723.231
265.038
692.262
740.806
691.978
717.443
548.365
744.474
745.008
731.86
755.868
732.06
743.181
744.377
253.803
736.113
722.958
728.995
742.589
751.806
743.534
609.828
691.655
708.788
805.631
741.469
746.73
664.939
691.154
719.571
226.918
767.303
285.232
789.252
761.101
229.066
751.316
741.804
754.799
752.009
506.945
207.412
787.479
784.694
754.84
738.914
765.627
876.348
755.598
747.834
751.461
759.918
732.435
759.418
751.463
746.681
724.971
751.382
395.221
774.942
753.912
740.29
751.748
755.179
744.915
709.285
743.078
724
744.906
807.045
780.335
784.948
744.312
749.099
748.623
729.052
691.825
712.888
717.895
740.141
734.398
739.529
724.018
672.789
765.766
739.424
218.763
415.871
734.55
736.339
705.747
726.55
590.917
758.042
751.613
776.31
266.198
764.978
714.742
737.969
719.407
725.623
686.993
711.433
701.685
64.946
767.187
745.36
743.432
719.779
737.487
730.558
758.575
735.267
707.226
644.572
728.595
749.203
719.228
769.594
748.077
623.302
506.543
735.309
283.253
750.346
750.028
758.416
702.194
723.956
754.056
773.329
739.12
756.37
757.692
842.032
740.311
733.973
786.95
213.569
759.408
732.962
766.03
751.66
572.038
767.124
764.598
747.781
750.952
752.452
742.049
816.736
736.851
757.095
769.27
774.84
733.32
755.235
752.941
747.351
228.013
735.453
749.712
741.33
749.768
749.136
746.237
612.459
326.806
739.67
745.331
732.821
734.977
726.888
729.52
552.035
709.214
737.78
732.612
711.207
736.084
758.703
712.507
602.606
722.6
746.112
747.887
533.143
753.731
715.692
732.955
700.914
800.774
741.277
745.788
716.777
760.885
737.76
742.857
826.542
728.17
731.516
707.332
727.474
701.099
707.57
761.05
735.267
724.473
706.06
766.565
716.889
727.541
722.037
491.082
709.964
712.989
735.446
836.034
780.223
769.605
641.665
773.57
722.544
716.233
281.767
747.784
715.383
710.063
708.501
726.891
749.475
753.068
755.043
755.351
748.895
742.084
755.891
449.151
767.964
735.176
742.567
752.975
806.254
678.673
817.897
743.99
746.629
745.913
757.531
740.963
754.473
748.412
751.95
744.111
508.889
732.596
757.198
753.844
758.815
754.887
738.129
751.036
792.675
761.728
810.858
741.889
743.096
750.795
736.499
724.543
727.039
751.74
378.589
750.833
703.552
703.322
737.229
731.483
729.312
738.667
736.701
704.864
713.652
717.147
729.419
751.364
782.935
725.12
789.57
729.979
714.774
743.529
752.818
729.195
756.327
639.52
778.963
837.613
754.825
726.298
720.724
707.338
707.998
705.126
714.115
743.055
734.38
732.524
735.83
759.79
177.93
766.99
743.527
718.446
706.721
743.545
731.771
733.524
219.365
753.742
645.755
703.018
707.832
287.473
755.667
743.75
718.715
692.578
721.715
725.515
749.417
744.674
747.486
775.489
743.289
759.335
760.113
751.122
759.241
763.767
743.736
762.19
770.565
749.096
748.474
63.283
762.998
756.334
742.635
747.271
756.444
731.023
755.583
746.636
763.286
749.964
759.985
742.888
762.323
752.705
737.1
754.958
749.094
731.588
753.981
748.46
753.641
739.328
756.077
723.177
589.348
767.654
739.077
747.547
721.8
709.058
711.792
740.656
714.591
735.93
762.636
720.714
723.178
727.304
743.09
245.111
60.906
758.501
740.236
725.693
725.791
737.748
760.833
742.428
751.107
759.061
759.833
734.569
737.484
802.991
742.36
705.093
717.329
688.928
730.204
719.487
739.217
729.024
723.163
722.128
711.074
736.907
730.422
718.579
701.654
696.753
743.771
738.043
739.89
743.338
646.264
707.922
713.037
723.073
801.5
738.564
709.861
709.612
716.665
726.747
697.202
723.248
800.814
581.46
760.756
739.925
741.24
315.906
755.42
771.17
228.163
775.046
263.589
747.47
733.712
757.258
716.188
762.881
743.013
727.84
765.285
744.721
763.555
726.084
730.769
714.937
744.022
803.092
734.681
739.114
639.767
752.766
734.59
742.231
750.957
744.791
583.252
761.861
734.56
726.457
743.669
755.815
513.274
752.668
735.619
698.761
726.699
746.214
735.147
738.658
750.307
722.304
723.374
388.587
793.939
737.376
739.475
748.46
724.53
725.119
716.131
732.309
782.858
740.822
725.423
742.682
755.76
729.812
734.836
724.085
759.522
739.814
725.957
705.759
254.682
761.952
747.071
724.26
232.717
746.449
729.837
737.838
729.579
752.883
709.347
711.421
717.513
210.424
703.882
777.791
479.349
713.64
704.898
713.528
734.262
734.979
712.894
729.484
196.97
748.253
743.216
760.322
755.938
814.946
263.48
738.861
743.313
749.864
789.419
732.332
704.521
732.217
717.281
706.544
702.525
714.755
738.366
756.301
742.531
706.455
717.533
720.058
741.679
746.338
734.693
735.82
756.2
753.321
756.368
829.74
742.062
743.702
329.417
309.963
739.083
745.725
726.243
743.022
733.899
725.044
727.361
743.765
713.374
744.968
213.008
755.391
698.75
733.666
718.212
737.082
740.011
710.124
740.852
717.336
727.175
751.667
757.386
726.296
765.25
420.237
783.237
735.811
814.461
742.522
716.293
730.134
767.671
788.609
346.599
773.425
746.789
734.653
220.805
699.689
733.588
734.796
716.597
727.068
731.793
750.405
689.085
737.255
714.804
704.503
714.117
708.349
740.386
742.437
755.532
755.503
639.874
706.1
707.773
737.796
730.5
738.225
685.929
706.463
719.959
727.119
691.673
684.436
729.712
734.029
737.204
740.205
722.154
779.529
734.184
704.752
718.653
766.844
729.783
731.711
745.223
743.604
754.235
199.715
742.005
440.973
816.71
736.547
730.64
740.552
730.114
713.91
725.549
750.561
734.656
780.368
727.307
735.74
747.517
732.748
735.204
720.201
730.884
746.894
347.987
739.945
754.374
749.615
733.316
733.573
714.738
693.563
717.013
726.668
719.581
729.262
210.586
721.378
725.165
707.686
734.915
744.986
755.81
741.196
674.735
756.15
734.117
745.397
733.774
756.398
726.923
725.335
751.167
740.133
737.316
740.54
722.225
712.506
720.431
709.781
728.366
740.397
734.879
740.116
726.944
745.495
387.563
742.433
737.167
550.837
717.982
713.918
720.514
728.897
735.876
762.393
633.966
693.218
209.957
725.864
707.574
427.171
225.936
697.444
710.945
715.529
739.051
741.98
718.161
733.857
736.583
733.282
735.18
722.857
736.023
734.609
775.529
729.315
723.755
722.183
730.123
447.619
763.434
494.293
726.949
731.621
789.351
727.778
714.25
746.424
725.204
731.603
731.269
739.438
727.893
297.482
729.548
711.591
723.492
734.968
728.815
716.733
729.317
749.501
750.616
705.16
738.549
332.667
712.493
739.924
719.218
704.134
704.778
802.027
727.245
728.912
750.13
709.009
736.193
690.658
729.453
742.947
742.447
221.13
729.747
689.09
440.242
736.773
749.431
750.734
731.186
750.261
756.014
720.355
768.745
718.774
731.371
686.423
268.464
703.106
712.317
747.295
224.023
739.055
723.233
728.528
733.514
735.891
725.566
696.496
697.333
706.56
737.201
710.794
721.378
157.482
650.058
700.738
716.137
706.28
730.682
361.048
721.951
194.033
728.404
731.596
720.864
740.598
715.614
742.184
716.987
741.613
737.446
801.317
731.627
737.625
370.6
737.854
749.169
738.344
727.051
726.399
739.513
732.158
719.701
752.233
730.766
373.913
759.128
755.281
730.26
723.709
728.572
740.776
742.448
731.967
65.081
756.461
743.903
739.11
725.35
742.94
726.509
758.266
820.804
726.749
735.347
748.804
735.998
741.925
724.469
698.23
717.106
772.142
723.613
799.406
759.366
728.678
716.889
770.295
709.026
736.381
212.167
768.142
759.826
637.772
744.712
730.193
783.575
732.609
729.431
789.882
774.778
736.46
750.401
724.235
319.367
733.322
714.564
707.204
734.283
745.701
719.084
724.422
716.232
739.76
699.34
757.617
728.534
700.009
714.263
702.931
508.742
761.614
736.869
311.163
640.207
703.194
707.39
166.968
746.634
276.262
716.998
749.908
721.963
235.412
762.206
425.571
745.625
738.875
791.783
725.053
736.718
217.695
741.224
803.066
732.059
764.817
451.545
749.062
368.433
757.151
733.077
790.637
740.452
736.17
751.903
737.442
795.655
755.69
735.858
729.655
756.624
728.321
727.382
769.988
448.637
747.151
751.486
742.483
728.728
744.47
551.922
765.058
803.506
724.976
798.563
769.444
735.898
752.458
705.339
706.237
463.363
725.242
743.411
734.293
768.137
722.262
790.16
783.952
766.433
770.7
727.633
699.648
722.295
738.526
181.049
772.728
329.864
785.133
714.886
726.184
719.267
729.715
566.797
763.228
734.981
704.065
720.22
705.659
729.465
759.014
739.013
695.572
751.781
744.287
722.091
760.146
723.709
513.402
224.895
255.73
739.278
717.045
729.587
733.668
608.419
694.956
691.392
715.822
732.984
736.63
697.229
700.926
714.504
722.465
379.066
756.831
735.996
736.064
720.208
722.51
728.974
737.167
736.759
731.492
798.786
819.066
750.006
728.895
384.172
753.565
191.113
777.829
715.661
732.705
758.439
72.511
785.729
737.293
739.442
787.267
750.674
746.84
757.8
729.757
721.264
737.337
572.642
741.739
735.736
737.218
744.515
741.527
749.261
734.725
757.485
760.023
744.381
758.219
725.045
707.255
258.613
762.784
739.677
730.129
740.766
721.118
729.492
726.423
710.096
761.19
741.475
833.525
740.847
729.639
741.306
722.97
764.783
326.233
739.301
752.04
756.474
450.034
740.902
745.395
731.499
721.499
705.603
705.021
814.116
759.121
715.433
361.131
747.232
747.191
702.997
731.568
731.704
717.028
295.925
714.193
635.135
716.316
740.1
737.276
615.452
698.598
720.389
726.554
794.175
724.357
685.094
695.16
710.901
710.838
839.876
729.469
731.101
720.544
745.484
728.732
736.443
737.781
732.482
720.965
726.681
750.477
702.048
731.432
735.426
733.396
723.297
727.133
733.087
736.075
722.102
726.629
754.479
751.42
319.668
761.321
757.303
586.905
743.855
747.529
745.525
740.539
719.352
735.724
217.225
743.836
717.449
734.086
757.507
719.261
758.352
729.828
384.943
751.175
575.622
757.492
720.84
680.568
748.492
730.266
763.522
740.538
726.147
705.739
740.436
764.593
758.379
739.335
731.27
806.1
720.641
738.041
727.314
741.279
697.053
173.255
772.705
737.888
776.391
206.481
734.749
724.604
723.693
720.143
737.762
755.366
733.192
733.63
767.439
766.576
708.414
745.255
748.531
695.771
704.749
720.71
736.301
725.453
753.496
749.316
635.83
687.368
685.025
745.871
705.974
745.789
709.62
702.215
722.053
747.021
735.36
307.238
760.552
731.349
750.684
729.163
731.943
776.141
177.753
780.957
739.219
771.029
746.972
736.023
731.935
728.686
736.654
730.953
733.36
743.422
173.929
772.904
751.291
757.238
731.384
720.933
738.79
716.055
58.27
785.428
740.411
745.315
744.273
739.189
745.421
749.427
742.333
737.73
805.598
717.57
743.217
750.249
751.141
744.671
714.848
692.773
342.714
777.03
741.667
715.444
760.665
724.563
728.972
738.867
749.073
763.221
738.333
742.169
729.694
64.683
756.985
759.618
744.773
748.829
705.04
744.821
591.412
744.315
781.938
727.195
733.111
712.141
726.597
708.656
707.912
755.135
703.119
762.549
745.596
737.815
706.964
851.49
750.448
746.35
714.568
707.423
730.544
731.431
749.701
727.399
633.237
697.437
693.96
812.29
722.406
736.676
758.28
692.682
701.418
723.953
744.417
741.339
733.903
727.732
756.866
762.332
741.313
221.963
737.841
742.635
755.241
749.261
735.616
734.733
591.537
743.137
738.693
618.879
879.221
727.588
751.069
741.838
598.551
754.364
725.016
721.57
598.367
754.753
733.852
822.345
738.419
732.926
739.961
751.03
743.701
337.591
741.332
744.954
780.548
709.783
720.036
227.253
737.96
439.649
726.87
258.268
728.891
730.522
719.556
738.34
813.451
719.722
771.291
335.178
735.287
748.395
760.562
729.932
733.98
708.451
772.385
831.082
725.097
728.438
618.028
742.778
748.375
707.139
757.741
712.04
748.227
682.757
701.116
709.347
731.936
746.893
720.386
355.108
738.088
758.939
714.625
775.934
742.63
703.324
703.966
697.588
725.165
454.218
213.844
795.904
639.754
705.783
696.3
705.281
365.171
739.26
230.726
722.499
719.486
726.917
734.836
724.59
741.561
731.878
762.45
739.88
713.758
729.839
730.868
731.776
714.823
733.986
738.171
770.421
728.176
802.726
749.362
720.744
715.051
746.985
197.136
818.225
753.407
731.063
722.785
722.271
719.683
788.424
749.41
748.159
736.912
745.885
277.417
816.038
756.755
742.616
738.19
753.01
743.25
750.372
755.223
794.245
723.474
768.322
710.731
696.565
721.891
743.98
722.97
729.435
726.76
700.591
705.814
704.924
716.054
731.191
758.215
736.134
713.486
723.117
798.664
766.505
737.067
720.094
698.547
726.858
761.621
719.376
564.168
741.961
734.152
700.957
718.188
706.098
716.666
732.627
778.298
772.048
719.069
814.516
698.904
745.465
733.358
708.974
708.878
714.854
712.695
435.985
225.877
752.297
632.01
702.408
696.024
713.806
718.768
735.993
700.033
700.763
460.035
722.295
734.437
745.734
746.691
442.97
739.354
737.393
745.258
761.239
790.907
742.969
713.356
730.93
730.513
734.07
738.025
732.986
721.797
738.17
719.361
728.012
739.299
730.567
726.57
746.224
466.39
735.302
382.811
764.374
275.244
753.527
761.889
815.762
750.041
724.358
727.8
721.179
740.136
760.007
826.597
723.834
386.796
756.937
724.492
706.863
772.834
684.173
709.223
737.08
732.212
721.783
763.846
709.305
797.78
274.353
735.164
405.438
799.003
732.076
727.176
732.77
734.759
794.762
732.911
792.598
346.874
750.537
742.014
717.604
728.47
716.741
749.256
344.458
443.434
722.394
463.394
747.54
706.236
716.237
722.368
738.29
703.068
738.518
725.252
721.752
713.309
431.664
794.904
748.489
745.188
745.04
639.106
690.016
705.986
695.8
716.482
730.192
696.091
688.601
727.275
725.55
746.871
750.303
736.919
723.954
745.334
819.041
436.516
742.399
737.272
742.841
720.406
756.549
727.919
723.168
731.07
757.059
735.417
724.273
724.868
723.202
745.955
744.176
743.346
734.777
791.078
742.835
752.412
725.034
739.162
729.077
511.434
757.657
729.136
730.226
739.59
715.802
720.427
754.354
740.599
710.293
726.267
724.645
604.831
742.171
699.233
687.657
722.139
703.799
349.985
749.367
758.84
721.575
723.264
238.78
734.308
742.906
748.481
751.959
332.955
723.919
753.556
749.919
746.262
784.201
716.33
745.162
740.619
252.527
750.209
728.338
205.158
717.919
717.399
702.576
375.787
766.917
726.756
722.145
728.551
758.863
687.857
719.442
723.986
707.047
755.017
715.176
423.194
740.207
741.515
728.065
628.086
708.033
272.002
730.606
720
734.379
677.729
692.364
711.479
729.924
751.632
749.155
844.849
752.2
752.416
739.335
734.01
722.571
726.934
737.006
733.254
765.114
687.089
733.651
737.205
723.686
280.639
753.844
214.274
712.059
751.463
280.678
765.969
728.362
200.596
748.084
730.097
747.704
760.198
744.149
738.545
716.99
727.618
728.959
741.962
816.241
714.956
760.776
746.018
265.354
236.787
744.829
736.031
730.571
720.328
679.99
807.756
720.92
711.775
793.122
745.809
704.97
704.369
724.924
701.475
751.294
747.64
719.115
720.37
689.767
735.937
723.535
727.541
296.536
703.197
731.535
791.692
799.174
737.511
725.592
721.618
698.278
704.396
712.013
369.559
760.418
697.697
756.088
764.698
747.399
64.436
777.578
724.251
713.693
711.779
720.48
724.854
744.73
549.791
754.375
626.675
707.698
458.369
698.823
724.172
739.296
707.353
685.179
386.574
753.498
179.316
264.075
752.369
716.424
746.614
752.228
756.283
730.512
722.531
730.099
739.864
758.794
727.422
719.404
781.715
828.913
735.661
745.084
726.317
728.726
726.786
729.678
742.31
743.603
723.771
728.903
716.937
723.559
722.945
736.413
720.051
733.763
440.618
742.338
737.05
816.212
734.471
754.949
729.455
730.043
757.367
736.888
711.729
708.848
776.36
712.793
326.418
746.867
700.517
722.073
752.269
703.91
738.052
713.812
733.448
756.798
746.146
717.003
716.061
723.523
724.337
719.186
733.039
702.544
699.896
700.837
796.478
725.738
802.228
737.941
714.66
725.959
718.013
722.851
274.975
749.459
778.602
65.75
744.01
744.245
712.871
775.408
733.715
712.986
698.276
326.294
733.662
722.304
735.991
746.478
628.988
706.153
699.94
729.887
734.536
735.07
700.234
681.889
679.556
774.008
738.87
729.914
744.306
735.736
368.685
752.042
738.093
751.827
751.012
263.806
741.954
775.88
743.285
738.954
282.439
749.258
729.351
729.786
720.044
733.111
783.825
716.638
579.847
753.912
709.278
736.768
731.59
478.597
753.626
70.089
749.499
750.668
736.638
727.396
719.86
756.816
685.602
774.316
428.682
718.473
728.094
739.934
708.913
732.064
697.613
690.908
762.966
739.891
733.779
726.871
794.12
367.796
213.553
694.432
719.4
736.301
743.158
731.079
732.908
734.127
749.36
803.905
724.47
732.236
709.426
739.714
819.156
466.13
731.289
503.548
733.064
728.272
695.279
708.73
711.782
737.737
739.638
736.28
697.903
794.097
692.089
747.992
727.903
703.092
727.515
717.19
740.573
259.893
751.132
744.924
614.784
700.258
695.104
713.848
736.956
749.279
696.237
685.908
705.024
727.45
795.726
733.265
727.711
719.025
740.666
739.612
815.7
756.167
727.336
737.392
717.908
760.193
738.186
739.028
731.504
755.533
724.321
819.95
784.015
728.843
754.833
731.48
729.47
742.499
350.748
751.811
709.039
731.52
744.822
726.981
722.297
749.131
743.979
740.919
740.193
740.415
740.607
746.351
743.069
723.7
726.454
748.177
789.384
739.589
701.007
716.979
711.057
863.045
701.33
732.137
759.42
700.066
726.904
713.835
709.667
749.325
752.816
743.596
732.308
710.845
730.786
720.027
739.585
779.508
704.248
731.155
810.22
700.271
745.244
755.334
769.086
697.212
702.832
699.684
692.444
730.585
713.958
729.424
717.409
758.306
444.277
738.965
745.192
564.352
706.579
724.169
722.835
756.381
745.653
767.196
607.571
696.348
688.465
721.864
724.306
731.89
448.828
499.813
719.654
730.614
736.268
728.992
789.089
724.587
745.091
741.756
784.287
760.422
738.31
744.01
738.172
752.181
737.564
725.065
720.19
742.417
754.286
743.482
719.503
727.279
735.483
727.036
790.474
740.791
730.509
703.839
733.02
719.986
756.925
240.633
741.427
747.027
721.737
725.297
741.661
733.531
739.1
752.146
726.155
302.611
769.865
536.732
727.842
732.854
707.734
683.354
717.552
727.324
715.983
713.03
721.621
684.691
714.957
725.614
717.847
742.817
729.69
728.931
733.445
717.724
729.7
745.805
733.665
735.191
732.534
466.308
751.983
738.914
794.431
301.081
731.451
708.699
708.163
711.248
707.922
752.2
739.53
548.749
741.333
746.74
738.28
755.679
712.168
694.436
705.932
712.1
719.631
726.954
736.17
750.915
643.397
695.792
703.543
767.248
170.256
763.22
730.766
700.071
784.123
707.422
751.458
733.049
738.834
729.686
726.237
721.131
745.911
738.882
773.211
701.493
764.119
735.896
713.218
724.693
742.233
772.724
711.208
721.906
711.587
747.021
768.661
717.252
728.584
748.873
713.834
731.943
725.059
736.886
742.532
759.506
728.201
739.429
733.399
744.329
730.954
762.546
741.926
744.933
736.11
734.057
727.192
739.559
721.034
62.845
726.341
765.893
717.593
766.102
722.273
723.199
762.323
715.649
791.83
706.823
253.163
770.027
734.109
783.09
728.794
724.733
728.497
730.527
765.619
751.926
731.432
717.828
744.305
721.191
742.707
715.671
705.851
706.722
690.321
700.43
766.342
714.394
739.378
217.735
739.968
721.824
691.847
736.926
719.932
698.235
692.682
713.739
774.056
810.38
728
726.204
624.631
711.494
668.575
708.333
706.205
729.935
695.29
695.597
723.715
740.112
722.573
738.526
739.302
737.143
728.993
741.056
736.838
756.595
719.25
754.397
713.302
744.935
735.958
195.435
753.261
743.556
735.097
730.117
712.426
254.64
738.884
733.374
733.422
743.372
737.443
731.268
721.211
744.713
746.663
770.706
714.767
724.182
729.896
715.066
768.227
752.605
741.885
758.775
717.213
194.996
757.861
739.424
233.086
725.817
697.087
673.077
723.967
711.362
714.434
725.406
754.536
686.656
727.67
710.598
706.313
763.083
743.948
654.944
750.881
784.765
727.818
734.455
738.159
178.662
718.125
730.558
734.86
726.219
752.334
727.485
714.456
708.797
364.117
720.455
717.644
735.594
702.73
735.953
492.224
256.941
728.06
749.642
741.914
701.844
709.266
289.005
724.72
730.327
739.398
760.609
608.321
698.529
696.379
717.466
718.343
718.518
703.229
678.533
762.249
734.879
742.857
750.638
749.708
732.902
749.339
731.453
732.929
745.813
753.861
722.813
739.609
742.047
748.619
762.368
718.716
741.715
737.708
726.816
730.901
728.365
741.98
743.545
737.877
705.208
834.67
723.089
806.165
736.154
746.895
741.003
735.456
748.185
786.258
747.812
735.164
724.42
730.927
383.428
460.531
718.974
737.942
736.068
704.149
725.609
715.979
692.486
727.478
706.193
726.428
732.646
759.505
702.211
727.489
713.149
740.357
745.655
763.252
713.496
727.939
722.464
720.386
742.55
758.823
725.604
710.124
722.457
238.721
243.529
742.139
709.388
706.223
720.245
716.334
697.813
728.132
256.775
722.923
723.426
710.421
745.861
714.8
758.767
719.755
699.312
738.989
718.041
719.175
741.156
242.81
770.186
637.096
700.969
708.214
301.42
719.894
784.537
691.177
722.064
717.394
713.047
805.418
728.062
347.794
741.295
741.903
749.025
730.826
764.36
738.947
729.21
735.571
733.714
742.586
732.991
747.866
813.293
363.438
769.473
559.279
172.226
764.348
710.459
728.177
743.883
714.234
732.34
741.766
215.96
233.094
759.183
730.58
733.431
738.804
780.475
729.127
653.301
58.78
762.914
753.211
736.277
728.012
739.796
735.127
704.004
723.16
682.583
725.44
727.644
725.49
749.051
763.87
715.619
480.328
243.552
533.843
776.581
760.666
738.54
740.546
750.413
739.205
729.096
747.029
752.916
711.263
741.231
745.111
731.426
758.029
201.547
730.767
553.123
723.91
723.078
754.673
724.3
712.242
696.055
752.585
732.1
698.492
734.828
811.212
292.382
756.645
723.975
784.76
749.535
777.966
767.575
686.829
697.483
713.139
728.932
753.954
281.214
722.036
718.828
727.554
721.924
738.928
728.758
730.773
739.244
744.607
769.327
741.593
736.563
732.915
722.418
738.368
722.7
738.754
725.618
721.196
738.419
721.228
746.358
717.672
783.51
746.099
714.817
734.405
771.754
732.449
765.712
742.333
750.203
751.043
734.496
742.87
754.089
742.103
761.529
758.419
795.442
705.858
726.163
732.323
723.816
750.252
740.459
808.243
744.784
710.629
694.669
720.646
734.099
207.007
732.644
759.231
401.191
736.252
724.037
754.856
736.58
751.454
732.76
723.587
708.974
728.58
388.799
753.777
755.592
727.355
731.93
739.259
720.422
749.838
706.59
714.931
698.642
708.402
705.054
727.471
727.422
716.164
731.174
488.319
761.846
710.915
733.628
729.669
712.746
734.135
714.609
697.852
680.231
745.757
759
636.27
700.453
707.904
721.8
693.91
735.308
689.726
693.801
739.387
700.753
747.25
712.917
736.348
747.859
731.011
729.847
730.351
731.536
745.395
446.401
757.565
722.657
717.702
726.763
708.002
749.28
745.502
737.426
741.433
722.402
730.127
727.328
732.613
737.801
729.634
714
736.495
725.18
807.181
753.791
739.205
734.044
729.479
746.69
718.868
782.055
732.026
744.952
790.941
705.7
745.235
722.709
702.984
702.945
681.437
695.786
778.239
727.4
719.863
795.524
747.148
725.457
732.784
724.63
722.007
225.07
740.274
737.404
730.047
723.141
720.163
734.617
749.599
741.229
700.493
741.735
717.657
723.497
759.974
766.437
290.894
720.937
715.948
690.4
705.591
719.744
721.678
732.319
706.878
748.651
702.053
721.229
752.228
690.626
710.349
676.616
715.833
738.45
748.929
755.817
203.786
683.794
684.282
313.635
259.253
745.445
252.471
712.289
722.092
741.746
578.615
748.075
739.918
743.732
730.847
739.231
719.336
742.671
731.653
367.715
758.096
756.072
724.007
707.902
726.254
827.467
751.463
714.739
727.346
721.931
752.829
741.074
742.534
731.207
741.969
612.736
727.419
736.248
742.79
730.647
464.884
822.871
732.675
738.407
752.988
731.99
726.381
741.749
772.548
728.547
739.263
719.538
792.381
724.431
460.479
716.686
725.034
738.172
719.858
743.033
735.987
713.039
366.756
717.875
742.311
730.635
752.226
832.705
731.591
723.124
735.844
469.329
769.763
738.24
713.786
716.768
724.144
722.993
741.756
713.453
716.147
303.957
706.255
619.437
737.373
726.082
728.498
722.708
732.652
755.289
707.348
722.941
554.884
723.045
710.739
698.75
718.411
719.399
740.756
766.748
613.421
697.601
699.162
705.653
517.153
749.383
762.226
760.522
693.343
785.986
737.676
730.43
749.128
735
740.724
751.985
732.486
749.591
806.82
715.916
743.496
463.523
733.865
708.543
733.298
738.275
740.922
749.47
733.748
726.538
808.968
711.953
742.767
732.003
734.826
459.156
733.821
736.7
731.386
752.847
748.049
762.799
739.044
735.173
732.226
731.567
753.428
793.742
719.864
767.11
757.062
714.673
751.21
748.065
698.555
679.32
712.932
747.308
719.915
722.415
752.113
703.57
712.347
706.326
457.85
166.043
773.021
731.814
745.331
744.86
737.221
736.037
758.8
744.453
788.217
720.422
757.645
714.661
743.559
703.74
740.998
714.386
709.292
698.317
792.9
735.289
728.857
735.332
727.112
739.961
713.183
759.165
744.565
252.544
724.955
700.675
707.883
623.962
760.343
736.422
614.198
703
262.667
720.859
717.328
723.426
689.844
694.287
725.942
721.434
748.578
736.996
736.946
728.184
735.871
749.908
738.655
748.814
742.409
729.973
763.915
749.814
733.027
743.816
742.03
272.795
751.883
745.281
727.008
706.645
773.18
729.65
743.008
743.673
734.562
738.894
730.779
622.198
752.632
750.5
250.396
814.863
742.025
763.789
745.693
404.077
723.932
788.84
730.722
704.982
748.747
764.797
728.186
744.214
700.028
687.872
786.994
756.203
724.758
733.916
762.37
712.557
720.905
710.376
711.016
799.057
749.717
702.818
714.999
713.21
721.863
739.939
788.997
760.053
711.399
713.119
827.972
705.664
805.278
717.327
707.02
690.3
696.554
700.817
744.868
739.516
698.134
741.89
798.219
749.562
710.604
752.269
717.939
692.226
700.228
691.628
727.275
465.474
741.659
751.835
644.005
698.819
682.737
729.043
718.898
740.496
697.312
696.288
731.514
726.178
736.538
781.294
771.022
740.84
738.797
742.201
756.938
820.827
748.467
715.415
741.082
745.901
747.23
734.179
736.584
747.225
803.851
735.271
239.167
748.347
743.405
725.425
722.722
740.805
717.047
731.271
735.498
740.062
747.276
727.892
494.642
810.25
723.568
734.541
725.067
728.592
712.296
765.408
749.127
708.079
741.556
747.8
512.051
735.443
711.838
721.379
733.662
637.708
735.01
672.272
753.095
715.964
722.791
689.332
754.051
60.923
758.477
732.752
758.552
738.689
727.253
736.111
738.544
743.475
719.596
740.444
815.767
730.872
761.114
569.502
740.445
703.339
715.41
695.891
717.189
732.444
743.398
719.942
729.51
743.335
664.283
705.768
736.62
699.816
769.164
717.517
711.968
297.928
762.526
739.802
628.682
711.493
702.777
729.773
715.615
715.94
688.372
702.952
711.318
689.083
740.581
770.003
725.25
731.23
734.086
731.676
748.616
746.994
751.853
734.473
723.135
766.997
738.759
727.494
731.831
725.575
755.141
742.247
705.064
729.585
745.265
215.085
759.097
742.948
732.004
712.29
729.746
737.946
727.915
717.093
256.782
746.296
738.909
748.353
740.8
740.217
723.862
819.465
745.422
705.801
737.656
738.22
724.032
707.272
702.115
707.294
726.569
784.348
710.069
761.958
770.709
689.875
729.485
732.518
729.349
742.245
758.759
726.715
720.282
743.223
230.425
739.71
737.424
723.296
729.292
746.702
736.088
733.98
738.421
719.349
702.724
779.32
719.878
715.168
716.929
725.47
714.097
731.053
730.161
752.506
764.834
745.383
750.557
721.935
721.538
723.19
710.714
737.516
763.059
745.559
632.954
703.437
700.131
711.133
723.078
774.169
700.303
689.467
710.898
744.066
731.701
743.335
750.332
743.614
732.322
250.134
757.622
760.125
632.489
796.985
757.723
814.005
741.132
736.878
731.465
760.208
743.402
727.548
299.32
737.442
737.611
723.447
738.83
736.347
707.975
728.331
732.96
754.819
740.486
736.112
738.761
729.155
747.954
732.184
735.493
726.446
768.08
756.083
727.21
707.309
731.551
729.881
758.271
739.753
727.484
690.343
709.3
738.706
729.973
742.674
153.526
711.999
720.458
700.035
720.771
726.668
743.328
775.583
734.869
794.983
725.234
732.732
724.882
751.035
787.163
723.525
750.86
711.852
763.624
730.637
732.39
708.665
713.258
685.799
760.284
751.752
734.635
280.688
727.577
733.126
679.346
741.233
739.206
618.562
728.96
708.595
723.52
748.245
732.829
734.758
611.494
700.786
711.425
721.359
726.312
729.012
738.779
695.818
705.702
734.25
765.111
736.352
742.376
726.552
766.982
743.412
724.823
758.679
734.422
738.631
728.584
754.744
733.383
719.53
740.815
403.955
740.488
748.004
726.603
729.671
496.955
751.067
223.177
747.463
712.209
225.476
734.179
744.147
757.551
749.396
532.745
221.058
304.26
761.806
743.869
740.402
721.214
734.563
720.987
707.579
758.92
753.023
728.13
733.589
713.452
715.094
721.785
262.143
732.238
732.462
754.278
693.448
679.041
721.962
722.247
779.104
810.877
731.254
732.308
727.916
717.665
772.282
774.803
730.515
707.123
780.104
776.354
760.26
765.243
718.406
726.654
707.055
720.388
708.237
713.945
747.811
212.968
736.669
738.249
756.539
695.902
748.032
217.486
739.157
721.815
708.57
802.202
749.712
771.532
757.472
648.118
716.914
565.596
732.451
719.659
813.721
714.345
697.961
710.983
796.147
725.348
735.386
738.772
722.781
723.242
742.521
742.597
755.754
808.837
287.153
744.42
722.795
723.915
729.653
737.683
771.264
742.361
727.016
734.224
722.771
775.017
744.038
747.101
739.167
714.955
721.383
720.493
731.324
737.837
765.481
737.208
738.322
740.447
434.129
742.684
730.052
795.481
756.173
285.488
744.21
748.436
729.762
727.1
725.146
702.451
698.866
716.583
704.018
743.848
727.231
759.233
717.828
719.009
715.073
722.256
733.664
463.876
740.094
735.639
745.214
735.869
725.711
752.192
750.929
724.244
773.536
746.251
728.446
748.18
719.417
789.391
719.229
707.426
718.629
734.934
748.365
730.889
733.02
709.097
763.946
747.19
757.552
735.271
711.976
718.911
732.832
727.737
747.434
741.099
756.351
640.491
691.839
712.095
756.74
714.15
730.343
700.48
718.387
698.794
728.319
749.895
745.135
798.046
594.746
751.827
722.894
745.865
754.106
737.194
742.777
729.643
738.532
727.209
726.411
746.974
750.426
765.815
722.97
723.272
700.918
731.431
714.484
827.841
746.173
489.769
724.417
719.295
740.321
295.317
609.559
759.787
748.517
747.431
715.201
804.793
752.346
740.023
760.29
724.279
712.89
159.543
773.159
728.733
739.128
729.247
703.114
687.573
747.117
742.666
732.337
761.129
684.782
731.17
710.021
729.724
752.917
766.406
726.948
739.497
730.796
722.237
733.423
744.922
380.537
734.649
760.791
732.86
719.392
747.905
851.258
743.1
712.009
727.39
754.349
735.559
711.563
733.031
194.135
721.104
726.873
680.333
746.69
696.376
731.803
725.811
197.363
756.763
735.487
756.808
754.368
630.443
711.743
618.733
742.451
690.714
688.387
708.508
719.336
712.529
715.399
748.311
758.74
759.069
712.956
64.23
771.516
616.629
761.958
769.125
738.545
718.085
745.285
732.02
837.292
742.632
737.819
729.688
791.821
731.914
727.136
748.946
725.032
735.883
737.265
745.842
741.653
713.87
735.267
744.521
732.302
755.55
812.518
743.68
725.83
739.009
765.496
769.947
736.231
724.285
211.496
765.46
737.462
743.187
728.608
713.081
693.829
712.952
738.138
746.537
724.612
755.867
691.986
730.136
794.681
765.741
733.751
744.581
732.357
719.134
733.441
733.139
746.283
756.683
741.574
729.401
744.093
757.166
718.229
757.724
711.466
743.649
718.47
713.08
701.716
792.694
756.18
761.653
797.865
718.809
762.034
719.248
731.688
771.045
711.276
701.714
713.005
236.462
760.082
287.803
818.64
691.305
704.966
721.314
721.827
724.094
730.418
706.909
254.077
730.242
736.736
759.167
749.605
730.676
740.414
746.39
752.052
55.844
770.51
752.379
740.089
741.435
747.496
739.496
739.885
752.008
757.238
554.987
761.204
747.585
728.947
754.954
729.455
743.386
727.09
717.051
729.295
732.576
758.915
729.537
751.413
731.525
732.69
738.666
752.002
151.68
768.128
760.635
769.725
749.672
266.576
756.052
751.819
746.052
720.493
689.526
693.161
721.554
732.524
729.062
741.387
740.03
362.965
736.396
724.696
726.136
746.223
745.834
721.409
719.054
743.652
63.403
762.15
743.984
741.957
726.212
737.084
815.386
703.75
732.292
744.399
743.556
693.407
718.738
709.982
735.926
781.992
723.981
715.306
736.512
746.714
695.829
750.245
719.915
714.143
699.781
704.944
727.321
760.642
736.669
753.142
607.283
207.632
114.889
265.966
781.558
740.436
701.098
695.061
703.802
624.928
757.619
813.11
723.308
723.531
741.035
754.686
751.108
768.819
736.871
749.205
737.815
740.623
748.351
730.093
730.038
818.153
353.591
760.62
778.335
728.053
729.491
742.511
733.316
823.014
710.406
734.895
749.753
734.36
745.441
185.62
743.488
731.894
752.93
760.636
739.282
745.953
731.28
454.995
748.741
741.884
763.559
763.612
223.495
753.77
702.277
626.485
725.178
749.224
752.132
725.051
471.093
720.038
736.74
731.904
731.905
760.227
818.284
726.853
783.674
725.548
741.841
217.148
745.756
749.668
727.84
743.856
748.656
804.637
340.602
735.853
600.307
719.254
766.407
707.612
708.684
755.336
680.482
720.516
709.255
739.544
717.156
734.248
737.712
718.362
707.689
719.772
727.085
748.659
752.823
742.769
617.8
692.351
688.672
55.839
394.327
753.387
726.486
701.482
708.489
721.114
742.163
753.153
752.326
728.956
724.983
196.929
750.061
766.328
736.122
751.379
737.43
730.596
738.559
738.717
756.762
777.029
738.919
518.058
765.693
692.172
741.857
733.54
747.462
746.043
742.057
730.376
795.413
738.677
743.927
754.123
792.941
730.316
737.56
741.48
720.131
710.552
738.177
227.43
754.634
714.955
738.646
204.934
735.381
742.288
723.151
680.267
713.651
744.305
723.947
726.861
752.183
759.836
725.876
724.243
724.807
753.401
749.045
735.304
801.922
707.376
748.822
723.138
768.354
251.365
736.236
741.644
765.73
724.166
209.149
759.289
726.243
717.396
685.495
660.919
699.642
728.609
714.66
749.884
729.819
791.248
710.518
760.163
748.166
786.298
710.207
713.829
712.051
763.795
738.572
730.42
633.672
694.797
725.432
728.66
790.834
739.362
705.998
722.386
770.899
738.782
264.994
819.226
750.228
794.008
731.645
725.481
755.381
731.432
735.376
221.55
743.554
793.537
740.192
741.67
740.856
798.488
734.42
746.796
784.373
716.711
757.738
236.955
753.94
725.638
778.81
721.137
749.309
742.284
738.869
736.093
731.989
782.155
749.989
745.084
417.079
738.782
726.163
746.572
753.603
720.704
767.503
754.103
751.287
736.284
728.153
719.492
731.374
740.078
730.648
708.053
751.928
712.873
738.531
721.754
459.465
218.3
215.677
754.145
716.536
728.815
733.626
723.822
736.825
737.352
221.274
750.548
744.71
734.756
747.384
717.956
720.382
246.698
290.647
723.393
500.386
747.19
780.857
729.381
724.243
762.608
719.201
756.49
733.856
714.445
717.267
737.638
715.411
800.436
753.22
804.138
614.865
704.319
713.954
704.122
717.814
749.166
712.014
533.023
732.167
734.928
792.567
739.865
731.439
742.617
748.959
740.781
737.874
741.113
750.83
191.925
752.376
772.321
745.056
718.94
728.996
750.744
752.813
747.104
728.827
765.096
759.611
820.15
740.858
611.873
744.071
724.701
728.361
739.018
745.981
744.126
737.121
761.682
332.873
759.738
724.127
363.453
731.51
218.788
737.572
709.666
728.549
749.469
724.35
730.165
687.427
708.49
731.541
728.972
731.862
791.78
153.474
734.852
249.975
754.924
743.903
214.728
318.492
751.369
722.839
698.535
394.712
763.421
748.008
749.694
722.809
198.258
759.059
718.92
400.192
751.899
729.971
796.769
711.54
707.272
720.659
739.687
744.673
395.712
202.003
326.545
752.523
758.561
727.605
197.308
740.924
243.555
742.568
730.658
736.104
806.257
626.35
699.656
716.664
722.562
737.722
768.974
685.408
694.202
722.357
261.83
765.774
745.075
757.318
757.52
745.287
755.716
763.633
772.09
754.193
741.889
748.323
760.641
830.742
735.618
747.925
757.595
783.529
750.053
736.125
357.252
769.332
727.025
761.844
742.637
197.9
763.996
751.486
765.184
739.505
749.706
749.645
739.815
751.638
736.205
733.802
746.789
731.023
758.615
750.769
722.619
739.97
738.443
207.353
773.952
214.267
717.6
698.91
745.447
739.587
754.433
760.376
438.265
738.138
738.589
735.97
742.578
759.764
782.371
822.424
758.175
736.948
730.054
754.056
664.559
736.228
757.518
764.86
738.328
740.211
783.984
720.817
723.873
713.763
213.707
746.138
739.724
751.832
748.76
722.189
745.758
692.048
754.993
731.356
61.117
733.928
702.584
720.868
732.868
751.111
749.316
623.421
696.789
693.74
722.573
734.3
738.439
720.515
706.746
724.465
729.218
753.14
734.467
735.229
794.894
739.157
736.421
749.621
770.424
742.663
730.499
743.561
751.928
751.736
732.485
734.989
761.125
749.384
735.644
739.839
733.055
724.04
701.682
748.317
372.903
770.823
741.019
734.992
748.594
741.973
754.629
730.388
746.989
304.611
758.05
814.745
740.987
728.844
737.123
723.738
728.098
732.349
762.774
733.478
721.698
767.1
695.65
698.407
730.095
738.908
747.157
756.354
757.678
725.485
724.194
715.052
700.736
746.022
738.109
757.398
726.66
746.43
745.693
752.413
387.84
715.277
763.152
764.648
728.988
790.158
718.923
725.96
708.368
708.765
234.987
743.259
331.476
724.879
736.448
721.211
752.512
286.298
776.148
723.955
689.234
714.155
707.135
684.884
761.754
750.256
753.772
642.951
710.632
701.368
796.059
721.892
761.133
685.652
691.178
712.063
732.043
757.679
739.514
733.924
739.179
300.199
732.955
732.113
749.59
357.928
756.423
714.23
752.464
742.676
727.929
740.496
752.64
720.098
726.944
301.405
746.104
743.968
740.572
762.211
743.346
734.975
739.884
754.731
739.101
754.216
720.173
723.39
758.075
739.739
744.409
732.466
746.886
739.891
748.54
644.831
735.427
740.408
749.032
749.797
728.79
695.98
707.666
725.418
759.147
721.272
742.914
761.414
752.188
722.241
248.665
747.287
747.6
759.932
736.755
722.671
467.436
730.973
800.853
751.574
734.119
715.495
786.608
747.506
735.735
741.526
744.094
732.167
699.931
712.305
707.257
727.639
822.357
725.974
585.225
738.379
745.036
775.652
757.983
724.153
738.198
737.883
710.376
792.151
740.139
747.412
734.915
634.498
382.158
699.009
719.058
790.513
734.33
709.484
710.216
727.145
739.37
738.62
154.58
757.095
732.508
806.069
749.862
763.792
746.384
758.925
730.092
755.052
786.368
249.988
751.801
753.758
735.236
738.761
746.455
726.382
751.21
751.897
755.225
768.355
520.515
217.402
752.728
747.879
745.988
766.947
744.825
733.146
211.168
746.219
751.13
723.26
724.157
742.081
753.803
727.115
719.459
739.952
755.541
755.444
736.659
685.629
702.723
716.913
751.172
371.329
743.742
748.015
710.412
729.748
713.757
712.178
753.947
764.323
733.48
741.655
735.2
740.957
758.278
746.713
791.973
723.805
796.181
773.443
732.952
741.549
466.595
733.556
709.106
727.049
212.212
772.806
745.493
741.304
720.789
742.481
756.617
710.328
816.967
737.661
707.262
771.699
714.929
735.151
739.945
750.277
735.236
627.822
713.378
698.409
713.982
280.214
726.98
719.143
708.932
716.51
732.13
741.77
746.526
750.661
732.137
729.035
765.035
251.031
747.055
768.022
737.481
734.581
741.399
728.196
748.157
741.368
748.044
743.801
741.038
730.383
730.872
730.09
807.774
758.432
735.795
732.297
738.902
721.582
746.226
755.727
739.377
729.376
736.17
740.421
746.559
747.804
750.663
732.769
733.686
220.42
748.651
790.641
742.772
750.334
738.218
728.775
753.413
714.869
804.339
721.402
729.477
757.283
172.041
742.668
729.244
736.708
288.839
754.597
722.922
743.007
734.516
733.525
756.863
756.966
757.472
710.352
722.318
229.034
765.097
757.353
714.497
64.738
755.308
98.554
737.249
717.861
737.777
734.042
740.496
57.884
753.012
719.743
738.335
752.72
728.725
719.935
694.371
731.148
755.737
739.909
753.083
382.291
697.512
703.577
271.192
748.406
725.979
691.714
758.768
723.048
722.14
727.965
755.881
741.84
738.923
734.534
765.129
728.972
801.396
737.924
782.62
747.133
757.006
652.371
741.113
748.002
757.28
747.852
727.947
706.851
790.104
743.233
741.253
757.491
719.306
727.273
728.327
738.027
729.313
750.695
730.259
738.252
754.785
765.261
741.788
744.901
791.94
734.275
748.603
746.713
722.155
749.24
749.01
755.172
739.725
751.056
707.184
712.755
735.121
727.534
736.499
764.677
700.142
745.828
728.901
799.591
768.09
769.233
724.135
728.033
703.776
713.111
741.762
749.676
746.183
704.384
771.563
818.372
743.811
477.046
752.004
742.473
734.019
710.2
726.454
724.062
197.137
260.112
236.785
727.129
473.724
719.369
756.246
739.401
777.932
758.368
705.874
739.29
756.756
768.8
768.129
53.075
716.003
718.887
714.913
271.945
743.517
690.363
680.227
722.791
731.349
771.053
755.122
749.316
743.858
733.732
471.486
739.795
756.713
746.929
720.74
746.627
745.035
731.582
823.022
732.786
756.729
821.06
744.167
374.019
746.944
789.018
739.337
231.387
158.296
571.524
425.397
774.337
746.404
209.695
754.507
737.925
773.111
732.434
738.589
757.875
730.694
714.258
719.252
737.367
720.531
750.951
758.159
736.559
750.978
713.932
770.856
771.179
748.79
805.686
261.332
755.231
711.373
720.67
775.852
722.312
751.89
803.84
730.462
786.74
706.929
715.908
725.03
800.657
761.079
723.431
729.984
763.593
728.93
786.369
730.574
736.296
713.685
726.949
716.206
714.077
746.712
722.273
728.004
721.457
716.739
702.335
731.536
725.64
719.352
698.561
716.774
705.439
744.077
756.497
748.237
631.128
709.122
708.802
705.658
717.717
748.818
702.709
479.977
727.585
733.207
736.358
738.915
736.156
722.018
720.54
728.542
430.777
766.119
763.735
720.802
252.322
763.457
755.606
749.386
315.526
764.054
737.042
231.881
735.16
741.939
744.93
740.423
761.217
59.383
792.54
733.794
750.364
746.964
727.172
747.676
740.404
740.834
739.931
738.765
718.084
643.594
772.167
748.052
711.1
728.971
739.938
762.682
744.35
746.564
809.873
692.995
722.128
733.598
729.088
719.519
730.948
707.903
738.332
726.308
760.947
746.823
743.906
734.215
722.138
719.889
741.274
741.893
755.464
760.564
711.001
339.758
763.193
728.337
755.248
733.079
730.11
719.51
730.701
761.261
714.027
768.84
730.493
735.973
718.222
728.207
696.043
212.374
761.696
707.809
721.367
707.089
726.606
732.527
762.76
751.962
644.419
710.82
699.642
770.602
723.442
734.451
708.94
691.257
721.155
735.617
744.486
743.286
764.059
749.197
747.857
738.717
724.721
757.214
757.859
761.789
753.252
749.882
763.202
740.301
731.553
756.493
754.712
738.091
763.505
631.198
763.2
742.027
789.365
218.162
748.339
722.168
741.741
788.062
589.135
761.33
748.602
720.337
726.13
746.704
756.734
774.777
741.544
732.097
736.19
735.612
745.187
747.028
150.53
765.187
721.333
715.777
58.199
755.946
732.16
712.62
756.668
275.842
733.354
729.561
749.549
753.804
747.599
789.913
736.915
736.616
777.032
731.54
736.252
733.987
717.101
730.349
752.387
711.632
740.793
713.553
341.804
713.321
711.458
700.63
725.4
718.729
534.63
198.998
713.499
755.563
691.734
748.639
711.865
731.529
733.977
716.458
740.153
738.01
767.379
230.455
637.077
715.67
717.994
731.379
751.113
737.457
61.449
717.467
796.961
728.973
805.63
807.657
752.625
737.967
756.274
723.408
719.113
797.013
738.764
755.267
750.032
822.542
736.743
801.271
734.418
753.425
747.278
752.182
753.295
732.551
732.816
734.269
760.087
744.823
730.824
744.433
736.236
279.566
758.957
731.677
740.023
751.151
738.242
760.903
767.334
739.719
798.884
753.335
276.363
748.866
741.04
299.42
730.502
743.324
699.098
697.883
705.185
743.946
761.015
752.702
743.174
724.682
735.594
733.168
720.744
756.608
724.119
737.849
720.967
690.982
730.078
742.796
820.496
741.554
708.019
740.673
768.745
383.494
765.078
523.984
438.892
728.322
732.746
686.503
719.064
386.648
759.524
725.427
724.191
741.344
695.564
733.424
730.589
715.361
713.307
716.876
736.64
739.447
757.252
761.443
618.075
709.898
703.858
701.642
727.709
727.363
693.831
724.746
695.636
728.055
423.028
744.768
305.748
449.022
732.238
761.307
712.719
809.144
742.821
743.427
741.105
744.928
754.988
738.207
729.064
760.355
753.081
751.333
745.015
733.291
757.542
735.429
215.43
766.402
533.654
325.874
786.941
746.47
752.94
756.144
744.489
750.325
737.294
797.495
431.466
753.182
751.639
732.902
749.368
727.784
730.53
754.126
742.365
736.435
702.935
699.741
193.177
740.678
717.329
737.678
749.126
705.137
752.607
712.779
718.648
747.848
748.46
720.52
732.538
705.246
727.88
730.24
760.709
262.932
729.892
631.559
225.625
803.407
360.297
735.237
723.35
701.75
710.539
718.092
695.991
797.076
707.576
710.627
706.89
565.152
716.579
750.735
732.326
693.663
691.984
778.019
718.699
743.046
755.954
728.372
637.705
