293.285
302.482
203.132
24.542
22.455
62.134
332.482
70.846
111.207
706.141
255.62
82.244
97.263
143.629
39.646
23.821
168.021
305.102
115.236
50.659
243.112
38.691
233.931
666.738
848.138
387.457
39.923
47.998
422.626
47.482
404.114
990.981
91.401
351.957
33.841
168.712
80.776
209.238
409.864
592.338
25.444
127.349
864.951
304.168
129.432
277.135
19.85
18.304
510.017
218.526
21.574
59.5
171.836
108.606
737.859
21.478
46.508
31.206
192.414
210.288
62.623
567.755
277.48
49.629
165.776
68.207
349.902
926.112
65.085
138.003
326.752
18.454
1140.518
120.543
121.926
84.236
133.542
160.86
25.045
30.149
74.059
252.715
770.78
105.489
59.868
167.869
68.946
243.197
202.502
177.218
54.472
202.69
129.116
48.36
24.457
20.368
22.94
37.478
30.684
30.355
281.383
165.073
273.524
302.915
1194.124
404.413
471.082
66.115
488.735
52.704
132.73
1170.146
27.944
51.899
63.439
242.221
509.824
165.139
32.136
36.258
64.242
22.872
975.632
24.907
32.157
310.442
1252.431
35.866
81.791
45.914
765.178
27.563
156.051
494.31
510.862
495.639
21.337
26.388
39.269
1150.144
247.862
75.991
172.57
186.645
287.315
126.421
23.117
331.662
1290.063
1509.408
23.597
201.186
18.564
46.752
184.586
109.862
894.139
83.955
179.073
175.639
229.618
430.383
20.315
106.101
55.027
104.879
215.567
432.244
289.031
63.113
226.177
33.858
92.399
1303.729
41.733
123.969
265.316
726.525
20.31
274.979
39.295
79.37
137.7
101.534
59.787
1245.132
242.448
810.623
407.197
21.616
209.92
172.106
30.213
51.728
60.851
41.366
306.593
44.892
156.328
63.305
28.422
119.747
520.978
76.208
35.418
230.019
480.655
60.675
461.599
168.507
723.237
39.02
481.561
117.564
175.336
89.71
155.504
172.157
42.382
295.066
309.32
37.377
275.117
54.618
29.06
207.852
918.582
117.857
183.961
127.504
25.908
947.47
52.259
79.967
622.011
58.09
766.981
540.794
376.086
83.343
391.842
984.828
34.089
218.361
23.141
1548.422
210.869
139.755
56.296
187.259
1337.917
139.85
608.58
157.059
92.937
48.447
32.356
89.372
522.244
23.831
89.672
130.166
30.003
36.706
94.734
190.243
20.877
84.614
39.055
539.897
22.71
354.583
73.383
201.925
27.945
25.458
71.674
329.519
39.355
25.122
372.145
825.544
22.487
239.095
621.447
36.731
149.411
729.931
53.366
32.135
554.937
37.522
302.861
93.063
67.035
48.307
22.02
216.84
241.566
73.518
64.523
1056.417
24.93
24.71
353.96
277.821
436.485
125.835
62.595
42.943
703.006
185.112
113.463
116.773
347.806
120.806
166.468
57.481
99.374
184.954
651.713
72.704
350.457
81.953
139.937
63.761
39.903
1116.712
429.852
268.742
34.338
197.272
850.173
30.72
253.437
18.672
29.657
475.441
734.92
96.721
165.455
22.35
93.227
35.114
424.39
343.199
537.439
180.041
77.558
56.319
21.645
384.964
42.739
136.242
80.845
54.441
38.426
93.047
29.776
429.763
59.191
168.019
62.068
97.933
25.046
79.853
19.759
37.569
62.344
20.556
64.043
965.161
36.512
381.651
163.351
52.707
740.659
1119.626
59.044
23.706
30.105
257.478
259.952
771.999
184.512
129.429
208.642
48.352
518.507
204.775
1195.654
24.294
21.492
94.409
66.441
257.792
33.476
107.243
37.356
29.387
24.971
613.736
29.402
352.63
85.096
1273.973
373.072
115.16
368.352
61.941
548.989
40.608
200.009
144.621
2291.701
111.803
91.737
215.878
32.267
294.822
46.248
206.67
60.807
245.242
133.354
1090.407
139.485
63.093
581.638
35.698
415.883
63.465
164.237
1950.066
90.884
159.271
41.434
43.783
419.494
104.605
390.688
22.691
62.505
57.041
46.047
104.184
229.537
20.301
117.543
265.291
400.959
44.07
148.505
281.518
806.865
25.595
93.12
79.252
90.733
715.633
38.363
1068.025
150.747
35.055
229.176
138.751
1348.714
20.531
54.124
707.128
30.58
127.457
150.216
188.21
689.503
154.021
26.197
37.238
933.698
178.009
64.147
86.566
167.511
130.752
22.754
68.607
581.253
49.501
209.817
256.244
93.134
74.123
71.933
403.133
562.264
57.939
19.251
31.715
60.493
31.56
159.099
26.481
204.658
218.989
18.847
58.067
1364.982
715.005
141.232
298.056
79.353
151.918
23.008
22.149
555.957
1709.105
307.495
351.414
32.034
1233.186
408.466
454.395
32.493
363.412
98.07
234.843
1928.581
451.675
53.15
1116.51
67.585
653.462
855.075
26.932
414.404
171.392
199.655
28.041
1125.03
168.58
28.23
62.477
517.983
160.774
496.046
140.578
591.73
23.187
264.632
47.06
237.534
463.515
1067.277
55.565
22.697
84.072
41.249
19.982
19.828
49.226
135.319
31.917
21.009
27.668
21.363
175.786
332.211
516.57
225.712
661.3
168.061
162.237
812.937
72.767
55.163
124.394
31.815
82.154
29.477
419.495
158.857
59.252
949.987
22.039
40.161
35.338
306.735
126.289
19.445
25.064
37.91
64.692
746.558
30.378
67.058
65.735
24.114
53.721
27.631
121.776
799.673
544.519
125.71
273.433
304.862
51.394
322.125
180.003
387.23
78.177
28.697
163.66
169.461
78.795
288.181
96.797
127.618
71.976
428.063
74.555
766.3
222.703
53.157
1007.624
2025.799
459.68
163.89
548.301
54.021
26.222
89.966
95.021
18.509
497.526
371.09
33.08
145.257
39.216
1057.811
135.564
37.822
594.071
188.26
43.1
242.508
369.733
199.205
61.715
234.684
208.567
104.091
243.121
172.17
111.105
67.978
370.561
233.19
22.262
268.968
362.308
28.587
259.2
173.707
1074.064
203.535
33.907
48.062
24.982
18.442
94.278
124.059
60.822
87.681
23.758
36.613
70.746
209.572
42.094
53.282
116.566
65.814
40.638
24.973
404.607
29.107
39.684
35.173
21.98
25.168
135.933
254.224
369.339
21.953
28.619
39.71
38.131
1494.355
667.859
26.287
42.572
225.747
88.155
823.154
77.945
75.015
129.14
124.817
109.855
1012.572
60.657
30.391
836.537
69.23
252.647
311.4
165.342
109.757
1948.446
21.762
68.414
116.261
114.037
131.659
303.685
98.671
127.952
94.781
48.91
549.203
294.374
1208.322
714.863
44.151
108.582
77.823
328.481
127.201
189.853
211.322
240.274
124.857
1495.244
209.627
454.611
53.996
179.165
346.312
134.826
31.323
27.577
88.94
71.409
65.566
102.188
32.213
63.338
25.719
284.582
151.511
1045.954
102.479
44.908
37.575
95.014
73.769
23.18
217.685
21.299
586.94
254.978
242.877
65.122
182.468
230.703
34.363
155.598
802.502
322.465
48.532
361.618
88.808
827.114
40.387
365.886
20.717
621.665
84.571
52.796
639.429
69.556
69.294
283.937
460.557
22.853
27.455
105.52
64.227
42.772
884.071
129.277
380.563
25.869
204.288
28.534
425.593
165.29
201.709
30.841
227.654
27.029
25.52
390.966
431.394
270.539
84.345
23.866
31.876
41.473
2440.356
24.293
755.842
39.725
83.544
67.233
484.625
66.568
689.824
211.699
350.292
511.17
952.941
83.389
42.846
471.466
207.333
21.662
526.335
46.34
188.677
666.749
118.157
137.871
235.005
1435.527
31.374
274.047
69.955
132.174
640.167
24.855
28.164
102.721
24.431
175.887
208.242
238.066
27.434
128.799
140.381
59.09
87.524
19.716
1124.982
566.068
34.882
222.784
193.317
46.649
236.284
182.686
421.171
217.723
36.883
27.05
346.412
263.454
40.683
24.141
19.529
105.712
25.094
35.269
46.571
78.461
177.884
149.423
25.321
44.554
191.725
34.488
23.496
871.871
104.919
273.979
257.877
37.05
75.998
581.985
100.567
172.85
38.817
233.987
213.689
87.629
207.34
27.7
53.905
133.303
316.07
43.802
145.612
266.289
59.648
234.343
222.949
74.827
522.961
26.184
152.855
20.581
205.98
478.54
37.328
1038.213
1016.214
286.791
345.161
114.407
186.96
54.578
148.289
218.106
885.42
153.752
49.076
135.943
87.186
165.136
40.803
388.915
143.235
236.176
1157.578
555.232
344.964
31.665
380.379
187.449
49.193
486.358
23.55
124.634
163.635
221.392
46.66
123.852
34.334
975.489
472.568
21.297
30.137
186.945
20.515
22.657
138.983
46.969
69.384
174.175
50.788
107.71
78.973
457.431
39.666
157.907
417.76
252.611
134.465
29.757
112.923
17.643
57.94
22.728
801.003
166.52
97.746
142.32
309.29
34.945
232.195
551.741
303.26
963.204
93.884
564.838
116.692
152.498
166.162
43.737
588.359
73.594
19.652
40.925
100.114
53.815
360.465
243.664
394.277
34.897
775.799
250.268
82.513
19.362
29.371
38.269
287.092
881.727
250.575
51.239
84.206
349.342
78.383
23.191
617.726
84.836
192.709
42.228
22.637
85.253
35.958
1987.616
257.647
45.491
19.253
966.989
59.706
67.031
47.184
64.535
235.985
276.679
413.833
692.688
46.343
85.261
274.419
238.048
34.867
26
64.47
651.118
27.992
34.016
59.635
126.361
274.62
36.266
59.112
115.182
156.558
505.064
45.452
413.276
71.911
1049.194
607.695
823.219
96.363
438.356
638.135
181.4
220.644
254.673
140.372
27.046
109.132
294.968
452.182
107.627
27.117
41.564
42.023
227.774
101.429
236.017
38.901
162.59
258.631
93.251
20.321
37.686
25.265
20.891
485.417
22.957
59.991
355.099
1193.472
28.077
107.927
31.82
819.686
155.759
123.93
165.936
768.409
875.659
190.554
184.191
813.148
237.856
134.169
42.391
74.796
200.034
166.053
26.781
162.852
916.274
706.765
21.994
43.849
35.023
214.19
708.55
187.095
66.971
158.385
307.457
207.307
24.183
50.209
553.438
163.823
267.746
283.347
136.075
20.573
258.314
85.369
351.701
829.091
115.445
19.909
25.745
132.265
271.167
39.984
201.534
50.057
38.809
1386.508
114.123
180.845
373.24
38.376
27.989
119.159
27.567
67.191
40.452
95.945
251.288
211.482
22.829
167.944
38.114
23.31
62.173
716.272
240.474
43.838
1402.465
376.07
729.281
146.3
121.455
265.634
85.391
75.856
103.449
203.097
40.12
121.682
37.711
46.887
27.327
789.978
339.093
328.976
26.367
144.511
109.92
1166.174
194.235
23.057
289.708
50.233
194.129
559.394
48.834
85.075
37.179
23.303
387.061
30.361
25.562
19.489
76.418
85.51
60.949
642.822
352.56
565.538
235.731
147.6
639.76
47.577
185.435
403.121
102.783
24.961
65.851
379.673
101.601
816.122
37.937
58.592
230.064
30.788
278.486
180.719
167.296
171.169
480.617
69.933
86.293
245.35
227.313
83.87
193.711
30.686
64.893
54.161
27.483
33.983
442.961
1085.09
105.672
315.454
571.258
124.902
39.351
57.773
126.148
73.405
25.502
55.017
337.662
648.02
50.337
387.358
108.381
23.29
64.995
616.387
46.512
20.311
108.273
75.597
229.984
50.216
82.952
33.423
225.219
19.558
158.234
20.893
179.431
841.618
46.059
405.145
34.636
228.948
21.347
21.912
35.35
99.139
20.297
69.186
22.448
69.413
56.132
117.156
75.929
18.098
122.029
71.245
30.432
350.284
74.638
160.858
24.343
135.599
193.079
137.849
31.923
204.079
333.316
187.206
24.552
23.685
27.267
27.35
194.779
307.523
80.753
251.247
68.08
296.264
225.287
28.437
28.522
23.577
77.962
35.352
282.523
421.321
89.248
83.28
129.166
42.627
277.799
518.615
297.125
87.355
268.286
1426.105
170.844
28.902
110.237
71.919
133.39
197.482
569.692
103.555
23.965
142.276
66.99
245.597
185.277
24.316
28.062
70.098
99.323
138.729
45.946
32.374
846.316
449.238
21.368
19.098
50.033
227.75
169.726
32.625
26.349
293.702
22.863
886.233
228.366
200.02
59.272
460.17
573.646
64.414
28.081
79.247
21.926
38.267
95.929
41.84
377.92
97.628
342.997
44.05
34.758
366.605
152.419
94.89
40.751
22.081
79.868
83.015
149.225
275.714
233.333
25.283
649.693
146.487
19.527
153.726
30.657
595.6
88.794
317.326
85.464
28.278
29.04
70.026
518.488
315.414
95.088
98.398
903.257
42.086
20.49
234.263
23.411
145.048
125.548
312.399
36.843
88.944
31.921
36.588
121.86
41.869
86.44
31.094
459.197
76.905
419.609
389.059
109.358
23.998
968.611
43.946
97.409
157.458
670.486
31.805
146.423
192.093
583.035
81.257
162.298
232.742
52.129
28.047
41.619
64.126
51.334
28.832
59.312
121.406
23.241
20.308
90.353
110.517
422.67
311.078
317.389
56.749
433.86
365.117
24.553
39.992
28.597
62.013
28.326
256.372
117.806
22.282
18.289
254.188
19.499
26.36
104.875
60.224
283.357
37.308
184.578
69.912
91.09
202.079
75.336
110.929
208.197
361.713
231.565
91.22
17.975
176.923
58.501
366.099
31.548
27.219
336.142
94.404
121.814
31.913
24.261
1031.568
374.925
80.906
215.831
79.875
174.469
45.839
177.063
126.951
23.992
28.859
33.348
38.327
134.932
1229.309
144.837
227.63
232.286
291.025
225.314
67.838
189.31
111.5
105.61
584.93
100.874
163.325
196.281
251.479
315.456
34.916
57.701
376.693
52.284
24.189
222.871
597.512
137.151
349.622
409.588
46.391
439.015
101.376
513.931
55.31
27.505
177.985
330.705
135.591
452.589
82.141
233.543
37.748
500.437
40.637
216.949
38.281
25.974
637.534
69.191
64.681
399.618
121.932
57.024
32.307
59.329
135.96
81.485
69.947
463.308
274.73
20.107
22.187
299.732
57.002
31.608
88.443
20.276
389.236
27.502
20.367
24.851
23.891
235.643
172.169
39.068
70.887
24.091
22.579
697.987
82.024
26.247
1163.632
35.406
166.891
32.149
414.482
72.185
1140.291
398.437
139.867
39.851
592.751
50.756
107.746
300.188
39.506
242.592
178.935
81.008
142.546
207.115
70.239
35.053
104.252
153.515
169.105
216.836
539.039
127.409
326.372
98.755
68.02
49.695
130.054
637.96
465.338
87.431
153.22
133.036
140.058
111.349
27.354
99.829
45.64
585.206
70.828
344.825
76.966
25.864
89.052
456.262
206.324
187.385
229.104
252.932
536.272
43.589
446.791
49.081
92.184
91.134
29.068
346.241
624.266
170.741
19.991
34.455
210.872
290.338
696.077
82.32
158.625
54.325
25.262
1150.42
1265.968
242.549
38.184
35.304
495.865
185.158
99.262
56.73
1224.106
1243.089
25.706
100.241
130.032
130.229
31.301
179.3
30.414
48.198
62.638
251.826
53.02
266.053
34.481
37.481
23.498
23.683
112.59
19.281
21.026
30.691
79.667
19.815
58.967
22.033
98.423
39.134
61.011
584.004
38.988
38.691
46.043
26.053
35.307
66.688
211.69
1336.989
165.457
29.599
401.984
420.161
394.288
119.101
240.806
56.548
30.553
98.172
39.106
120.886
66.234
150.783
128.362
104.123
194.879
187.969
72.435
45.974
654.637
564.301
21.064
71.511
39.049
27.469
30.957
202.207
32.78
45.922
297.61
31.46
25.835
31.343
58.148
68.372
450.145
34.755
128.766
530.522
167.407
188.078
233.966
113.561
754.321
26.044
204.337
63.355
69.572
39.678
20.936
140.208
216.121
572.37
290.637
37.862
29.668
28.698
116.406
21.596
67.372
46.317
847.189
64.593
38.872
413.31
42.012
21.678
57.721
24.815
25.062
34.363
37.059
72.442
557.437
298.85
193.057
146.248
306.169
157.367
192.399
24.989
515.445
57.2
31.887
57.936
814.662
382.914
244.446
603.992
19.855
77.382
107.671
181.584
22.368
18.921
440.494
47.574
20.146
751.074
1379.726
29.215
24.566
22.87
662.457
527.5
46.556
270.821
72.273
122.999
25.716
56.537
81.133
36.378
50.571
21.751
30.91
163.419
159.792
217.394
84.082
212.874
62.252
19.574
89.02
91.065
18.663
35.632
20.939
58.656
66.89
484.828
717.227
304.198
35.567
156.123
28.876
55.559
302.855
22.016
143.466
150.075
800.029
111.114
147.538
94.418
21.324
354.362
87.006
72.641
36.086
82.909
155.887
732.698
32.913
190.19
43.612
208.786
147.543
22.385
150.848
490.091
37.572
25.609
119.623
95.924
28.173
24.446
588.046
39.33
169.806
19.751
37.526
955.835
1090.189
478.764
72.906
962.164
104.325
55.995
307.456
783.307
28.856
32.604
29.118
48.865
901.299
35.362
128.115
663.649
58.843
773.463
26.633
2103.489
117.708
598.398
156.154
602.484
593.225
21.945
80.587
171.686
151.875
344.076
57.704
443.351
60.554
113.227
382.194
67.602
250.55
75.359
119.436
139.959
61.595
34.963
46.312
347.07
81.904
64.26
139.108
140.585
238.475
232.922
67.907
30.376
142.585
170.231
22.366
33.216
215.803
155.968
32.923
21.043
222.862
608.383
30.052
332.567
72.288
73.514
219.648
1137.88
38.18
119.139
166.715
57.214
52.151
55.966
676.691
341.54
18.241
305.418
971.615
106.005
214.109
25.397
31.355
22.195
552.153
36.811
271.215
58.387
33.938
44.466
1713.095
74.285
268.959
277.723
497.458
30.999
20.122
87.025
200.395
234.567
30.972
97.288
103.653
42.962
142.884
271.364
150.112
91.177
27.7
21.414
158.027
573.798
166.135
24.782
598.509
28.638
170.837
213.585
222.53
36.565
342.293
28.601
322.289
40.462
130.695
144.719
30.414
448.647
113.989
420.457
670.196
196.281
69.595
708.229
365.64
100.094
52.089
42.398
172.683
491.484
25.399
238.116
362.473
184.733
482.07
28.268
92.141
96.415
322.871
26.39
63.021
25.981
283.935
246.39
22.267
37.437
362.302
22.462
417.632
236.984
87.61
202.274
588.013
40.153
129.618
28.273
18.687
37.362
29.952
41.148
362.47
24.397
27.259
69.122
38.911
29.49
60.999
672.589
39.045
97.152
441.728
29.59
100.478
18.85
34.57
257.315
233.602
785.059
908.884
124.391
276.369
295.691
540.692
395.706
283.912
22.866
29.83
399.73
185.447
48.026
131.593
39.627
48.989
436.088
48.88
298.152
320.009
259.583
459.908
32.292
173.836
344.414
82.209
335.479
169.045
45.848
410.897
150.845
23.256
93.867
63.8
312.51
120.98
23.488
72.175
33.351
32.15
43.329
132.552
198.64
193.049
246.383
170.32
240.609
105.094
60.528
185.524
290.148
86.596
39.589
23.745
627.381
351.057
29.623
137.184
161.547
275.173
699.212
410.846
869.827
46.382
33.301
681.891
226.265
56.308
253.306
67.288
1312.206
50.919
33.296
65.536
372.939
95.228
128.529
22.266
232.504
105.549
209.549
23.843
206.122
93.173
22.039
38.924
316.954
442.078
34.23
344.774
282.296
250.156
42.148
35.338
77.15
69.996
21.802
92.791
45.807
268.721
526.674
35.688
232.488
327.229
22.893
223.26
22.151
85.687
37.538
318.931
31.656
151.568
485.52
330.883
175.65
610.754
592.525
132.573
29.142
24.494
42.928
205.21
55.989
38.845
250.405
67.233
23.024
26.544
23.592
49.058
395.681
45.402
23.676
157.901
83.999
94.991
114.934
69.161
34.194
175.198
33.245
48.9
1908.719
200.821
170.636
134.344
58.719
844.39
192.298
252.745
213.928
720.537
126.152
165.773
29.671
530.046
87.921
36.046
569.112
129.531
118.176
31.813
53.475
49.367
1545.011
21.77
29.635
161.204
70.891
1020.625
27.02
34.809
1038.514
47.961
17.951
36.731
195.589
26.29
213.228
36.776
84.492
377.131
505.597
1200.774
57.994
18.267
29.504
140.788
21.003
123.92
49.958
54.897
65.57
103.885
39.556
338.289
262.752
316.152
29.626
103.011
306.726
153.683
313.547
431.685
23.948
103.822
51.12
65.1
21.612
55.514
167.182
30.307
207.569
212.205
72.06
158.404
34.371
48.203
31.449
1342.637
100.672
83.993
194.925
61.995
729.758
21.5
557.394
27.335
430.134
29.175
707.323
183.072
88.169
168.824
216.139
174.973
85.986
175.545
378.899
49.332
437.948
129.918
21.852
73.743
1113.032
159.29
41.07
182.979
130.048
376.447
953.64
29.599
168.872
21.978
171.51
58.365
255.162
293.264
39.376
141.695
51.676
186.707
39.557
216.063
276.892
29.795
40.333
314.776
20.695
20.92
44.715
34.301
101.366
65.257
58.964
27.455
22.51
147.272
179.511
19.156
138.736
252.175
79.642
36.601
268.442
72.109
67.905
98.595
20.375
756.699
37.509
209.329
232.083
24.154
27.387
27.873
29.92
139.001
80.785
69.48
131.532
76.401
1108.342
237.983
18.788
128.105
81.964
39.94
1078.162
171.873
185.005
37.023
120.263
23.316
190.745
23.624
44.193
21.864
74.532
172.019
34.823
102.178
283.084
160.097
28.022
29.164
268.896
31.341
133.041
29.874
39.28
79.404
32.488
104.631
31.938
203.907
34.246
34.607
41.309
86.947
88.439
25.762
435.995
33.445
28.58
582.484
84.518
571.83
30.377
33.521
229.206
30.742
33.988
26.378
25.832
31.436
107.556
43.712
36.206
52.726
198.888
23.973
30.468
196.936
23.249
28.067
752.209
63.136
42.097
187.495
60.081
29.502
793.983
168.594
635.936
83.886
112.038
171.118
46.123
82.094
33.935
217.116
310.782
123.524
25.075
21.967
231.268
39.69
52.501
26.655
384.95
49.594
30.078
76.524
498.059
58.094
635.565
680.311
174.366
530.927
59.518
898.173
139.46
333.468
439.617
790.336
107.171
43.206
84.873
191.535
37.578
738.679
569.13
147.961
67.798
20.283
619.802
309.349
59.914
693.004
57.743
249.423
44.617
45.263
106.341
27.896
119.975
184.266
111.876
236.756
36.614
519.545
1099.903
33.751
677.02
366.682
47.907
60.005
275.888
174.492
74.957
168.73
109.171
46.293
85.581
298.276
46.767
120.137
81.82
283.81
38.936
156.215
172.574
37.356
23.234
134.654
24.108
21.256
26.57
444.25
53.074
249.392
130.037
279.615
62.878
47.699
20.908
114.273
31.122
32.86
312.131
42.741
26.158
27.822
40.335
51.538
428.556
31.588
144.111
220.397
199.169
57.909
53.895
53.008
27.788
197.629
110.494
43.172
469.78
83.122
92.089
146.959
21.984
23.593
60.303
37.441
769.054
210.957
90.871
233.6
147.816
41.085
444.756
57.531
57.581
242.378
43.048
33.478
61.962
28.611
480.433
29.058
43.871
29.816
22.5
44.297
135.616
277.173
33.131
25.277
109.166
176.548
88.431
259.162
84.469
1688.974
302.395
36.149
143.567
419.046
116.797
1250.815
27.908
256.87
453.565
165.054
377.435
704.424
1329.973
45.293
744.259
24.318
148.9
663.149
162.111
146.297
25.832
106.769
226.556
150.654
584.654
82.545
86.408
260.134
214.11
55.47
62.149
224.567
117.772
100.859
232.153
87.994
175.357
115.461
404.724
92.636
43.806
70.02
110.188
43.347
35.421
19.454
265.915
464.391
46.026
178.523
30.396
145.688
23.57
1648.755
285.308
255.61
435.524
597.896
37.81
60.261
17.966
47.595
86.593
18.77
226.049
227.954
538.728
30.44
30.74
38.802
41.532
754.293
27.568
147.788
74.642
44.489
32.39
77.693
1040.758
150.079
344.318
157.893
32.376
100.775
642.715
20.194
449.836
63.489
71.935
53.155
31.658
584.253
416.908
132.256
18.886
369.733
172.013
22.521
98.492
132.185
56.841
522.134
176.108
151.787
34.143
29.135
27.706
375.139
50.524
321.595
75.377
64.657
541.886
126.636
346.253
182.539
46.758
136.643
39.948
123.618
59.833
177.083
271.942
320.33
92.428
140.17
163.753
41.116
30.768
21.334
23.505
92.742
340.932
19.391
36.476
359.409
44.027
168.268
260.229
109.107
24.739
150.845
200.015
54.165
26.028
46.796
40.807
30.47
156.401
41.678
35.789
37.617
44.438
21.224
99.196
178.037
127.009
61.276
23.498
122.082
183.3
506.301
1167.775
34.672
29.947
117.09
141.863
25.221
68.579
83.339
157.93
24.071
85.539
243.993
37.876
134.456
1047.662
252.356
18.395
65.153
33.523
681.957
289.687
27.115
22.332
87.718
348.704
29.731
22.003
76.119
77.054
98.511
40.821
97.275
88.008
44.774
98.9
33.278
392.955
696.145
491.529
40.469
56.482
262.661
48.527
61.53
243.457
400.57
101.113
27.316
802.109
378.667
619.313
78.016
22.165
106.957
24.386
20.676
129.607
284.239
207.545
65.186
27.97
33.353
113.413
324.715
252.913
179.995
73.852
27.584
166.746
22.935
263.434
294.164
175.07
454.621
332.973
27.69
94.471
86.796
85.722
43.058
102.494
102.773
84.195
22.969
208.353
39.166
80.645
31.958
77.907
53.992
46.133
20.125
20.059
22.026
112.431
443.265
109.213
130.851
49.431
28.303
42.491
42.833
204.109
281.121
147.404
72.555
30.441
127.567
52.92
197.956
47.148
146.596
33.445
89.858
626.484
30.57
43.729
641.365
537.588
572.871
203.63
74.181
102.646
140.503
124.638
119.894
363.433
103.367
192.054
102.482
22.928
25.946
26.713
119.509
34.717
87.777
49
250.341
39.291
63.78
30.247
259.052
48.005
45.301
34.214
105.379
33.024
142.006
292.942
56.208
29.181
27.042
104.607
35.397
772.138
73.887
121.804
51.166
45.219
26.131
388.015
152.851
129.493
100.966
67.795
179.777
149.124
632.167
1126.248
53.483
386.02
43.646
27.71
20.985
428.945
1142.121
28.738
45.51
116.18
174.144
759.548
418.198
35.891
87.643
715.455
61.393
168.612
104.426
33.693
641.609
31.249
72.535
22.413
472.585
19.572
66.264
36.159
206.403
25.437
110.301
274.872
1600.412
29.207
141.268
276.347
627.553
301.983
41.42
19.818
247.626
88.413
18.439
173.479
961.951
33.517
308.052
63.458
269.553
90.165
110.871
24.482
22.791
73.063
624.101
521.884
33.213
375.209
48.837
82.627
161.773
103.093
255.87
40.406
42.901
116.359
34.917
368.956
21.613
111.807
90.747
165.285
500.895
58.916
148.651
208.069
423.116
71.065
25.6
81.712
156.863
38.156
76.22
51.795
53.647
1017.461
248.154
224.504
96.729
81.176
123.162
32.642
522.377
24.197
118.373
194.228
36.45
668.596
817.392
43.596
47.583
1175.207
128.217
847.789
39.022
198.989
104.161
28.562
1018.278
41.727
80.967
595.844
188.802
167.975
34.001
167.578
1024.155
43.721
194.408
26.751
44.615
42.52
140.359
19.752
83.295
371.232
355.968
314.563
422.875
22.108
226.891
114.467
44.411
59.491
328.652
65.866
232.962
30.908
130.667
46.115
44.608
19.828
100.336
530.114
293.545
24.892
27.618
69.478
118.407
35.468
46.262
452.29
137.001
217.931
82.481
122.051
200.42
429.797
149.911
226.746
240.681
142.835
83.126
214.865
858.867
48.71
106.492
664.052
98.601
109.803
34.952
97.401
34.155
110.019
646.697
330.677
92.838
185.42
32.282
37.201
223.359
131.115
190.723
43.569
86.702
255.132
183.675
100.026
23.561
27.986
547.204
62.197
1171.501
143.107
282.275
75.971
80.73
136.379
1843.788
174.703
103.296
23.279
137.483
742.024
32.232
35.885
21.908
51.507
33.797
102.882
79.754
74.986
313.292
44.469
732.678
26.537
28.003
43.317
103.002
46.949
218.143
21.132
43.248
17.848
35.878
21.561
356.339
177.697
291.995
58.47
104.743
25.186
73.487
499.6
34.848
82.645
831.978
46.634
46.141
601.555
43.707
31.124
207.531
451.114
22.686
110.278
146.745
24.962
39.732
594.163
191.077
114.287
108.716
32.641
229.526
347.848
235.622
41.7
145.213
150.463
93.543
170.404
36.386
106.343
653.689
520.056
158.095
504.729
87.754
65.193
80.199
151.78
226.42
123.672
68.915
65.542
1768.733
24.803
171.988
301.539
93.372
49.233
20.597
654.237
394.515
27.055
354.617
377.262
98.926
36.826
117.91
54.523
336.024
61.8
96.688
100.795
51.807
446.91
106.48
236.533
33.919
23.233
43.059
40.78
363.452
219.116
866.417
71.043
76.839
100.738
82.493
86.593
26.861
26.067
36.6
1950.935
151.44
18.144
42.047
252.447
54.103
533.445
26.786
135.901
93.344
43.425
330.936
69.373
983.858
63.697
57.125
120.191
22.314
522.011
22.342
209.371
1995.715
497.251
656.793
96.233
73.871
43.847
101.56
856.78
251.104
930.197
579.371
183.631
329.112
1744.348
129.101
317.789
46.941
128.332
24.34
313.924
139.973
163.551
43.576
49.062
440.352
433.152
206.809
208.924
30.966
26.939
163.693
33.56
33.772
248.135
150.219
577.235
892.303
277.827
1000.582
34.499
22.35
64.524
104.839
182.091
32.812
77.781
23.045
29.47
528.906
457.11
258.569
1309.05
56.095
306.077
27.362
709.944
21.95
44.018
100.923
67.074
58.873
28.437
157.408
56.086
486.898
109.333
21.379
111.921
68.291
94.867
140.302
22.838
19.204
320.871
96.703
42.55
114.971
628.681
29.271
529.435
871.14
417.439
19.059
231.898
508.703
31.504
449.378
28.051
26.371
150.606
265.505
122.459
36.234
46.678
436.473
54.107
40.912
328.584
168.758
516.748
28.984
151.906
64.07
85.759
21.238
19.545
737.031
19.761
51.726
1487.925
29.132
451.775
391.703
143.819
548.033
22.428
48.337
26.239
29.039
599.908
52.699
291.809
371.993
460.271
278.791
378.927
30.499
34.349
827.432
157.073
520.335
80.641
119.54
58.542
80.8
116.076
278.448
329.844
19.014
22.589
100.086
608.017
150.981
46.533
40.832
50.058
70.704
93.831
73.858
149.822
33.443
100.071
53.957
387.409
190.119
614.824
67.889
730.753
20.339
106.181
273.498
118.284
61.134
57.655
68.953
32.984
486.397
228.089
46.172
45.145
398.862
22.263
52.65
108.961
32.482
22.554
536.884
22.551
134.121
401.118
204.028
481.328
75.915
21.894
75.097
103.595
307.671
76.46
44.267
113.078
138.636
170.661
1006.54
1224.644
53.534
407.078
41.912
22.616
71.516
684.94
191.425
302.347
24.508
102.253
163.959
238.876
135.371
23.044
133.462
35.102
194.239
352.647
170.204
52.371
41.592
46.827
44.754
83.462
165.297
106.757
114.836
500.555
1848.801
233.092
122.158
29.63
99.718
150.198
93.332
203.611
749.535
131.376
35.384
94.419
453.863
33.42
38.771
83.445
20.417
597.156
56.613
135.573
198.701
65.473
821.066
19.508
77.408
182.504
38.439
28.111
164.194
426.525
34.325
31.954
378.998
26.97
174.315
91.76
67.908
812.592
575.276
31.484
62.411
148.015
82.4
187.293
54.774
72.986
120.528
61.375
138.559
82.097
155.037
120.768
17.178
17.976
114.25
144.883
46.15
26.545
24.804
215.469
71.028
242.201
276.953
122.615
221
59.029
43.441
23.582
888.436
26.028
264.655
62.667
167.979
59.807
471.124
140.768
139.992
30.871
105.132
20.436
1051.281
22.569
25.29
205.952
47.842
261.165
86.252
797.311
20.313
42.228
28.43
25.868
221.397
58.001
551.26
70.965
831.045
56.46
54.302
495.795
61.216
75.217
83.849
134.561
32.896
65.227
34.741
137.38
57.774
92.915
43.374
27.168
472.744
842.109
60.189
133.899
106.589
663.626
194.51
43.508
41.511
221.243
28.545
29.014
31.931
796.15
69.308
703.333
26.477
24.732
25.327
148.609
505.259
204.581
601.533
206.605
104.622
96.087
104.978
421.617
129.077
88.312
98.291
260.624
236.821
39.113
64.779
41.68
38.514
1297.256
91.631
301.539
244.148
86.267
333.493
60.963
258.461
190.358
36.508
878.475
27.166
738.098
36.042
556.486
650.99
122.845
111.987
385.714
141.072
49.705
342.331
151.047
69.171
25.045
182.628
201.02
37.64
96.047
187.6
21.788
63.816
68.956
23.897
267.098
22.454
29.372
122.875
32.639
27.839
24.056
201.786
26.91
113.543
280.245
30.669
21.202
348.567
129.663
33.622
69.539
30.312
175.133
400.2
104.505
256.575
268.985
120.772
219.771
349.219
21.513
36.847
387.539
20.999
132.282
192.848
146.045
76.674
21.377
53.128
626.993
438.885
258.44
422.55
71.464
279.966
153.796
145.683
334.161
25.271
194.187
98.565
212.444
444.975
360.125
64.359
92.681
113.215
145.97
33.669
335.44
42.113
44.125
33.228
35.997
35.722
35.516
58.435
401.411
20.509
29.013
63.097
231.141
163.694
204.101
84.163
49.887
220.369
180.956
186.094
160.428
747.238
70.015
248.413
654.92
42.173
254.223
57.302
320.87
26.741
139.241
69.675
39.794
169.907
30.111
430.325
35.35
35.858
265.063
22.275
51.204
460.254
46.274
379.487
595.333
25.413
57.464
73.969
232.223
915.676
110.347
62.153
67.9
51.288
103.068
82.915
28.551
39.186
23.57
142.926
20.533
108.076
209.475
337.31
205.628
640.846
43.183
757.703
572.853
63.29
70.924
30.953
57.202
341.28
20.586
32.545
197.045
317.849
189.589
42.775
22.738
22.711
153.872
32.891
88.092
42.59
49.929
22.627
551.678
240.737
583.482
254.808
20.559
316.112
592.265
1207.464
52.429
47.459
24.18
51.679
23.513
102.323
834.86
33.027
25.307
55.875
162.927
149.506
514.893
29.739
333.429
402.309
113.205
723.862
35.955
33.548
102.317
66.614
51.112
732.782
71.674
55.761
47.215
489.4
56.263
28.032
276.371
32.715
34.573
555.898
56.712
47.925
312.478
255.222
443.474
108.507
698.691
21.417
72.524
445.378
130.491
431.94
96.166
109.092
50.527
44.965
33.211
231.534
388.027
778.118
562.901
39.191
49.129
136.755
22.502
237.77
58.879
72.884
32.702
62.017
170.52
70.252
28.847
37.973
63.113
97.932
324.045
28.847
31.889
36.217
128.225
462.685
71.275
45.821
53.689
23.373
105.913
79.236
139.496
71.866
195.146
869.096
66.754
389.343
285.058
598.25
999.033
23.292
130.424
48.408
2103.077
25.65
33.593
279.624
42.18
41.021
218.961
94.875
41.729
58.463
177.418
356.092
48.864
311.583
27.13
234.053
94.419
69.292
26.832
20.318
494.935
109.461
220.672
70.097
67.78
304.627
28.487
223.752
33.248
21.456
164.417
112.427
84.298
41.057
108.827
32.888
184.589
285.921
35.369
396.984
31.216
183.522
97.497
159.115
52.005
29.519
38.737
129.495
30.171
45.559
474.546
360.059
404.745
131.356
289.914
51.64
23.442
28.526
94.928
168.608
42.365
26.669
43.17
30.941
49.018
22.944
111.252
56.333
1246.652
185.683
79.858
765.358
344.04
30.982
189.558
308.277
70.484
109.106
1129.477
248.302
454.897
393.315
1201.368
69.975
27.517
48.871
33.721
27.733
231.376
291.643
148.645
44.711
197.453
59.446
125.317
248.849
84.395
264.562
31.034
39.428
68.038
94.248
106.311
409.225
31.936
43.77
44.527
1517.835
25.879
968.438
2062.911
127.728
424.343
210.5
170.799
123.478
28.684
20.276
32.573
48.543
386.17
77.572
86.831
43.986
479.42
27.327
46.432
753.451
204.36
59.168
19.98
24.388
172.395
29.655
112.786
34.43
42.031
43.316
46.855
110.659
138.47
385.107
210.252
306.088
100.03
51.907
34.638
23.189
73.188
364.092
156.324
94.314
28.982
21.476
57.176
175.856
51.408
22.735
31.949
412.589
300.901
45.548
64.007
35.545
315.868
92.044
173.966
229.063
109.931
59.573
46.301
107.588
41.03
56.064
83.803
127.681
27.438
20.578
38.589
254.434
325.262
53.141
194.218
144.7
35.695
150.912
231.343
528.353
187.667
20.465
284.98
241.006
157.12
85.686
101.586
71.877
110.437
86.553
78.953
85.736
839.05
120.681
21.553
117.585
28.94
61.248
27.844
38.669
301.927
22.904
135.234
51.031
777.095
325.73
23.095
23.891
249.319
30.427
28.442
46.314
129.124
91.64
29.529
627.93
480.027
108.444
838.342
84.653
19.394
626.432
190.9
31.974
30.944
517.187
418.431
20.19
196.317
84.189
20.993
21.881
30.664
23.143
150.102
67.419
55.601
96.475
35.087
42.689
41.284
192.019
360.368
26.389
75.828
44.369
215.361
51.552
494.853
60.793
25.445
136.065
76.366
679.142
741.008
29.169
40.994
318.682
81.839
532.412
258.852
320.615
690.452
173.319
83.465
304.399
117.54
21.493
61.812
107.6
30.647
111.698
32.081
169.084
361.522
111.275
51.634
207.619
24.243
174.747
32.669
31.258
345.623
127.745
1002.159
50.741
48.814
48.14
202.252
666.864
28.248
69.647
24.06
154.288
1142.175
392.871
428.74
79.8
208.18
180.959
29.358
507.271
115.181
154.516
27.661
26.291
68.059
93.925
23.061
37.323
53.118
140.14
186.531
161.495
64.836
164.356
452.314
18.717
230.652
198.614
445.965
180.76
86.249
26.441
654.704
28.379
127.141
97.784
113.46
225.704
514.77
141.647
186.901
534.571
73.835
184.21
73.075
144.053
48.515
55.967
20.464
56.51
81.621
201.27
50.276
212.692
68.14
54.192
38.873
226.799
155.768
145.266
660.176
35.124
392.757
41.531
459.392
694.404
75.224
436.617
32.153
324.488
24.796
37.498
392.687
143.236
92.4
37.161
46.598
55.712
93.643
24.101
624.97
40.154
108.083
236.571
58.278
31.239
410.258
49.897
78.371
33.207
90.885
29.972
877.383
25.343
48.702
513.248
24.262
32.784
33.28
77.955
395.116
207.51
143.718
721.728
86.806
112.522
159.652
93.184
305.89
31.375
71.016
86.643
75.349
71.518
67.806
46.523
163.416
34.53
221.995
126.359
64.158
306.447
195.231
86.869
57.574
55.739
54.199
117.332
121.383
29.482
20.852
1590.208
250.829
22.916
69.104
28.667
25.751
149.581
548.469
97.998
149.525
91.932
368.05
32.326
153.109
83.272
517.839
160.252
44.536
41.942
78.133
147.011
368.584
1312.188
207.649
170.308
210.16
21.447
105.081
48.402
18.684
104.514
356.3
141.541
59.806
253.861
537.105
1570.56
419.735
841.585
240.559
143.121
61.667
751.445
28.485
169.074
42.41
62.386
255.36
376.043
142.26
19.997
392.6
39.073
38.511
37.186
497.561
738.619
22.574
23.336
25.2
111.842
32.982
21.645
249.786
108.735
80.216
158.685
151.592
451.732
83.188
72.617
37.082
57.492
270.528
155.718
115.172
238.607
22.02
46.746
287.974
38.706
88.247
74.175
64.028
131.717
99.679
1554.544
114.463
23.689
162.004
46.072
26.422
508.896
59.178
236.997
38.756
95.034
264.496
597.222
152.358
58.343
132.94
75.54
31.845
46.171
34.918
207.471
570.244
418.814
42.002
30.007
158.58
24.971
260.866
101.771
23.915
950.832
543.137
133.194
448.312
394.25
33.682
226.915
22.179
541.884
215.294
24.021
76.354
31.699
138.197
190.466
814.996
182.994
29.044
386.31
128.076
101.986
24.878
60.3
505.039
203.226
57.776
76.936
58.378
293.302
510.3
21.667
84.473
49.143
395.054
20.874
61.917
314.657
96.076
89.591
319.593
53.989
106.559
761.969
125.36
70.029
69.296
467.234
23.832
275.702
94.97
50.152
30.021
119.9
636.859
602.685
122.803
327.455
39.507
44.044
108.824
23.022
114.621
211.831
31.477
148.812
314.971
66.337
46.167
598.376
192.742
46.166
69.577
158.177
194.261
23.495
41.065
572.244
23.453
34.552
83.93
77.538
303.48
21.161
40.753
36.298
156.685
165.837
401.984
371.686
26.956
663.162
359.332
21.315
243.741
132.62
153.431
170.664
107.813
308.106
94.937
195.504
26.886
22.104
64.157
37.795
22.432
41.052
76.06
91.786
97.917
173.572
113.278
30.739
105.963
84.85
454.411
96.294
88.436
21.881
187.243
51.553
901.968
336.022
442.001
219.789
19.275
124.375
86.724
44.699
32.08
23.396
43.869
63.33
41.158
57.471
738.955
84.477
31.634
738.879
100.269
110.663
187.795
751.962
79.338
38.664
448.44
21.296
108.585
66.306
23.516
76.072
65.945
1558.227
86.744
142.721
23.847
135.268
54.676
261.731
33.81
494.046
1280.581
453.891
175.172
147.215
53.735
26.784
44.497
46.819
27.014
28.51
551.097
66.923
146.763
353.785
181.239
59.829
137.612
36.67
41.264
21.749
164.082
85.32
425.212
235.571
154.185
32.587
29.49
30.741
44.602
55.665
67.111
36.362
36.813
280.428
22.248
558.925
74.028
43.581
83.061
22.63
301.008
148.913
227.377
90.136
686.935
266.553
285.751
155.653
230.092
61.55
150.423
149.706
34.766
353.883
71.77
585.428
110.142
94.994
62.002
20.505
121.691
248.607
102.908
438.284
220.63
68.444
34.254
57.175
155.484
251.561
132.222
35.362
50.252
61.944
249.596
586.816
202.969
389.61
33.347
41.376
62.895
23.183
174.975
33.889
33.204
185.618
112.33
82.963
51.138
692.891
25.736
132.899
597.612
163.717
288.701
72.978
25.218
29.351
206.575
77.113
223.901
96.757
863.073
46.502
204.509
23.895
80.221
21.062
199.616
20.452
99.454
663.756
491.347
958.654
61.608
289.802
22.681
155.255
21.022
106.912
45.703
129.254
547.6
33.45
99.079
106.763
1427.638
37.376
271.288
79.841
488.281
100.632
145.746
47.823
319.831
36.286
28.289
136.026
785.801
150.506
64.119
38.888
88.382
291.148
23.502
38.592
31.178
302.75
255.004
47.7
31.422
90.778
19.395
56.093
90.177
167.777
45.574
181.618
67.216
648.195
198.542
772.363
803.879
118.074
27.961
93.969
23.432
425.007
24.066
84.184
145.403
574.955
42.184
67.614
18.985
22.02
58.372
45.871
76.211
58.337
120.721
111.958
108.666
1184.883
228.928
31.856
1013.214
25.527
901.392
242.241
251.821
90.382
42.514
958.91
50.928
139.736
108.081
248.203
78.847
33.222
23.831
133.5
185.952
34.389
419.462
26.897
46.742
29.972
148.8
27.725
184.539
338.515
25.1
56.765
216
104.378
440.208
66.787
177.165
265.911
428.157
57.901
117.704
70.947
184.532
448.04
197.592
22.1
98.547
51.933
179.518
983.359
31.364
70.202
187.252
99.026
505.082
27.554
67.303
87.745
258.441
331.26
173.967
46.345
77.426
61.564
173.655
158.481
74.02
130.956
79.165
300.369
51.715
229.269
178.968
68.677
57.709
37.603
182.966
356.849
121.957
551.717
58.011
128.428
61.911
110.258
62.031
327.613
48.644
22.379
170.769
461.25
68.14
358.375
70.664
68.862
66.938
30.782
79.825
38.34
213.412
86.63
119.337
23.28
150.2
259.772
106.411
24.528
453.543
84
73.158
319.404
377.963
18.976
278.689
36.555
123.318
136.108
216.456
229.08
121.171
36.412
34.009
116.164
83.973
28.676
29.545
114.387
22.925
33.076
191.45
21.276
31.828
76.052
23.295
21.828
21.667
52.381
33.393
98.459
77.801
20.702
301.037
105.478
21.938
75.44
40.184
28.079
85.898
48.567
22.329
31.757
129.355
103.131
54.009
112.215
74.554
70.231
77.915
24.412
125.186
536.17
99.313
230.417
124.958
42.591
63.003
105.995
51.442
77.178
114.566
211.828
46.89
22.88
45.924
555.334
80.798
27.655
160.259
39.38
146.567
120.889
516.458
446.656
347.216
25.839
71.534
18.435
23.544
21.126
184.535
19.354
714.78
229.778
148.888
38.513
56.434
175.395
23.123
580.461
56.85
39.382
45.488
158.511
26.983
27.622
216.241
72.335
102.087
163.707
32.941
157.816
41.879
1002.572
795.693
328.978
79.108
73.449
681.81
1697.446
90.845
153.049
41.243
1181.331
252.191
230.803
433.983
120.731
39.335
31.732
35.393
44.902
86.546
65.226
96.835
109.762
115.217
40.427
403.646
49.145
993.863
34.5
32.071
64.37
102.058
316.676
289.869
889.153
946.002
45.563
748.404
103.312
129.339
85.082
59.894
22.115
729.679
88.455
76.996
103.113
84.34
32.818
125.409
274.377
1344.126
317.464
135.431
61.074
28.653
46.243
374.481
23.457
80.137
33.748
177.286
40.815
62.657
42.457
60.284
170.287
203.389
70.993
451.991
111.21
34.218
347.635
115.546
71.312
65.773
148.052
155.352
481.602
89.794
62.901
448.067
107.709
32.807
61.598
1168.197
65.831
72.405
20.939
66.449
333.546
509.553
29.768
385.039
44.462
22.633
70.602
22.043
52.661
34.346
121.837
124.61
307.646
113.702
29.605
514.554
22.722
82.27
287.769
273.689
740.178
30.539
245.446
48.492
205.443
18.445
102.338
22.511
767.086
237.313
111.533
898.962
24.378
150.997
49.644
87.224
188.317
41.954
35.311
42.177
56.964
101.549
20.174
258.567
247.238
670.998
25.731
312.649
298.543
58.315
128.33
27.842
68.418
685.757
1064.914
20.536
156.084
50.154
24.252
27.897
24.729
110.195
270.373
26.777
97.562
47.967
83.02
102.779
433.432
36.366
578.69
583.433
378.269
28.708
28.302
39.317
26.238
19.129
27.161
20.519
20.439
89.047
26.495
29.859
37.78
437.472
48.899
439.779
1009.769
591.705
119.467
275.439
1257.239
27.638
20.575
23.683
101.671
33.363
287.205
36.496
344.649
55.91
116.301
425.391
747.84
57.248
795.41
35.157
1269.475
210.395
353.28
291.521
108.008
83.204
66.269
21.43
96.833
20.706
110.545
49.508
97.229
402.523
270.792
44.833
204.84
20.794
37.79
22.638
21.551
37.338
28.745
236.985
28.339
30.891
295.298
66.927
33.646
266.358
81.917
130.206
423.8
22.481
60.377
39.102
72.664
152.459
108.952
58
1536.979
168.661
411.83
50.928
143.221
27.339
335.567
36.047
106.665
713.777
20.068
25.428
76.162
63.328
28.556
103.421
58.745
33.38
117.449
104.165
22.914
215.598
94.883
30.396
18.493
41.581
67.837
42.132
313.287
118.799
21.812
45.942
32.281
305.75
33.151
23.286
147.591
66.016
1191.057
212.036
76.204
548.054
132.401
54.927
18.897
39.839
139.309
264.09
30.133
371.383
85.594
43.84
197.847
73.445
149.097
132.398
50.95
644.995
30.365
32.301
23.426
646.762
22.47
101.619
86.203
178.555
126.693
334.413
30.125
217.328
248.82
57.557
40.837
72.013
110.179
165.049
34.534
294.753
102.908
112.412
30.782
92.3
186.785
98.85
122.262
20.659
100.418
23.463
249.132
239.962
178.891
682.185
81.482
239.282
29.319
177.794
102.824
183.003
25.045
23.946
228.957
77.406
146.104
31.392
1142.343
37.639
99.985
193.209
46.013
348.969
95.341
28.7
85.264
273.782
23.876
18.851
171.247
60.782
111.697
33.485
32.713
684.146
43.755
542.284
212.697
183.351
500.354
36.105
389.951
422.374
145.131
25.197
434.53
129.041
35.791
58.44
30.137
24.331
888.552
573.6
133.753
204.006
27.477
155.306
158.815
111.445
369.457
27.337
109.357
49.956
114.703
154.195
28.43
179.398
51.933
688.499
58.389
24.232
147.581
1019.726
405.42
65.636
89.624
52.702
40.298
21.594
27.887
112.144
138.78
51.725
647.389
244.834
21.684
36.235
28.203
39.991
77.906
126.413
27.52
638.549
297.806
664.604
81.795
433.246
144.528
29.913
24.87
106.879
38.973
89.969
1912.401
18.409
127.97
1178.657
322.667
233.508
23.443
29.291
407.112
334.482
260.453
86.424
63.853
96.206
208.935
19.722
118.418
29.405
533.683
1229.197
95.557
225.998
561.023
76.431
37.335
447.548
202.666
54.416
639.514
72.978
214.915
180.429
20.405
78.54
47.564
123.377
27.336
48.873
84.809
352.556
221.139
74.027
152.868
56.494
367.111
778.761
70.393
29.176
73.23
37.9
52.623
430.185
894.049
57.366
295.359
144.211
96.021
38.678
30.84
88.112
247.627
30.737
557.704
378.327
83.88
111.133
44.494
49.08
347.109
76.519
51.628
24.816
44.056
35.221
32.073
59.754
78.167
194.183
327.237
623.859
43.879
333.346
268.646
51.42
51.161
1850.214
518.868
702.149
93.71
50.099
91.101
241.524
56.891
47.197
36.608
21.979
103.667
80.744
284.727
71.927
21.143
21.814
149.354
197.898
54.265
49.808
26.522
112.035
64.016
72.257
25.168
421.154
24.65
117.434
26.438
66.41
1621.27
259.699
84.388
466.533
74.016
122.226
192.036
164.744
84.569
88.273
28.784
22.632
142.124
47.482
32.265
461.131
100.095
21.289
112.059
20.104
345.659
60.958
379.882
190.759
166.47
105.316
33.261
56.736
24.57
75.758
73.187
605.826
27.486
33.105
142.562
125.898
34.062
22.789
40.988
174.832
146.319
128.94
400.43
32.381
21.17
378.365
773.757
385.566
174.388
96.132
279.293
36.744
193.238
64.83
282.596
19.266
20.089
54.786
24.56
206.548
57.55
153.964
137.758
27.681
418.085
38.829
40.839
302.704
21.881
188.728
266.511
269.116
76.498
1380.706
558.446
132.601
373.594
112.9
29.096
410.189
167.803
838.053
21.158
22.866
62.414
140.127
677.849
506.145
198.224
269.151
471.974
50.831
38.998
625.566
26.423
236.929
24.002
154.9
891.363
95.849
108.297
88.975
335.77
204.915
62.757
26.12
52.237
77.591
87.968
28.306
83.712
266.317
112.368
823.264
73.533
115.146
362.989
41.714
151.469
29.022
24.057
109.762
52.954
159.747
22.339
53.303
89.758
84.112
37.698
64.754
477.924
266.823
22.084
95.883
65.343
357.871
88.171
58.426
626.808
39.794
85.567
102.683
99.84
707.862
63.993
29.981
173.223
24.524
27.344
51.457
28.368
349.662
111.875
19.562
186.762
432.484
18.511
84.69
172.62
555.357
151.282
57.693
29.621
31.748
137.435
313.001
154.774
112.416
45.051
21.015
237.175
387.091
413.022
86.612
162.307
27.039
280.046
72.006
81.35
229.986
51.663
178.173
68.287
22.613
146.439
223.129
21.467
53.528
138.728
92.749
163.348
934.116
634.474
91.086
283.52
447.706
426.803
259.502
562.659
117.705
277.243
21.939
36.958
531.589
80.978
404.774
408.222
47.627
681.162
114.323
34.988
478.618
1478.959
682.535
230.313
347.311
293.294
269.103
26.082
1046.055
412.09
127.483
417.331
240.694
20.728
144.496
21.057
76.369
39.283
22.452
28.028
59.995
28.111
35.693
535.287
129.781
37.952
36.708
46.542
100.35
121.966
21.289
76.416
86.947
329.975
23.137
862.667
81.261
31.866
38.266
164.239
199.847
26.744
373.393
53.685
357.905
30.477
53.974
847.211
180.875
357.532
697.184
31.729
661.385
171.109
42.439
115.677
411.095
569.359
220.168
110.073
453.069
23.392
99.673
38.904
246.288
123.871
278.274
85.61
131.173
143.951
95.795
730.934
154.208
32.961
79.472
1489.049
31.95
21.978
107.793
250.189
140
30.836
55.005
205.725
135.426
292.304
20.772
39.842
22.42
34.789
49.088
195.849
25.559
121.484
244.142
264.107
171.53
205.225
95.888
1233.99
132.24
129.199
556.614
58.501
42.866
34.285
725.342
94.954
46.576
22.335
188.912
91.063
179.661
135.392
345.467
499.798
39.832
98.339
46.708
78.987
493.691
85.47
1307.934
42.552
29.985
59.62
45.305
42.934
586.469
80.699
1003.107
107.038
287.115
266.833
1081.933
79.751
90.647
20.898
29.585
109.13
18.929
722.03
447.034
235.864
88.913
327.763
31.482
31.45
296.781
143.898
48.77
23.206
329.749
26.502
179.827
92.251
53.407
306.576
55.762
35.592
76.665
41.483
22.513
434.52
640.283
90.011
219.683
87.682
703.674
51.198
510.394
188.511
267.776
28.241
44.581
34.564
225.677
394.881
26.67
39.532
152.322
23.81
28.636
259.217
174.052
108.212
23.393
33.72
66.875
87.295
132.106
323.538
722.804
438.02
167.484
168.256
22.606
853.181
45.869
296.802
720.021
323.24
44.792
22.647
65.24
153.998
432.536
1673.411
52.327
209.412
57.698
295.246
145.144
53.231
1389.655
530.875
63.95
1452.689
828.499
45.268
105.843
153.805
69.773
79.564
625.056
1004.222
92.969
27.516
101.205
372.662
19.54
548.515
31.523
33.643
50.711
38.872
105.18
118.37
28.426
803.219
131.569
160.733
887.834
259.606
147.85
45.911
227.931
258.224
244.444
25.004
40.62
1138.523
160.203
174.9
135.444
106.951
20.783
20.657
202.546
72.509
46.277
1858.693
60.662
188.921
61.798
31.732
24.474
24.119
154.19
214.812
32.838
274.086
252.249
37.111
34.268
109.799
190.709
201.658
542.822
56.367
54.111
20.201
78.362
42.948
420.089
28.284
33.853
56.765
264.026
214.473
56.305
234.172
31.905
1069.533
290.045
304.327
30.193
19.157
104.224
412.415
298.937
392.593
478.953
217.367
45.388
19.133
417.536
25.973
716.937
22.348
320.444
316.918
61.923
26.516
36.871
97.452
34.188
107.82
177.193
182.875
166.433
21.973
35.274
115.958
24.272
68.209
68.28
28.409
60.375
163.178
23.031
140.231
55.444
24.238
101.687
24.283
19.754
21.253
47.921
924.124
266.177
139.732
251.372
298.797
418.23
63.46
269.967
225.877
291.276
94.832
41.294
110.73
155.267
117.12
31.176
41.91
20.91
157.732
87.625
1444.801
255.145
23.459
26.477
103.246
35.115
82.411
39.493
317.344
20.799
22.829
440.211
147.981
75.307
211.738
472.633
44.395
121.689
508.35
410.526
330.433
310.855
69.06
224.246
177.618
24.997
54.328
73.66
285.411
341.981
131.897
29.878
106.577
218.297
81.754
35.685
21.422
119.691
439.4
22.848
711.644
138.35
34.738
21.835
71.397
21.894
803.269
23.693
48.55
51.006
127.195
30.089
747.213
185.524
37.531
20.808
268.918
154.699
35.934
30.361
102.378
51.313
250.337
159.528
228.356
103.138
137.138
158.888
89.61
73.885
195.643
47.357
85.079
23.248
79.64
295.073
43.862
650.167
77.203
26.43
44.567
32.186
70.406
209.97
97.007
328.457
364.354
51.519
133.668
24.808
59.366
42.271
43.053
209.257
19.016
37.317
58.581
151.217
23.77
58.074
72.732
1042.895
239.599
350.721
139.81
354.376
101.368
89.376
342.29
22.395
55.537
24.022
59.788
185.295
58.825
29.299
172.321
40.732
63.158
488.457
40.52
18.622
571.923
35.797
177.547
474.851
150.909
237.868
77.68
219.948
122.447
156.066
187.118
113.075
37.59
30.449
22.105
369.163
293.476
478.389
180.692
27.368
30.93
63.925
94.951
47.576
195.283
515.5
126.42
234.596
773.011
22.735
77.419
680.074
1391.519
72.123
194.013
38.999
96.486
1409.946
21.61
94.827
218.046
68.802
272.303
120.502
41.943
150.492
263.035
170.165
496.819
102.061
103.635
278.845
408.648
30.248
33.717
113.005
117.997
69.308
45.044
103.258
35.86
22.811
45.765
196.975
83.996
213.505
158.515
129.399
20.708
247.174
85.01
31.249
147.022
257.239
31.391
43.722
115.756
78.021
140.044
41.848
151.51
292.981
192.437
21.796
534.566
226.398
43.835
29.112
563.04
55.422
31.513
254.915
40.131
100.314
112.944
114.302
115.544
68.571
35.499
606.555
400.651
483.732
283.195
160.38
265.264
79.473
124.976
63.171
41.461
29.96
130.913
465.889
90.685
150.964
233.029
82.697
35.493
25.032
48.343
25.673
942.904
384.518
1208.033
29.818
273.425
163.598
23.531
54.931
91.792
345.461
20.99
29.498
365.686
367.995
120.249
343.695
591.386
94.726
67.878
429.32
106.826
60.766
305.546
76.203
72.736
263.99
26.858
192.529
72.436
231.24
391.112
87.171
91.468
30.488
95.859
91.984
359.862
98.733
49.333
72.511
25.023
19.671
42.887
87.733
20.694
199.437
73.327
41.734
142.468
28.571
30.665
60.766
365.796
22.631
811.742
61.947
20.811
35.518
20.145
136.551
444.686
23.015
20.263
48.706
25.133
547.944
225.835
102.522
44.788
334.185
152.625
45.157
21.352
28.271
23.635
167.578
509.441
1310.927
53.842
1163.993
303.052
202.704
352.287
35.947
290.394
69.732
304.738
107.285
107.891
1117.737
106.658
39.03
43.767
72.901
503.739
21.454
25.974
170.55
419.972
24.615
24.607
104.31
81.697
26.269
590.09
54.892
864.639
96.38
477.142
53.557
1128.186
85.775
236.136
26.686
868.332
72.351
250.767
41.136
126.534
494.196
391.078
88.332
43.705
45.136
42.141
421.506
228.048
93.219
132.984
21.788
1036.626
116.082
176.968
21.703
39.733
30.573
43.132
653.625
367.699
453.509
282.835
152.856
84.673
82.698
18.026
26.47
773.255
81.995
610.479
38.343
201.912
30.583
113.78
30.212
27.68
84.981
206.338
61.632
144.753
601.563
38.992
99.809
420.001
120.178
49.592
304.125
123.304
158.543
142.029
322.207
22.084
211.512
39.039
22.923
43.229
922.402
28.313
128.72
100.43
40.356
242.578
51.765
20.159
58.786
61.384
23.595
30.903
188.489
508.726
473.745
35.662
164.148
694.217
73.992
49.208
62.488
65.772
29.582
603.818
934.709
389.905
286.473
43.76
69.493
195.73
26.432
475.787
452.774
33.343
399.248
34.822
189.252
50.368
53.106
575.881
31.713
421.268
64.102
546.068
27.033
312.64
178.711
76.333
24.009
31.816
69.097
33.684
45.852
138.33
29.176
90.67
133.712
20.88
111.775
218.938
344.022
20.612
20.733
250.757
175.911
80.422
67.294
761.148
22.757
355.005
146.25
516.44
103.776
27.205
181.499
765.536
221.972
50.459
82.556
35.964
284.349
51.039
601.921
83.952
93.484
196.857
60.416
27.737
741.833
23.327
124.944
355.811
92.378
25.849
262.643
38.317
647.755
22.104
45.844
87.252
466.875
71.253
35.766
210.244
68.595
84.18
59.206
103.988
52.749
38.53
141.331
112.777
67.736
623.382
24.061
199.077
99.11
581.556
25.342
95.203
1577.238
1045.151
37.798
28.229
139.203
112.668
226.844
150.967
25.615
124.655
209.708
55.928
62.716
50.131
512.983
365.825
535.82
32.471
27.317
92.854
326.465
21.111
28.24
147.481
169.963
41.709
411.705
954.974
98.392
49.146
164.84
140.029
1182.895
902.402
22.875
38.117
21.145
66.973
58.229
73.511
57.401
113.605
38.249
35.132
21.971
47.429
280.737
359.317
1178.404
120.191
21.233
22.493
48.069
251.254
24.328
222.991
274.475
465.306
45.552
157.453
81.17
211.151
35.659
89.682
116.822
1670.078
28.207
1384.239
201.372
24.202
173.53
109.692
278.304
18.267
100.341
192.115
427.95
58.804
813.541
140.885
648.445
107.254
47.396
333.195
408.292
370.544
702.032
984.231
122.554
78.52
34.049
20.922
107.743
95.592
44.412
98.796
431.131
105.324
126.266
33.492
325.427
326.695
72.439
175.34
845.957
37.324
30.018
49.749
68.364
126.46
20.953
22.74
68.749
20.946
325.893
162.439
141.372
147.661
99.989
216.29
174.058
38.401
1117.826
52.975
39.154
22.655
65.722
33.353
47.287
491.632
28.47
458.373
578.355
710.908
70.444
318.002
29.276
590.931
454.987
74.116
76.643
312.479
293.746
546.797
152.585
228.02
414.255
794.861
37.277
26.841
711.2
151.137
1279.26
21.41
57.142
57.001
490.46
70.802
27.113
33.572
33.131
143.446
102.944
24.346
112.058
232.88
30.171
27.525
649.611
138.477
34.306
156.483
80.168
19.097
80.113
22.835
109.675
172.079
255.947
272.636
65.502
153.758
30.766
56.306
54.553
251.559
55.85
51.029
273.296
20.214
42.728
58.687
79.622
96.833
1432.339
30.417
640.316
35.317
200.271
974.516
55.229
28.947
1395.103
50.789
467.707
64.535
53.527
153.713
96.67
28.988
19.01
27.162
510.025
27.806
293.765
47.55
34.674
20.144
111.095
21.256
285.909
314.75
594.966
66.445
436.294
54.319
857.868
115.802
195.802
157.98
53.362
48.553
85.864
418.757
166.078
141.13
283.84
66.944
53.781
479.725
589.169
64.524
51.493
83.92
310.988
21.04
147.663
557.266
442.175
146.779
22.575
86.473
312.962
24.776
50.295
57.955
358.905
28.535
111.973
311.01
23.327
82.504
31.827
196.871
27.341
191.333
28.623
38.49
838.349
177.495
24.067
209.26
134.718
556.269
41.317
817.557
23.77
579.4
123.383
115.416
67.68
114.62
285.85
437.888
1688.024
24.397
60.05
227.392
37.605
27.714
64.687
500.573
33.433
465.618
46.471
26.402
87.152
54.66
27.174
34.275
47.167
139.929
153.062
54.485
22.178
70.995
229.859
148.023
26.07
20.763
561.659
27.909
57.264
90.492
1113.937
33.346
28.866
71.475
462.946
1398.305
261.099
173.353
28.797
119.04
335.222
33.737
483.536
153.494
1077.53
1082.767
224.34
459.184
23.788
26.977
108.035
37.804
800.489
24.073
32.652
47.188
192.451
230.322
96.848
187.841
172.212
213.574
19.871
32.966
27.858
49.262
41.909
46.782
23.023
43.588
86.517
227.248
222.395
237.321
21.986
40.118
39.268
404.963
618.387
59.386
72.737
660.919
1103.447
245.747
97.371
41.128
47.749
18.243
447.079
31.376
682.685
243.749
172.013
26.774
180.863
38.98
550.567
26.921
64.604
381.446
130.206
23.248
100.343
173.602
132.619
292.904
48.872
114.46
22.819
145.87
73.253
62.011
33.262
213.84
72.982
567.17
1029.549
224.832
62.209
110.554
340.472
423.851
25.007
128.883
152.076
350.057
347.115
28.668
36.616
20.137
217.539
50.952
103.851
1164.181
511.674
645.47
705.366
418.539
60.139
93.598
513.326
377.134
35.632
340.531
259.134
21.869
27.607
44.351
464.624
26.699
35.62
689.635
35.931
138.732
259.126
154.687
46.31
75.343
286.578
482.493
39.898
51.833
44.469
29.502
42.384
61.596
46.448
161.84
32.419
19.379
820.463
62.446
914.768
53.018
22.645
188.111
186.761
355.589
101.448
142.505
44.296
52.309
28.737
76.845
98.989
260.429
339.507
121.09
578.639
42.007
20.969
133.014
75.894
383.912
159.216
284.982
525.372
19.702
124.218
121.758
65.446
302.616
52.936
69.975
50.481
246.586
77.639
35.136
214.869
74.558
618.853
315.757
30.696
376.738
175.065
241.04
166.096
395.486
291.332
232.941
36.152
114.894
49.072
41.959
51.233
34.975
151.913
30.402
193.732
122.166
27.036
158.289
27.474
47.896
194.13
23.498
58.79
101.121
226.956
110.749
118.927
101.895
18.816
75.104
24.614
553.792
305.765
601.894
39.248
53.802
128.283
345.106
38.033
29.369
34.7
27.2
159.012
27.395
140.8
48.371
25.825
129.243
897.578
556.9
641.233
20.831
294.09
152.449
60.54
25.579
67.233
901.971
422.477
25.292
29.8
335.752
26.843
21.632
46.674
27.001
19.978
46.611
1383.836
26.99
28.877
293.212
177.086
22.724
75.22
28.369
65.297
40.333
381.942
26.178
22.948
33.978
27.438
150.346
93.642
141.051
102.478
633.661
53.435
136.63
90.168
209.224
50.852
19.881
394.554
387.014
470.887
22.04
39.774
133.759
98.679
168.769
237.505
1416.642
531.402
32.704
613.307
33.399
49.86
94.017
878.333
567.1
219.73
125.325
168.571
444.095
179.062
346.603
184.475
651.472
237.283
93.637
46.995
228.931
823.642
36.138
38.518
60.487
82.649
22.01
24.906
298.242
60.324
225.055
108.19
248.104
238.252
162.608
100.112
225.409
296.97
686.91
62.135
20.616
182.956
34.866
1299.758
300.359
77.118
176.742
32.197
22.591
351.562
111.421
25.173
76.955
290.765
326.838
95.218
260.675
39.241
195.632
21.284
210.87
34.026
117.377
29.089
58.809
106.888
388.662
736.844
127.778
77.422
32.124
133.741
19.991
50.324
45.774
53.116
60.825
922.305
25.103
392.489
31.801
339.964
323.322
64.762
20.965
44.005
170.081
1035.889
22.877
671.625
562.333
55.029
76.518
44.408
459.153
93.23
281.107
47.763
441.972
215.965
551.978
161.184
79.167
137.573
24.45
101.81
74.447
28.257
23.198
40.291
163.929
28.543
648.602
219.121
158.63
33.128
127.589
74.152
68.573
220.339
33.963
24.199
61.561
479.915
277.121
84.617
23.782
166.355
186.08
57.864
33.895
1117.957
34.72
28.11
41.173
163.336
46.861
96.081
526.804
224.527
40.38
105.999
189.825
27.01
238.5
281.802
1062.631
57.111
19.934
30.486
192.676
226.994
138.23
19.361
154.487
234.058
61.016
38.492
21.308
60.512
187.576
991.601
22.515
99.316
273.114
85.018
28.294
342.267
27.414
124.288
35.279
108.261
21.915
22.579
270.713
690.566
27.612
128.208
106.125
67.52
37.507
458.138
157.116
138.061
213.477
25.242
214.442
36.608
190.097
296.923
548.78
52.464
272.312
304.867
28.821
79.754
52.502
116.956
26.521
83.984
1052.181
959.958
216.316
22.883
248.602
221.789
23.558
81.887
335.284
206.106
731.221
331.063
178.046
20.435
49.205
1145.989
351.94
23.211
637.256
107.192
84.053
51.046
195.073
74.758
249.96
134.903
1228.266
860.465
547.922
79.63
149.485
35.237
22.495
33.917
67.495
622.879
135.008
205.082
385.736
132.411
135.485
71.455
57.48
33.879
1151.152
45.674
269.424
91.705
35.34
97.557
31.409
49.777
22.194
461.241
34.655
235.153
109.791
52.331
304.89
563.17
61.971
227.462
144.743
199.67
145.241
93.589
21.931
36.655
171.715
783.565
200.905
39.304
114.736
31.299
119.496
23.579
32.676
32.163
87.663
31.165
257.049
356.59
114.468
55.28
284.907
214.675
90.864
596.771
187.804
129.945
45.253
132.118
1273.137
25.149
24.631
22.059
26.921
390.806
395.029
168.46
45.366
30.867
104.524
73.781
39.247
43.067
110.678
76.489
26.01
48.752
25.496
262.825
300.317
54.079
145.297
36.078
20.775
25.736
505.714
230.337
108.29
106.739
46.836
98.494
71.379
79.651
20.773
441.234
678.196
32.906
26.838
450.92
45.538
347.21
52.05
107.994
83.335
62.75
61.939
20.915
254.116
99.336
294.279
78.546
40.619
104.874
126.561
58.279
98.677
169.471
21.377
75.331
530.323
47.207
23.68
164.629
658.322
122.186
39.186
83.984
476.548
726.163
39.78
74.692
279.421
72.398
393.121
31.031
534.092
39.717
21.264
96.199
38.903
73.476
694.474
64.148
104.577
185.886
308.706
101.818
631.881
54.386
44.17
822.954
367.089
102.247
166.699
86.381
42.722
101.309
169.666
93.354
567.888
69.407
23.031
418.878
536.736
802.874
229.775
229.746
302.062
81.886
392.478
30.391
81.284
39.385
43.45
69.371
973.453
113.322
23.778
228.672
31.093
29.483
21.494
28.697
83.998
70.041
28.5
453.626
84.547
890.618
32.253
43.873
339.468
227.202
104.248
366.744
105.317
389.967
766.241
173.95
320.099
79.229
60.414
103.567
433.457
359.271
491.952
67.411
496.407
300.27
27.108
512.54
19.232
604.092
22.505
253.884
21.07
53.71
95.436
96.697
170.268
80.037
27.865
603.974
80.254
35.48
105.706
1351.124
145.778
72.437
552.488
972.973
354.956
19.245
39.895
180.643
161.006
39.022
31.479
38.642
97.759
24.826
118.997
19.45
367.577
112.34
35.03
18.482
31.743
22.414
79.721
24.904
30.549
506.761
70.442
1349.835
59.36
129.285
1176.672
102.744
222.985
69.705
33.731
87.802
498.742
248.687
108.184
654.897
101.008
25.359
219.365
230.989
391.962
104.354
696.828
284.437
413.245
240.16
29.517
31.051
66.554
23.906
622.556
55.032
95.807
28.876
410.582
29.675
44.064
33.033
932.173
423.775
158.744
99.919
93.727
83.892
185.849
26.118
795.041
157.311
63.886
93.735
1271.718
85.579
22.786
239.539
485.986
370.873
44.537
44.417
125.627
131.235
197.683
220.16
42.518
153.149
239.964
628.86
44.405
1325.514
503.616
31.511
31.006
35.066
78.075
52.968
486.028
62.543
156.176
137.739
42.795
154.182
48.879
96.106
43.111
26.531
520.927
112.551
100.687
165.948
163.359
94.471
278.82
469.643
135.51
24.159
300.459
21.791
21.958
26.665
61.109
91.587
59.186
49.052
71.743
29.356
228.917
773.36
782.153
24.284
892.702
31.409
250.111
393.369
21.822
153.542
717.852
48.117
62.378
29.713
625.687
46.288
46.701
628.729
21.463
414.538
28.191
181.277
222.411
68.206
145.336
60.849
56.451
51.051
80.939
24.226
43.712
91.496
132.85
30.431
77.196
198.885
24.602
25.999
259.953
333.925
150.079
28.492
174.078
59.591
208.356
497.356
287.372
107.18
224.419
840.898
40.811
39.184
112.731
722.774
265.527
659.785
90.88
91.72
64.288
46.248
38.716
18.858
71.866
569.369
22.235
58.642
204.107
86.856
41.311
185.935
166.421
125.29
62.027
57.563
39.863
76.65
815.728
80.043
25.227
62.134
21.519
492.797
408.422
238.34
664.131
83.339
42.044
31.682
64.881
287.165
21.597
172.062
32.561
250.295
236.89
129.235
20.96
44.897
57.791
56.756
91.237
443.315
266.166
155.829
62.418
1116.407
88.585
46.087
280.189
20.514
25.14
36.248
329.072
203.051
42.072
187.351
881.491
82.815
1035.35
214.136
80.766
122.883
365.797
340.569
40.112
24.892
525.482
119.004
25.593
798.58
181.531
1206.673
865.2
20.505
123.24
137.366
302.682
317.318
1479.884
87.509
108.215
311.682
154.935
25.674
153.756
95.282
729.835
28.317
400.119
222.823
194.73
315.815
73.708
42.358
48.573
179.558
20.563
47.787
170.685
111.877
175.595
28.122
188.819
674.896
324.906
23.996
135.92
429.273
28.7
398.181
349.994
33.533
1012.541
63.713
34.016
590.248
336.719
73.992
88.604
50.266
51.33
78.029
33.874
99.939
105.331
50.678
336.009
778.877
30.768
363.688
47.027
63.141
402.317
18.142
207.911
682.092
22.715
50.499
26.465
129.906
58.018
27.982
374.043
73.041
57.097
161.903
102.807
180.885
48.141
145.781
115.772
26.187
147.782
31.413
268.219
39.325
35.1
27.45
54.43
924.407
199.017
326.273
159.618
33.076
45.307
776.064
47.003
37.234
172.305
628.865
414.9
34.241
152.14
260.78
39.308
612.792
239.11
67.332
726.78
307.867
38.761
69.825
201.258
545.058
1347.034
480.838
935.812
83.247
277.371
196.189
269.415
111.044
206.528
498.656
21.124
40.93
155.134
175.917
80.066
92.405
116.379
169.956
96.894
51.498
350.348
28.5
51.496
292.901
46.163
31.349
31.358
171.598
41.7
89.396
315.734
546.008
132.623
466.335
77.258
27.109
97.657
60.59
165.601
39.181
182.515
426.718
84.527
57.111
116.64
47.132
60.913
161.659
188.946
22.321
118.586
721.196
39.288
304.668
392.635
46.588
309.871
193.539
32.736
73.079
23.507
330.139
70.394
95.998
35.12
301.53
256.738
298.409
363.368
353.226
74.43
249.057
249.656
96.825
187.93
799.712
19.578
221.595
22.448
132.644
309.175
239.511
915.258
66.123
883.879
46.103
31.728
176.247
1537.668
23.216
73.23
21.79
53.752
39.764
25.262
58.677
18.656
59.922
25.113
29.071
28.707
52.147
41.708
108.805
246.63
198.999
242.225
26.739
98.354
102.23
30.722
78.112
307.311
51.445
217.628
204.581
226.62
84.786
281.918
79.447
107.739
27.937
46.141
31.179
46.51
157.135
49.256
29.505
252.614
91.401
26.829
79.838
280.256
554.585
54.024
474.421
59.504
526.271
39.557
30.054
297.584
73.975
556.29
172.825
48.643
403.342
25.221
515.471
82.639
148.764
559.347
25.271
46.711
854.881
71.806
31.103
32.073
159.048
23.442
407.252
215.803
1204.186
85.219
27.765
59.737
18.871
29.539
169.062
24.771
255.77
192.79
34.306
132.629
63.503
444.66
30.211
144.26
171.223
55.873
65.059
691.742
760.871
123.522
209.984
21.572
137.584
208.781
22.997
67.251
27.06
34.341
438.926
111.211
410.145
247.985
140.298
27.59
713.947
206.449
76.186
279.949
346.179
431.621
191.229
50.705
62.754
58.656
51.925
170.168
331.507
89.015
56.638
454.723
165.051
18.889
71.396
216.188
713.542
217.895
129.152
75.93
28.384
32.623
89.093
18.612
23.444
40.572
27.842
338.191
339.215
162.905
63.985
26.727
185.82
58.23
18.828
364.566
294.284
1754.415
541.417
1594.506
25.071
412.746
189.58
68.702
311.62
36.279
137.746
323.939
231.313
158.341
27.666
516.683
289.4
332.256
48.659
98.656
72.135
658.055
1779.689
35.85
57.046
162.39
24.242
375.589
255.645
26.311
58.491
462.246
490.131
287.213
23.094
23.041
31.952
23.984
499.375
252.049
56.913
26.911
73.663
299.451
159.52
62.802
131.529
93.424
33.884
424.147
268.079
487.484
182.832
137.592
1030.572
22.031
111.511
157.185
134.589
137.898
48.718
52.977
117.644
932.19
501.514
28.57
29.264
187.382
43.456
60.935
83.997
22.694
217.118
1368.946
54.88
153.225
86.026
713.334
67.013
1344.855
25.363
213.98
40.366
27.986
303.903
58.518
62.96
382.468
131.237
59.165
79.812
747.181
20.728
185.348
83.057
423.799
21.516
79.946
65.833
34.976
86.204
486.5
770.247
49.06
699.263
214.688
131.756
47.614
46.172
350.539
18.108
46.812
71.901
39.1
69.321
258.664
79.194
47.846
64.48
60.717
242.665
618.623
49.771
867.723
307.202
716.19
616.999
176.038
54.455
154.729
168.253
72.25
51.267
79.832
182.902
60.848
1369.291
217.381
21.146
93.312
176.602
22.547
42.356
780.038
36.809
654.354
21.096
114.386
100.455
20.483
75.567
78.414
118.546
57.745
102.814
543.521
18.508
29.979
64.765
221.169
285.877
89.775
22.578
37.327
297.572
82.095
372.683
243.624
28.549
39.626
255.772
22.109
126.22
290.478
37.869
897.556
50.686
26.273
23.801
236.627
32.335
70.641
23.944
22.273
17.793
62.527
78.761
378.208
44.993
44.535
43.405
50.684
220.263
718.016
110.554
1353.701
1144.508
25.6
41.103
466.585
191.47
383.79
33.667
163.174
94.536
272.507
77.551
528.298
65.659
32.015
64.839
29.428
69.533
44.657
1134.207
45.833
60.484
24.223
813.456
135.351
48.061
45.521
79.13
19.684
105.501
275.531
323.765
36.281
839.397
105.735
88.782
127.855
40.704
20.885
451.315
56.491
194.455
29.649
59.211
157.554
351.594
76.26
223.477
85.773
1535.907
265.381
33.89
26.22
19.842
128.078
818.117
74.643
29.92
250.548
28.988
694.969
715.133
43.605
198.336
521.442
87.615
367.035
63.926
46.951
19.8
134.22
60.306
715.542
43.193
20.092
85.095
337.587
315.734
525.865
73.193
152.444
34.718
528.829
62.256
56.785
111.746
118.456
19.637
63.994
364.751
281.629
145.456
83.332
307.455
40.776
574.773
346.448
197.964
32.338
403.529
220.953
23.506
44.002
266.636
83.922
555.034
27.95
76.263
24.398
137.636
447.907
631.644
65.74
49.766
56.347
308.438
131.535
61.419
26.584
526.745
731.452
82.702
452.403
321.014
425.146
156.919
21.225
1388.623
58.275
232.71
202.465
402.077
67.55
327.683
666.918
35.285
21.61
147.202
49.187
340.884
262.514
122.463
379.475
297.286
137.48
1027.458
64.289
153.746
37.902
93.314
107.472
231.724
268.98
321.516
31.3
52.211
67.792
41.892
897.979
267.21
104.338
19.763
128.366
38.04
46.283
169.206
259.106
172.184
19.994
23.063
35.093
27.808
413.979
28.931
50.418
98.671
150.327
259.867
391.624
57.172
89.222
408.195
51.531
66.942
121.142
29.311
22.643
20.568
317.068
358.519
29.392
316.025
31.206
895.056
180.775
48.651
52.061
255.019
44.077
275.502
26.71
325.478
31.253
71.935
44.229
42.902
22.451
59.596
363.294
123.579
1705.674
105.586
105.285
85.006
105.629
646.862
26.578
40.217
25.035
76.452
35.074
50.307
346.078
89.446
81.908
871.784
46.541
17.82
50.353
89.73
1074.784
72.065
1147.58
34.834
67.958
42.097
551.259
397.755
334.136
107.959
45.343
421.376
256.065
142.831
26.894
897.798
125.267
407.821
154.635
126.377
226.01
510.316
69.207
53.924
26.404
138.046
483.62
448.049
187.316
439.454
231.642
62.814
27.032
137.886
20.815
538.13
1434.916
42.794
204.208
578.018
71.025
21.386
96.763
59.471
29.337
515.342
115.894
563.211
60.316
51.124
152.544
51.713
1349.524
108.811
46.753
75.211
21.481
18.87
26.656
22.606
576.52
206.691
87.848
27.476
585.515
119.961
43.595
37.362
114.666
490.504
134.308
587.747
254.56
110.372
104.718
88.583
21.927
68.526
200.062
145.285
908.419
18.688
85.593
42.003
21.256
60.106
327.545
46.308
29.269
84.702
26.157
115.151
31.413
81.602
488.214
490.048
147.237
359.118
157.808
35.372
41.787
113.703
55.275
91.263
85.145
526.556
454.384
73.531
509.471
22.046
150.74
260.947
170.777
28.382
39.596
121.35
25.944
54.229
28.95
79.398
69.441
23.319
29.625
357.941
800.591
53.453
34.626
86.046
285.569
41.112
79.774
45.733
378.143
572.737
125.669
23.947
457.191
44.41
193.144
42.99
30.201
22.109
39.855
71.097
24.427
41.619
30.428
203.295
63.453
396.934
54.082
1277.763
96.305
32.981
48.715
48.187
245.22
24.961
339.681
373.235
120.982
777.528
242.78
18.777
185.296
34.568
57.67
46.999
287.606
319.561
25.175
269.875
501.836
121.926
54.343
100.495
430.801
46.4
843.002
160.307
306.851
482.288
21.138
24.524
23.002
55.302
172.705
118.076
281.186
27.565
979.167
310.367
406.037
330.557
26.343
32.431
515.202
18.429
29.321
23.546
31.048
34.198
343.834
29.371
738.546
198.744
43.023
130.325
422.143
50.679
506.709
236.459
43.422
33.91
480.034
33.762
52.702
257.578
30.318
110.535
74.966
526.428
66.217
19.284
24.854
32.662
24.008
50.355
507.983
193.434
274.215
25.853
61.202
714.075
97.502
27.135
255.8
39.347
101.1
33.646
39.663
36.482
160.088
183.869
28.403
481.037
83.164
1220.278
24.149
74.17
22.505
321.697
82.881
118.974
181.45
376.155
426.399
33.291
96.234
208.393
219.144
30.874
129.878
92.853
52.169
66.544
121.42
113.461
118.587
409.432
23.622
162.589
195.988
74.791
711.91
731.191
49.855
26.101
368.383
775.934
156.11
378.027
904.808
319.377
2032.542
66.644
703.939
20.859
22.566
98.272
55.27
68.652
31.242
368.325
26.827
174.179
106.16
522.356
19.097
63.933
51.466
64.187
132.452
159.823
129.189
145.303
303.441
21.919
429.618
22.84
67.878
20.882
46.955
203.434
93.665
37.692
36.9
30.495
281.581
32.005
663.095
286.622
161.949
18.858
36.715
60.715
560.971
141.113
27.976
122.985
29.917
164.378
188.494
67.01
77.485
158.72
298.632
130.926
32.302
76.343
39.755
37.488
580.805
71.715
61.783
22.84
87.302
56.298
211.196
49.819
122.313
28.384
281.167
90.698
253.586
27.62
46.792
121.612
116.544
54.537
104.572
46.761
26.344
23.421
33.473
1355.533
897.529
89.457
184.556
897.108
427.587
142.201
54.63
32.838
27.614
45.519
89.546
118.884
121.869
95.226
23.015
20.487
154.794
127.663
185.921
103.532
36.984
156.09
115.426
24.859
426.147
21.014
20.242
691.59
51.925
746.455
544.044
58.28
79.483
24.818
209.96
124.136
170.105
73.114
49.397
31.877
145.814
108.294
42.093
27.381
18.304
29.207
392.576
1200.516
159.147
334.539
36.442
59.698
20.795
124.532
199.366
1476.654
262.08
30.306
24.859
1378.707
502.375
20.663
114.414
68.922
100.005
39.125
165.898
31.162
74.395
64.19
145.287
45.735
20.659
73.772
34.946
693.913
23.219
28.224
28.762
57.802
22.909
426.847
52.867
524.26
62.993
281.337
21.787
227.905
43.911
28.703
131.195
160.562
634.031
95.697
64.928
41.116
271.421
31.827
56.13
215.511
40.516
26.095
31.647
21.908
515.212
79.42
514.812
305.763
77.618
31.695
246.114
22.758
289.4
65.252
288.377
17.74
57.071
22.303
390.27
1715.474
36.216
477.674
336.426
371.407
41.751
113.472
186.472
72.113
62.413
477.689
19.74
61.562
202.915
300.807
307.04
104.015
606.133
113.865
23.551
32.596
112.837
37.079
190
119.733
180.381
50.167
132.874
395.995
388.793
611.63
126.778
63.303
59.192
41.339
29.209
276.083
40.963
113.647
52.467
75.105
22.099
938.704
52.208
43.485
102.687
33.468
79.278
403.398
137.01
33.374
269.909
170.254
20.013
177.156
66.217
219.103
271.308
55.822
25.231
678.759
143.452
102.119
57.934
25.827
110.824
28.632
167.226
461.759
26.734
171.5
53.42
126.899
62.976
67.491
156.388
517.864
161.172
22.652
264.752
217.196
80.065
48.855
175.262
144.006
34.339
39.128
793.036
142.674
253.742
700.074
393.451
141.972
49.138
677.568
303.896
32.147
59.927
111.128
674.107
30.486
36.946
1196.509
345.325
118.451
1693.007
65.925
322.06
29.096
217.97
1042.917
61.725
272.643
40.511
127.292
68.66
388.67
57.065
33.35
41.227
54.045
232.006
258.223
624.205
23.422
587.214
23.117
98.306
27.18
291.917
32.787
62.617
42.552
46.253
88.401
610.615
22.777
106.099
887.668
757.032
69.937
21.867
120.188
27.742
38.661
109.86
26.403
154.673
32.475
275.804
18.48
62.285
34.499
60.964
216.21
151.549
170.027
1112.402
52.029
27.245
29.844
1113.757
334.37
30.593
351.056
69.451
88.644
41.012
24.344
77.313
39.623
270.125
22.591
245.059
75.336
46.559
81.359
33.003
72.565
21.394
21.105
28.637
133.487
171.505
354.335
258.064
1419.876
32.334
291.737
107.997
47.056
27.601
237.623
27.804
124.188
268.841
72.82
26.367
52.926
373.055
38.572
106.825
709.008
59.518
25.729
26.307
25.292
78.002
376.263
75.07
39.89
567.205
65.885
86.92
150.444
1035.75
30.836
311.341
36.008
20.716
109.441
69.593
305.792
414.633
81.484
419.214
230.986
31.564
63.028
165.839
53.352
31.312
50.048
55.474
370.066
160.263
110.338
138.241
20.142
64.105
674.7
52.741
130.28
67.228
134
52.192
288.069
82.898
45.77
89.27
1335.795
549.328
220.329
61.966
50.771
133.353
155.907
2149.794
280.632
67.839
48.509
99.06
262.312
337.034
245.56
98.752
539.654
43.429
422.13
162.878
58.623
24.384
93.145
159.468
45.522
93.066
899.484
56.983
1226.613
88.286
247.213
169.211
539.73
353.133
41.474
290.079
18.743
75.466
294.497
1445.496
27.321
255.513
21.463
29.129
183.066
68.157
26.292
174.166
86.27
615.255
55.01
353.57
39.679
34.437
451.729
82.307
1141.832
303.183
31.072
121.641
97.844
93.027
196.212
23.93
90.087
145.029
18.213
142.23
327.169
27.919
33.405
927.652
149.227
71.717
29.143
148.796
43.211
395.7
139.065
447.833
37.358
73.4
291.948
84.938
28.677
743.228
32.213
34.432
140.53
117.796
389.956
34.491
667.897
759.241
33.427
24.977
116.087
42.367
68.631
150.129
496.402
82.697
21.768
52.589
174.094
46.945
222.903
251.427
292.013
158.839
390.859
39.81
101.959
52.909
29.498
45.744
494.573
28.555
28.218
22.44
534.427
225.691
119.384
430.29
845.638
334.77
209.242
31.058
326.664
46.415
77.268
29.534
319.057
39.214
1025.757
471.483
146.218
39.062
27.522
34.547
180.358
297.636
28.113
181.693
305.33
315.209
120.201
36.064
23.392
248.752
147.184
318.068
37.563
47.872
536.625
38.178
46.296
91.939
783.226
285.95
47.433
570.68
169.476
1431.495
214.229
602.816
80.713
102.155
59.143
142.945
159.952
19.597
28.293
20.938
674.158
24.347
97.196
24.618
211.268
598.681
170.289
474.077
69.434
297.757
75.855
660.873
37.977
152.32
92.348
33.569
119.867
30.801
32.569
158.463
47.114
44.278
121.33
108.369
39.64
45.236
318.606
343.808
182.603
456.474
40.205
850.137
510.145
75.288
54.815
28.848
36.061
265.896
56.876
90.616
24.253
434.31
457.755
59.554
217.34
87.583
80.164
22.278
79.755
106.408
24.54
206.769
27.717
114.774
102.126
188.761
381.081
340.61
58.884
120.415
203.562
54.396
395.291
80.2
329.918
369.961
391.296
72.079
20.233
146.092
157.91
78.738
20.965
1148.947
40.177
32.35
1094.967
26.584
178.848
55.434
119.101
44.784
160.643
123.231
28.573
40.591
111.089
28.721
450.276
96.875
950.574
47.83
576.745
106.851
257.158
76.651
412.228
127.42
291.682
51.039
55.376
357.104
949.914
388.87
271.313
110.651
44.898
258.424
18.122
278.589
19.765
229.561
355.174
108.356
51.436
95.443
96.388
125.804
588.715
54.252
405.456
92.543
36.071
129.818
101.847
69.645
221.541
32.233
93.051
219.236
70.803
78.713
52.409
148.022
104.452
79.657
24.132
131.169
46.142
163.345
452.799
23.328
33.904
41.474
28.434
44.491
189.544
21.841
1446.108
568.958
186.774
18.929
108.449
56.924
38.52
53.455
28.165
65.409
29.981
161.524
49.841
194.533
32.906
27.56
250.36
103.702
97.328
708.216
33.215
72.602
446.731
224.377
38.287
131.371
29.397
35.813
160.089
44.828
40.244
45.949
101.129
90.986
75.488
59.454
26.327
22.196
31.696
28.889
438.197
349.286
24.409
56.498
20.89
174.691
47.39
444.642
49.32
61.626
735.626
64.297
1402.698
174.206
201.911
461.251
266.535
30.026
32.668
105.426
36.036
48.031
1060.957
591.48
325.55
38.533
31.654
261.869
346.019
347.128
22.36
973.579
121.19
21.274
89.982
102.229
22.431
37.521
1173.305
202.984
26.364
27.799
562.173
70.05
643.045
426.967
298.836
152.173
27.852
29.567
115.697
109.501
22.77
22.635
25.777
249.82
178.536
64.949
32.464
60.092
26.888
1426.909
57.127
32.717
149.125
23.721
478.273
36.338
183.922
162.068
203.326
29.585
19.962
17.322
20.085
86.607
800.83
23.052
72.025
21.329
30.382
79.234
316.343
25.577
114.415
180.082
103.039
214.722
87.02
81.502
35.746
76.223
25.167
38.33
212.159
344.593
38.944
64.158
53.299
182.042
291.866
34.082
283.235
113.764
81.422
535.678
213.722
385.013
87.007
114.536
133.25
93.336
131.991
32.587
37.472
60.699
235.73
281.93
23.182
97.043
59.801
298.8
240.802
107.63
32.849
34.518
74.253
123.003
328.324
214.774
387.782
28.026
47.687
193.159
19.344
54.642
190.836
