[-162,22]
[120,8]
[-4,-59]
[-21,87]
[31,-52]
[53,-50]
[177,-44]
[-69,-89]
[-117,68]
[82,-74]
[-25,46]
[80,5]
[101,33]
[-93,84]
[72,31]
[-47,32]
[24,-58]
[-30,68]
[155,-19]
[-67,-6]
[-30,83]
[-168,88]
[99,33]
[51,-12]
[34,47]
[41,68]
[-67,66]
[124,-80]
[-120,-72]
[-151,69]
[-37,-17]
[25,15]
[-4,-29]
[-42,37]
[61,-45]
[-43,72]
[-122,5]
[-70,-19]
[173,15]
[112,-17]
[-46,46]
[81,70]
[-71,31]
[43,11]
[-110,76]
[124,-74]
[-72,7]
[-99,31]
[-159,82]
[-50,-53]
[-55,13]
[-86,34]
[156,-85]
[136,87]
[-78,83]
[-124,40]
[-159,84]
[145,11]
[173,-33]
[-72,59]
[-178,77]
[-139,-40]
[-30,-79]
[122,1]
[48,28]
[154,-64]
[2,-50]
[27,66]
[85,34]
[-62,-75]
[77,87]
[117,-51]
[156,28]
[161,-55]
[68,63]
[101,-51]
[144,67]
[52,46]
[142,-55]
[-103,-14]
[-19,45]
[-27,-89]
[-154,-28]
[-148,30]
[103,19]
[141,61]
[-160,84]
[-109,33]
[126,-40]
[133,44]
[167,-86]
[-26,83]
[88,26]
[27,32]
[88,46]
[123,-36]
[-67,70]
[170,-68]
[135,66]
[-108,-78]
[66,44]
[-15,65]
[-146,59]
[111,42]
[-111,-20]
[-125,-33]
[121,-57]
[-22,-86]
[-85,88]
[-15,2]
[6,21]
[169,-50]
[51,-69]
[-127,-79]
[77,-37]
[-25,-84]
[-6,70]
[138,40]
[-161,83]
[-110,86]
[-176,12]
[17,-51]
[144,-44]
[-11,-40]
[22,28]
[-4,25]
[50,-36]
[-69,-69]
[-8,78]
[51,54]
[-162,-37]
[68,-12]
[86,75]
[-150,-1]
[-122,54]
[167,24]
[72,-16]
[63,81]
[-88,-89]
[-8,-49]
[-69,77]
[108,-35]
[9,59]
[45,-67]
[137,4]
[94,15]
[73,-86]
[-161,36]
[148,67]
[-173,51]
[-50,-16]
[101,83]
[106,27]
[161,49]
[20,-36]
[-138,58]
[-135,67]
[-10,-59]
[-95,-53]
[-95,18]
[-40,-0]
[-54,35]
[66,70]
[-134,-71]
[41,27]
[-13,87]
[-18,-60]
[-26,-89]
[-173,84]
[66,73]
[-151,77]
[16,33]
[-11,-12]
[60,13]
[-110,-1]
[-96,-73]
[-103,-60]
[-147,-24]
[-170,-34]
[40,73]
[-66,31]
[145,-88]
[-124,32]
[-169,27]
[-108,-58]
[72,-59]
[15,23]
[38,73]
[159,78]
[-17,62]
[-8,-63]
[112,-5]
[77,-28]
[96,-38]
[-78,-34]
[-148,58]
[-154,-8]
[-31,-69]
[-70,-88]
[167,-82]
[-142,0]
[169,47]
[73,-43]
[-129,-71]
[52,-78]
[36,-28]
[122,-63]
[-67,32]
[35,73]
[-13,-39]
[75,-9]
[-121,-70]
[30,-38]
[126,20]
[139,34]
[98,-75]
[90,-13]
[168,-58]
[-151,23]
[-113,-77]
[110,-61]
[148,47]
[85,66]
[-13,-18]
[17,-32]
[152,-16]
[-19,-68]
[-138,-81]
[104,46]
[35,22]
[-47,-86]
[-167,45]
[101,84]
[103,-26]
[-48,75]
[116,-23]
[173,69]
[-94,-87]
[91,-88]
[-174,80]
[92,-10]
[-161,-65]
[105,-13]
[-75,57]
[116,14]
[-114,42]
[-120,27]
[-80,54]
[-99,-11]
[123,86]
[-40,82]
[107,6]
[126,48]
[-142,55]
[95,75]
[140,69]
[13,28]
[53,-50]
[55,86]
[123,81]
[-71,33]
[-79,-24]
[27,-7]
[59,78]
[133,-67]
[79,-33]
[112,5]
[49,-30]
[-9,1]
[125,-71]
[179,-34]
[53,3]
[-33,-3]
[-121,60]
[30,-23]
[-150,-75]
[153,-23]
[-65,33]
[24,21]
[-94,13]
[-176,-24]
[32,32]
[-122,17]
[67,18]
[-38,-26]
[158,21]
[43,-58]
[-107,22]
[30,-0]
[-121,-14]
[-95,89]
[31,-17]
[160,87]
[170,-36]
[46,-82]
[-69,10]
[-42,85]
[-8,-9]
[142,-80]
[120,-22]
[-157,28]
[171,-45]
[135,-20]
[-147,42]
[37,-85]
[-106,89]
[-173,51]
[83,27]
[69,23]
[175,-23]
[-126,-0]
[19,-27]
[-109,35]
[19,-35]
[-132,52]
[-77,-67]
[-126,-16]
[76,68]
[8,72]
[-167,-13]
[139,28]
[-177,-20]
[68,-27]
[136,8]
[137,-20]
[-138,-69]
[-92,-16]
[-127,-14]
[-102,-74]
[84,-21]
[4,-37]
[-91,-68]
[15,50]
[120,-43]
[100,-77]
[-18,-58]
[110,35]
[-51,-74]
[-31,-63]
[-77,39]
[37,30]
[-173,49]
[-6,-37]
[-133,59]
[-162,8]
[74,68]
[2,-71]
[-109,63]
[-167,-8]
[59,70]
[-41,-14]
[164,71]
[155,16]
[-75,-18]
[-0,33]
[-102,-39]
[-124,-35]
[-41,-63]
[-84,-86]
[-30,52]
[-141,51]
[24,21]
[27,66]
[67,-84]
[56,19]
[168,46]
[159,-75]
[-38,28]
[137,1]
[51,89]
[153,61]
[175,43]
[86,40]
[135,-84]
[-39,31]
[-83,-68]
[92,46]
[-114,8]
[-29,-30]
[36,45]
[151,7]
[63,-42]
[177,0]
[-70,-1]
[-85,-15]
[107,32]
[51,37]
[138,20]
[-70,30]
[-21,-64]
[-131,69]
[153,-81]
[121,67]
[-22,59]
[-176,48]
[37,-68]
[-66,15]
[119,12]
[42,-45]
[80,38]
[-99,-47]
[-93,-13]
[49,-66]
[99,-13]
[-65,-15]
[105,52]
[162,-22]
[-105,86]
[63,41]
[-84,-43]
[-168,-67]
[100,-23]
[-131,-81]
[41,-36]
[124,-81]
[119,36]
[-48,87]
[29,0]
[-151,57]
[127,0]
[37,-32]
[109,1]
[119,48]
[-162,21]
[123,58]
[-120,-15]
[-2,-72]
[173,-75]
[5,47]
[110,-70]
[101,52]
[114,65]
[-95,16]
[-121,-13]
[-42,-84]
[-107,38]
[-141,-27]
[93,-18]
[144,10]
[-44,-35]
[2,-26]
[-135,30]
[-27,-68]
[-6,-47]
[-21,59]
[94,-64]
[176,-73]
[-84,9]
[-143,75]
[-37,34]
[-104,-67]
[60,-89]
[110,-49]
[17,-81]
[169,20]
[-39,63]
[163,75]
[38,64]
[113,18]
[42,-70]
[64,-56]
[6,-5]
[64,15]
[-154,85]
[24,87]
[-79,6]
[74,-10]
[121,43]
[-59,-20]
[-127,34]
[21,66]
[128,76]
[-37,-34]
[-178,-36]
[141,-81]
[24,45]
[-36,-68]
[158,-23]
[-1,-68]
[-36,-4]
[9,29]
[155,26]
[174,81]
[150,62]
[-70,32]
[165,0]
[13,-82]
[-44,-64]
[60,13]
[-167,-59]
[149,68]
[-130,-73]
[-9,50]
[45,-68]
[127,57]
[30,-82]
[-97,-41]
[92,-20]
[83,-70]
[-104,-55]
[-21,55]
[-97,-25]
[-176,-35]
[153,-64]
[-72,63]
[73,-23]
[151,8]
[-62,84]
[20,82]
[179,-18]
[67,-75]
[128,14]
[73,-67]
[-72,21]
[-46,-47]
[10,-35]
[-139,29]
[112,-82]
[26,86]
[-54,87]
[51,70]
[-154,35]
[162,19]
[128,2]
[15,-42]
[-49,-29]
[-169,-81]
[132,-58]
[86,43]
[104,-33]
[-49,29]
[-96,55]
[78,63]
[-55,-74]
[69,3]
[-142,24]
[-136,63]
[-103,-19]
[-15,-43]
[46,-12]
[159,43]
[4,-59]
[-110,-30]
[46,-84]
[41,74]
[-86,-23]
[-33,-64]
[8,-64]
[94,-88]
[-165,-80]
[4,-72]
[60,80]
[-58,39]
[-0,31]
[-117,-83]
[-129,-54]
[149,89]
[92,-32]
[-86,42]
[116,-18]
[-159,13]
[-167,-10]
[-158,54]
[-139,54]
[148,65]
[-10,0]
[-65,-27]
[20,-83]
[29,88]
[174,87]
[93,-2]
[93,32]
[31,-30]
[-113,34]
[1,43]
[-174,34]
[113,-48]
[-140,-29]
[10,53]
[-162,-60]
[-6,-38]
[-4,-85]
[142,51]
[144,-89]
[-84,45]
[73,-20]
[46,-20]
[-139,-43]
[-154,1]
[-50,-21]
[22,82]
[-117,-66]
[-46,-70]
[164,-87]
[-137,-35]
[-145,56]
[-23,77]
[177,1]
[163,-70]
[-55,41]
[178,-42]
[-151,73]
[125,-73]
[162,-29]
[-96,-29]
[-82,61]
[-136,41]
[76,50]
[30,-68]
[165,-83]
[-31,53]
[163,-18]
[98,-28]
[165,48]
[0,-71]
[26,29]
[178,-86]
[52,-63]
[131,83]
[-118,77]
[-107,-69]
[164,-31]
[154,27]
[46,33]
[-113,-67]
[-76,58]
[132,-54]
[178,-1]
[149,62]
[48,34]
[-15,-22]
[-69,81]
[176,-9]
[-141,32]
[21,-52]
[-108,-49]
[-179,-4]
[-0,-86]
[83,-21]
[135,-69]
[99,-65]
[9,-23]
[5,-23]
[129,-35]
[-89,13]
[-144,-7]
[-119,71]
[19,-64]
[43,-47]
[-179,-38]
[32,74]
[110,-1]
[-173,-12]
[-158,-64]
[88,-57]
[-25,-47]
[-145,-10]
[156,-84]
[-169,-76]
[-8,71]
[-99,63]
[37,-23]
[114,-63]
[-27,-73]
[123,-79]
[-35,29]
[172,8]
[172,-22]
[-154,-79]
[-97,84]
[-103,-31]
[77,78]
[64,46]
[23,-88]
[-39,5]
[-127,67]
[-170,-31]
[-52,-67]
[12,68]
[-53,37]
[73,-26]
[123,-22]
[58,-2]
[-50,84]
[125,-14]
[156,-35]
[-129,-42]
[-10,-53]
[118,53]
[-123,45]
[168,42]
[116,57]
[96,-68]
[48,82]
[15,-42]
[-34,52]
[-46,67]
[-36,13]
[-70,-11]
[-172,-13]
[153,-40]
[154,-40]
[112,-72]
[-109,85]
[9,-87]
[-52,76]
[-1,68]
[-88,42]
[105,-47]
[116,-78]
[106,-6]
[135,-46]
[41,-48]
[28,-21]
[68,-29]
[171,32]
[31,64]
[66,18]
[5,-12]
[79,9]
[-41,16]
[-148,72]
[-133,-68]
[-144,38]
[-126,39]
[-40,-44]
[102,-37]
[-155,20]
[45,55]
[-55,-54]
[89,1]
[-169,-84]
[12,88]
[135,-41]
[107,25]
[-101,80]
[-146,-74]
[147,77]
[101,-21]
[105,-87]
[-56,32]
[23,-22]
[162,-68]
[-91,-70]
[-177,2]
[12,-80]
[69,-85]
[74,-34]
[-19,11]
[118,-81]
[12,-42]
[-100,-65]
[147,-69]
[-143,62]
[-8,-68]
[-177,38]
[6,-75]
[-142,-24]
[26,-72]
[95,83]
[103,-71]
[98,76]
[-43,-23]
[-53,59]
[-44,78]
[-107,-87]
[33,40]
[165,87]
[102,-35]
[-147,56]
[126,-7]
[123,38]
[-117,-78]
[-104,-24]
[-61,-13]
[-147,38]
[142,41]
[-93,17]
[-160,75]
[83,-6]
[64,3]
[176,76]
[-28,36]
[176,71]
[-32,-39]
[121,-69]
[-39,69]
[98,7]
[105,48]
[3,-6]
[-5,0]
[-25,-62]
[67,43]
[171,23]
[-165,24]
[159,-20]
[-143,52]
[-54,-48]
[132,52]
[-143,-69]
[-69,52]
[7,76]
[59,-14]
[-136,-1]
[9,-54]
[-10,6]
[132,-68]
[177,-46]
[55,-76]
[77,-89]
[45,-44]
[150,0]
[148,40]
[-57,-17]
[22,34]
[37,33]
[136,67]
[-30,75]
[-7,-34]
[47,34]
[18,79]
[-106,-31]
[22,30]
[89,-32]
[95,-67]
[-103,-85]
[-139,-67]
[68,66]
[-62,6]
[-150,76]
[171,-48]
[-60,82]
[-70,76]
[-57,-85]
[-65,59]
[-25,38]
[-177,-52]
[-168,23]
[138,14]
[-30,-39]
[-46,-87]
[-23,45]
[140,3]
[-147,-21]
[155,58]
[-153,16]
[87,-64]
[-3,-70]
[75,46]
[106,-42]
[-94,-6]
[132,45]
[168,31]
[56,-9]
[44,-85]
[100,57]
[-159,-17]
[-64,-37]
[-30,36]
[-37,21]
[178,-55]
[-16,-64]
[-22,-87]
[3,49]
[134,-42]
[168,23]
[146,-71]
[-151,-28]
[45,-18]
[-32,-28]
[139,-27]
[137,-39]
[-10,22]
[-115,9]
[-70,-33]
[-11,-21]
[-6,56]
[-98,63]
[-133,-35]
[154,-42]
[123,-86]
[173,-75]
[-42,33]
[-76,68]
[-87,65]
[-4,17]
[-58,-17]
[-78,-89]
[40,66]
[46,31]
[-11,-50]
[112,33]
[-105,76]
[-1,-19]
[70,14]
[-33,54]
[170,-33]
[-73,-74]
[-132,61]
[-41,68]
[-179,37]
[-170,-9]
[-80,-22]
[-73,-85]
[-65,51]
[-58,-1]
[146,-26]
[92,-38]
[33,-45]
[-83,6]
[130,31]
[29,-49]
[-53,-29]
[-92,56]
[-174,-37]
[66,-20]
[-35,31]
[-145,-82]
[-6,18]
[32,80]
[-153,-50]
[-72,-51]
[13,-58]
[167,26]
[77,-25]
[118,-81]
[154,20]
[-11,58]
[109,77]
[-69,20]
[-60,-59]
[-10,34]
[-91,84]
[155,62]
[150,45]
[48,-87]
[124,13]
[-166,-42]
[10,-77]
[-171,37]
[-7,72]
[34,17]
[-171,5]
[179,89]
[-120,23]
[74,-56]
[-50,-56]
[37,-19]
[-153,-59]
[84,-59]
[37,-9]
[30,-25]
[134,49]
[114,57]
[26,-41]
[-69,-80]
[167,52]
[11,16]
[-87,38]
[-98,-71]
[13,8]
[13,38]
[55,-30]
[-166,60]
[159,-10]
[178,50]
[-39,-85]
[-64,85]
[111,70]
[-94,-15]
[-6,-35]
[-128,80]
[-167,-68]
[30,-8]
[71,16]
[-35,5]
[-71,35]
[120,65]
[-160,86]
[101,79]
[176,-70]
[-178,-1]
[73,-70]
[-96,55]
[105,-76]
[-163,-41]
[-118,82]
[125,70]
[-162,-20]
[-128,-67]
[68,-22]
[149,-11]
[98,-52]
[79,-86]
[-6,-57]
[27,-33]
[-141,30]
[-38,-40]
[155,-30]
[-47,46]
[-1,74]
[-45,8]
[-22,-27]
[-12,11]
[13,34]
[96,14]
[47,-53]
[-100,57]
[-96,-75]
[145,39]
[2,71]
[171,-67]
[-106,37]
[124,-59]
[-151,-16]
[-122,-78]
[-6,57]
[-56,-63]
[-175,88]
[31,10]
[1,-11]
[172,-80]
[-2,36]
[0,23]
[-99,-66]
[-129,-25]
[23,-59]
[-52,25]
[35,-31]
[-92,41]
[-162,89]
[-16,73]
[-150,75]
[-136,-35]
[45,58]
[14,-69]
[85,-89]
[41,85]
[148,-10]
[-154,-3]
[-163,67]
[-155,72]
[146,66]
[87,-39]
[-92,-65]
[-2,82]
[95,55]
[158,88]
[-176,-30]
[-54,-32]
[-175,25]
[-35,28]
[157,49]
[119,8]
[29,34]
[157,-89]
[150,-83]
[14,-81]
[150,-29]
[-125,-45]
[159,73]
[34,-26]
[157,-47]
[-54,28]
[-126,48]
[-108,68]
[111,-48]
[-159,-3]
[-102,-84]
[-143,39]
[-19,-17]
[-154,-54]
[-38,-69]
[165,-37]
[101,38]
[-149,87]
[-71,-62]
[-111,-39]
[-173,-83]
[-146,-77]
[40,-7]
[-69,-57]
[-71,-64]
[-9,-15]
[40,-62]
[1,5]
[49,45]
[-99,19]
[49,-66]
[108,-69]
[159,-12]
[-161,40]
[-170,-17]
[-96,81]
[42,-85]
[-96,11]
[-42,72]
[-121,86]
[-158,-78]
[52,-18]
[95,68]
[-21,88]
[109,68]
[55,83]
[12,27]
[142,25]
[46,-68]
[152,-23]
[-128,48]
[81,-9]
[-170,-77]
[141,51]
[-141,27]
[-101,60]
[-118,-7]
[7,68]
[55,20]
[-83,15]
[27,-10]
[121,58]
[22,68]
[-26,2]
[-176,-37]
[-107,-41]
[104,66]
[54,21]
[-10,-21]
[93,-75]
[51,-5]
[162,-13]
[125,-56]
[-8,14]
[-3,85]
[-106,29]
[-35,-8]
[26,-8]
[25,70]
[135,-58]
[100,-68]
[64,-83]
[130,40]
[-82,32]
[-16,61]
[158,60]
[-155,-7]
[-103,-10]
[115,30]
[-11,-4]
[83,-27]
[-21,-48]
[64,-33]
[131,-36]
[148,-53]
[-92,28]
[132,36]
[67,-58]
[93,-60]
[18,-86]
[-62,-28]
[33,-53]
[147,-8]
[117,-29]
[29,-12]
[-39,-4]
[-24,-70]
[-95,-52]
[12,-66]
[34,55]
[9,-56]
[9,-82]
[97,-59]
[2,-18]
[-49,-16]
[-25,64]
[30,-3]
[-72,-67]
[-50,-72]
[54,-25]
[-144,10]
[-4,34]
[-71,75]
[-135,-73]
[-151,6]
[-165,40]
[-72,31]
[23,29]
[-72,-78]
[153,74]
[-57,59]
[30,68]
[-99,-11]
[-136,-70]
[-40,10]
[-13,-44]
[50,17]
[-4,11]
[136,32]
[118,-5]
[40,-42]
[-86,73]
[-141,18]
[-14,21]
[150,3]
[-36,-56]
[-47,46]
[88,-58]
[-33,46]
[69,-8]
[104,-62]
[135,60]
[-61,-6]
[-110,-0]
[8,78]
[103,-8]
[-159,49]
[-56,5]
[-98,-81]
[123,8]
[9,41]
[86,-7]
[95,51]
[-55,14]
[-42,27]
[-0,-63]
[77,34]
[77,-68]
[71,-60]
[-173,-68]
[-83,-73]
[25,18]
[-93,14]
[-134,60]
[-3,57]
[-163,89]
[87,80]
[-61,10]
[-137,-0]
[-64,-89]
[-68,73]
[57,-31]
[99,-60]
[-96,66]
[-48,-76]
[77,-19]
[-94,-49]
[-25,-60]
[37,81]
[55,-16]
[-118,-78]
[56,15]
[-82,-74]
[33,-35]
[-12,70]
[-69,-72]
[97,77]
[-94,-8]
[-149,5]
[-28,-15]
[-20,79]
[64,83]
[-2,70]
[-55,79]
[-167,33]
[-79,-58]
[-23,26]
[52,18]
[-137,-8]
[34,-21]
[60,-83]
[71,11]
[-116,19]
[-177,69]
[-43,32]
[128,-11]
[31,41]
[147,-38]
[91,84]
[-16,69]
[-151,-64]
[4,-57]
[-81,22]
[-115,-56]
[-95,-20]
[-20,37]
[-45,5]
[-108,51]
[179,-2]
[-45,41]
[-177,-54]
[-137,73]
[-120,28]
[89,47]
[-19,-89]
[14,-61]
[-42,44]
[70,15]
[-168,47]
[84,-8]
[11,-38]
[-69,-32]
[170,5]
[-55,38]
[-60,34]
[131,5]
[45,-80]
[-164,-46]
[-122,-23]
[43,-37]
[-38,-68]
[143,-77]
[-32,-50]
[171,-60]
[-139,-7]
[-77,13]
[-67,32]
[-100,-88]
[-162,69]
[-71,-78]
[-124,9]
[28,-65]
[-75,-46]
[-163,-23]
[83,36]
[-93,-38]
[-115,85]
[118,-58]
[-72,20]
[85,-61]
[93,25]
[50,-49]
[135,5]
[161,75]
[122,-2]
[66,-58]
[25,-2]
[-112,-57]
[-17,57]
[-71,-51]
[-144,-47]
[-123,16]
[60,-19]
[110,54]
[16,42]
[52,-83]
[178,14]
[-148,34]
[-155,-54]
[63,1]
[-13,-48]
[-35,-48]
[102,-13]
[75,7]
[74,59]
[24,-50]
[8,-72]
[20,-6]
[-93,6]
[173,31]
[68,-61]
[-47,-18]
[-158,19]
[-50,73]
[-78,-11]
[-73,77]
[-34,-19]
[-129,23]
[175,87]
[-122,34]
[142,71]
[-49,87]
[-119,16]
[-87,-56]
[-173,-43]
[-119,89]
[148,13]
[27,64]
[-99,89]
[124,-54]
[2,-62]
[-174,18]
[124,37]
[-36,46]
[-124,-35]
[-156,11]
[-7,-43]
[1,-42]
[3,-54]
[-149,9]
[-127,51]
[-120,33]
[122,86]
[78,-55]
[-71,-0]
[-12,-15]
[100,-64]
[-163,-21]
[-109,46]
[158,-31]
[85,-64]
[-124,30]
[-133,41]
[-131,11]
[-108,17]
[-169,-26]
[14,13]
[-133,72]
[65,45]
[-88,50]
[-133,47]
[49,83]
[135,14]
[-169,1]
[149,-41]
[-79,63]
[160,-35]
[132,62]
[74,-4]
[40,-64]
[45,-66]
[162,-57]
[-36,24]
[14,72]
[-38,-55]
[-44,39]
[-151,24]
[-160,-60]
[-34,14]
[103,66]
[-85,-53]
[-111,12]
[165,-2]
[151,-54]
[130,-88]
[93,29]
[-106,27]
[34,80]
[-109,-47]
[-148,-75]
[72,-32]
[-90,-73]
[-100,-54]
[14,-52]
[-118,25]
[-123,3]
[-117,-13]
[-171,10]
[13,-71]
[-54,-63]
[174,60]
[24,-70]
[31,46]
[155,-9]
[123,-72]
[32,74]
[-57,4]
[-63,68]
[-96,-49]
[-77,81]
[121,-26]
[99,77]
[-24,64]
[-153,-76]
[-18,48]
[92,81]
[66,-17]
[-112,47]
[152,42]
[134,50]
[94,-89]
[89,-85]
[171,66]
[-134,24]
[-142,33]
[-39,82]
[140,22]
[30,75]
[-85,-49]
[19,13]
[-112,44]
[-38,-24]
[78,88]
[-113,68]
[166,8]
[-95,30]
[-91,78]
[83,-2]
[83,45]
[-164,51]
[169,62]
[96,71]
[-36,-29]
[80,15]
[89,48]
[-29,-7]
[-173,59]
[40,-35]
[28,-28]
[-27,8]
[-62,-4]
[0,-23]
[178,-68]
[143,3]
[-156,48]
[-109,36]
[85,-20]
[-134,-29]
[-39,66]
[129,-56]
[-64,43]
[42,-15]
[68,34]
[-144,-14]
[125,-1]
[39,-42]
[-28,13]
[-6,-79]
[84,-59]
[-52,87]
[-47,82]
[74,-66]
[-46,-44]
[-2,8]
[-89,59]
[55,-54]
[-96,14]
[-53,61]
[77,-16]
[98,-61]
[49,30]
[87,43]
[47,72]
[29,36]
[110,-84]
[-100,19]
[15,-84]
[-61,-88]
[67,-53]
[54,61]
[40,81]
[158,6]
[-149,54]
[158,-78]
[-3,9]
[-59,83]
[111,53]
[-58,-88]
[173,8]
[47,2]
[-96,-41]
[148,-40]
[-126,-32]
[22,-9]
[148,-33]
[154,-8]
[-8,63]
[-173,-63]
[-139,82]
[-12,15]
[31,13]
[-105,48]
[-175,89]
[60,-68]
[149,76]
[84,-59]
[-176,-11]
[6,-72]
[-68,-83]
[88,15]
[33,19]
[-52,-55]
[178,83]
[80,-6]
[-50,-55]
[-65,39]
[-126,18]
[106,67]
[-33,-37]
[-96,36]
[-27,20]
[-25,67]
[179,49]
[42,27]
[34,-47]
[12,22]
[-11,13]
[-107,18]
[-5,39]
[137,-83]
[-41,63]
[84,47]
[2,54]
[98,-56]
[136,28]
[-164,20]
[158,-7]
[-119,-57]
[-83,77]
[122,-81]
[-170,-62]
[-34,25]
[-11,65]
[-157,79]
[48,57]
[-146,-26]
[35,83]
[-123,-25]
[24,85]
[147,49]
[102,-31]
[47,-46]
[28,-64]
[-164,21]
[-162,-34]
[162,35]
[55,-38]
[-27,33]
[47,21]
[-146,-68]
[-12,-82]
[51,57]
[-167,-18]
[-45,-24]
[59,83]
[-7,51]
[-170,-63]
[-77,-26]
[153,56]
[-73,81]
[170,36]
[-99,-8]
[-45,30]
[-85,-64]
[62,36]
[-6,-52]
[146,74]
[59,13]
[88,0]
[-177,60]
[-130,72]
[-98,9]
[-149,-11]
[71,-47]
[171,-33]
[12,87]
[161,-10]
[-39,-47]
[31,-6]
[-55,41]
[-77,-72]
[-169,4]
[68,10]
[114,4]
[-137,-8]
[57,-37]
[-34,12]
[113,-58]
[150,-8]
[-134,-67]
[-166,-24]
[-21,53]
[28,80]
[101,-61]
[-130,56]
[20,27]
[161,-52]
[43,88]
[5,86]
[-161,-63]
[-55,46]
[-3,43]
[15,-43]
[8,-31]
[167,-7]
[-73,-16]
[-168,51]
[-36,40]
[-58,42]
[161,-57]
[100,-2]
[-176,39]
[57,-9]
[-143,-77]
[139,-2]
[87,24]
[-176,27]
[-137,40]
[-106,27]
[63,8]
[147,-66]
[-167,-68]
[-170,-11]
[-143,-0]
[-82,-41]
[-142,73]
[-178,25]
[116,-28]
[175,87]
[-123,42]
[-92,-9]
[167,-60]
[-21,5]
[-19,6]
[30,-77]
[156,16]
[161,-37]
[29,0]
[-30,69]
[-178,-60]
[-60,-25]
[154,-8]
[45,81]
[-33,-57]
[-58,-28]
[81,-84]
[88,-57]
[-42,-80]
[-166,-30]
[81,2]
[13,31]
[-77,77]
[14,44]
[108,14]
[-176,87]
[1,-28]
[-95,72]
[159,-15]
[-31,67]
[-24,8]
[97,-41]
[-62,-21]
[84,43]
[-82,-23]
[96,44]
[-124,-17]
[-159,-21]
[173,37]
[-159,-16]
[-153,-35]
[11,25]
[114,0]
[-7,-5]
[92,-79]
[-169,68]
[-86,-85]
[147,-4]
[-59,-61]
[-144,-31]
[27,87]
[-68,-77]
[-80,77]
[-60,-75]
[-79,39]
[-22,86]
[-175,0]
[-86,1]
[-156,55]
[100,6]
[91,70]
[49,51]
[102,61]
[169,28]
[-154,-60]
[-2,75]
[-68,-20]
[9,-26]
[69,-17]
[52,74]
[-105,67]
[-20,-9]
[137,55]
[-166,-74]
[82,45]
[-100,-29]
[173,47]
[19,-43]
[-111,27]
[-127,-53]
[18,-30]
[-105,-12]
[-112,-19]
[144,52]
[67,-83]
[-44,-62]
[-41,-50]
[101,82]
[174,14]
[48,-38]
[34,20]
[-64,25]
[145,78]
[-149,36]
[118,2]
[-61,81]
[-152,46]
[95,-58]
[7,41]
[158,-55]
[-161,50]
[150,30]
[-123,-51]
[68,-14]
[61,10]
[-4,26]
[-46,-55]
[22,55]
[-102,-22]
[71,37]
[150,86]
[39,-56]
[81,-45]
[-83,64]
[-62,-57]
[166,64]
[-142,6]
[24,29]
[-38,-56]
[-18,22]
[179,82]
[62,-66]
[-119,84]
[-151,-31]
[-152,75]
[147,81]
[23,-58]
[63,-41]
[-27,5]
[121,76]
[34,26]
[-162,64]
[91,82]
[-77,13]
[-140,4]
[64,77]
[13,-83]
[-41,34]
[31,-82]
[-23,22]
[32,66]
[174,-28]
[10,67]
[5,31]
[175,28]
[75,88]
[-17,63]
[84,17]
[-64,-84]
[27,48]
[-158,77]
[19,86]
[-63,-46]
[30,82]
[-107,51]
[139,60]
[-95,72]
[-74,-44]
[-163,12]
[12,-43]
[-88,82]
[91,73]
[-54,-2]
[57,85]
[113,-35]
[-45,-45]
[-65,-15]
[39,65]
[-41,-30]
[164,-7]
[-144,-15]
[89,-66]
[-78,-32]
[-98,-42]
[173,46]
[33,26]
[-119,59]
[33,-43]
[95,-43]
[0,-84]
[-24,0]
[-177,18]
[-45,-71]
[107,45]
[-28,-55]
[87,54]
[-75,7]
[-36,60]
[-160,-12]
[26,-10]
[-160,-57]
[-144,23]
[-55,19]
[40,33]
[-5,47]
[43,20]
[109,-1]
[59,-58]
[-20,81]
[177,13]
[89,-74]
[-11,81]
[18,30]
[-102,-47]
[58,12]
[133,3]
[32,56]
[-36,-14]
[88,6]
[-137,49]
[125,40]
[-12,34]
[-21,-49]
[139,-40]
[-14,51]
[-132,-5]
[162,20]
[16,29]
[28,-53]
[-170,-71]
[-164,13]
[-160,14]
[-67,23]
[80,-6]
[117,-38]
[-151,69]
[42,-70]
[-173,41]
[50,67]
[149,76]
[-62,-51]
[23,-17]
[-15,58]
[42,-73]
[-0,82]
[-36,-76]
[-61,30]
[-53,13]
[-14,67]
[175,-51]
[42,42]
[-30,5]
[46,-16]
[92,-79]
[-174,60]
[-80,15]
[22,8]
[133,0]
[-170,-13]
[28,-66]
[-79,34]
[-2,60]
[-150,27]
[78,-53]
[-17,-70]
[139,73]
[146,-24]
[3,85]
[-82,-41]
[101,-83]
[135,53]
[149,13]
[156,2]
[-130,19]
[120,34]
[30,-79]
[-81,-9]
[-159,41]
[28,52]
[-52,-8]
[-73,10]
[-91,62]
[-126,-23]
[141,-69]
[-11,0]
[-131,31]
[99,-82]
[-177,-52]
[8,-42]
[-152,-74]
[51,88]
[90,-59]
[-144,-77]
[-99,78]
[66,-81]
[-98,84]
[80,-48]
[114,-0]
[20,-34]
[-167,32]
[141,-53]
[51,-83]
[116,70]
[144,32]
[-69,-67]
[-20,-31]
[-78,71]
[-106,-25]
[30,-77]
[-174,-88]
[-33,-54]
[-165,-76]
[-144,5]
[-50,82]
[-70,31]
[108,61]
[-112,-88]
[-36,-49]
[-85,-58]
[-170,-28]
[98,-39]
[3,-72]
[113,-10]
[-21,77]
[-112,-3]
[147,-13]
[-16,-73]
[3,-88]
[172,-20]
[-78,67]
[-114,12]
[-93,48]
[-166,4]
[11,-10]
[-53,-83]
[86,63]
[-58,67]
[-162,37]
[-151,21]
[-144,15]
[119,80]
[139,61]
[27,-44]
[70,-54]
[156,19]
[38,-61]
[14,-79]
[-47,-9]
[-14,-26]
[-54,-35]
[-158,-74]
[-168,-68]
[69,41]
[128,-78]
[130,-84]
[-144,-61]
[97,0]
[-115,-58]
[-144,86]
[109,-54]
[-92,-28]
[63,-54]
[-35,-78]
[-137,73]
[41,-65]
[-143,38]
[71,-89]
[25,-52]
[84,1]
[-110,65]
[17,28]
[-165,15]
[24,41]
[-132,-57]
[-59,-80]
[108,-7]
[-81,65]
[30,-88]
[-54,-0]
[-38,-23]
[-16,-81]
[171,45]
[85,73]
[-136,56]
[28,72]
[-167,-17]
[-4,-81]
[-164,-37]
[-58,82]
[155,51]
[173,33]
[165,-5]
[-69,-41]
[95,-54]
[108,-2]
[23,-24]
[-144,18]
[53,46]
[-114,35]
[68,64]
[1,-40]
[160,88]
[46,-79]
[141,85]
[58,-58]
[96,75]
[-172,-57]
[90,-89]
[151,-52]
[-126,-10]
[140,-89]
[-14,-57]
[170,9]
[-161,-56]
[-107,-15]
[-136,-23]
[-144,-10]
[-140,-3]
[-10,54]
[-28,-29]
[-102,-75]
[112,26]
[57,79]
[37,54]
[161,-16]
[31,26]
[165,-28]
[27,-10]
[-108,-63]
[-168,3]
[-42,47]
[-164,-79]
[-68,41]
[63,36]
[40,-14]
[-121,41]
[92,-1]
[136,36]
[159,46]
[43,-72]
[104,33]
[11,-64]
[140,54]
[-44,-43]
[-67,-84]
[32,84]
[167,-71]
[-80,-71]
[-173,9]
[1,20]
[-51,20]
[62,70]
[25,11]
[-62,86]
[-10,-57]
[-1,35]
[-178,26]
[-163,79]
[94,22]
[-59,-63]
[-138,-11]
[50,0]
[-44,83]
[92,-56]
[37,-64]
[121,-52]
[-104,84]
[-8,-4]
[87,28]
[137,-55]
[-94,-77]
[-92,-19]
[156,17]
[-59,26]
[-134,-1]
[109,-17]
[-35,-89]
[-100,0]
[-40,50]
[-6,45]
[3,-16]
[-77,24]
[26,-15]
[-77,63]
[107,-21]
[-46,22]
[160,32]
[165,-45]
[-163,24]
[-86,1]
[-75,-36]
[-163,35]
[105,89]
[173,-53]
[102,7]
[2,-45]
[166,-66]
[172,-34]
[86,0]
[93,41]
[-139,-58]
[6,-78]
[-42,63]
[-144,-65]
[-40,-9]
[138,81]
[159,18]
[9,45]
[-157,-8]
[-56,-7]
[-55,-34]
[36,13]
[25,30]
[-113,35]
[-103,80]
[-170,16]
[-154,-1]
[-4,72]
[-133,-87]
[136,-81]
[144,67]
[127,87]
[-146,-57]
[13,-51]
[138,44]
[36,4]
[115,73]
[-75,-49]
[-165,-21]
[99,78]
[25,67]
[62,19]
[-51,-28]
[43,-17]
[-133,-23]
[-110,-32]
[-18,-82]
[53,15]
[-64,31]
[102,6]
[-124,-23]
[-51,-62]
[168,39]
[51,2]
[-87,-80]
[-84,29]
[85,-50]
[61,64]
[-66,18]
[5,19]
[174,-33]
[-142,60]
[-126,70]
[64,-86]
[-19,-36]
[119,-83]
[149,68]
[-35,35]
[72,-7]
[-51,37]
[-150,7]
[-8,48]
[124,17]
[-110,10]
[-44,64]
[-174,89]
[-52,12]
[-143,9]
[122,26]
[-104,68]
[-70,61]
[30,-29]
[96,89]
[54,45]
[-7,41]
[-0,-45]
[145,17]
[179,49]
[-105,68]
[-157,7]
[178,27]
[35,-60]
[-145,17]
[153,-24]
[58,-64]
[14,-85]
[-134,54]
[123,-82]
[160,57]
[-125,-22]
[55,-49]
[-119,51]
[106,85]
[162,65]
[-88,57]
[54,-72]
[109,-25]
[153,72]
[156,-46]
[106,54]
[-112,74]
[67,40]
[-34,-34]
[38,9]
[-82,40]
[-141,-54]
[-126,-50]
[51,51]
[174,83]
[70,41]
[-160,53]
[120,-77]
[102,-24]
[157,-12]
[-23,-64]
[79,-13]
[137,-14]
[-43,39]
[-61,-43]
[147,-9]
[64,-15]
[-175,26]
[110,89]
[128,-56]
[-46,-56]
[104,15]
[78,-80]
[-107,44]
[-159,16]
[-6,31]
[-149,7]
[23,-57]
[-84,32]
[-14,-4]
[-107,86]
[75,82]
[91,-84]
[114,-23]
[-23,14]
[30,63]
[-88,9]
[-131,-8]
[-3,37]
[-100,-34]
[17,58]
[47,-84]
[24,-84]
[-129,89]
[-16,-21]
[178,-2]
[67,30]
[-111,12]
[136,-5]
[-21,40]
[-111,3]
[-109,-53]
[86,57]
[31,60]
[-178,-89]
[150,38]
[-146,-67]
[-159,51]
[-118,16]
[-40,-73]
[-117,-29]
[31,-27]
[-110,-51]
[-176,47]
[97,-0]
[101,-41]
[-87,52]
[54,12]
[-7,-36]
[-41,12]
[-101,-40]
[99,85]
[115,-75]
[-172,-31]
[-46,38]
[85,-85]
[11,-53]
[165,-81]
[106,64]
[-104,-47]
[88,49]
[61,85]
[-127,-10]
[75,-38]
[-107,24]
[-35,-4]
[-49,47]
[-90,-43]
[76,-68]
[-2,-24]
[34,54]
[36,-88]
[7,-43]
[-43,-76]
[66,-43]
[-154,-62]
[-75,29]
[-160,71]
[139,10]
[-86,85]
[54,-87]
[160,63]
[-87,89]
[153,-12]
[47,36]
[-141,-5]
[-61,-34]
[179,-86]
[136,5]
[-27,13]
[52,58]
[-146,-16]
[54,-1]
[41,-3]
[-175,7]
[57,83]
[10,-88]
[-93,53]
[-171,0]
[-9,26]
[52,-49]
[-19,67]
[41,23]
[137,-53]
[-79,-27]
[-169,11]
[-116,-33]
[91,-17]
[25,11]
[68,-28]
[-49,-85]
[2,-54]
[52,-61]
[-45,-38]
[51,24]
[-166,-33]
[-10,-37]
[-47,49]
[-9,9]
[-129,58]
[2,-40]
[-80,2]
[110,-67]
[122,66]
[4,-34]
[41,-63]
[-141,-42]
[108,-19]
[-152,78]
[-17,34]
[30,33]
[39,36]
[122,-60]
[-38,-80]
[26,-89]
[75,38]
[99,51]
[-50,-2]
[175,-37]
[-9,82]
[112,13]
[72,66]
[25,-53]
[-53,-86]
[-127,27]
[-4,-38]
[-113,-17]
[157,68]
[78,-61]
[140,87]
[115,15]
[117,37]
[-1,74]
[58,-19]
[-3,-77]
[-53,-89]
[37,20]
[-108,12]
[122,-85]
[95,21]
[114,-37]
[118,27]
[32,-55]
[-66,-44]
[-1,-4]
[-151,34]
[-56,54]
[149,-72]
[135,23]
[23,-89]
[179,83]
[-165,6]
[30,-29]
[128,37]
[-171,9]
[128,51]
[96,-22]
[-36,-84]
[-144,18]
[-33,65]
[109,40]
[-137,75]
[170,-19]
[80,35]
[-132,30]
[-20,-14]
[6,-10]
[-24,-5]
[-97,59]
[50,65]
[-12,85]
[-29,15]
[-32,49]
[-140,-66]
[-37,-62]
[68,-23]
[132,58]
[-99,-70]
[-125,68]
[-37,16]
[-136,-85]
[6,-77]
[-51,68]
[178,-38]
[99,17]
[133,66]
[-107,-61]
[-11,-76]
[73,-23]
[30,18]
[-90,-32]
[-86,1]
[34,-32]
[64,-23]
[52,-41]
[-84,-89]
[128,31]
[34,3]
[159,55]
[178,-26]
[147,-31]
[66,-47]
[-13,2]
[-98,41]
[-155,54]
[90,82]
[56,71]
[-147,-13]
[-46,47]
[89,64]
[-134,-74]
[106,-66]
[164,50]
[-166,-12]
[167,-10]
[-81,42]
[6,-38]
[-163,19]
[-32,-52]
[74,-74]
[-1,10]
[-93,26]
[165,3]
[-54,28]
[167,-33]
[-53,-44]
[-4,3]
[71,-37]
[-12,-45]
[-126,78]
[-62,-58]
[19,-0]
[-73,87]
[125,36]
[-91,48]
[-93,-19]
[105,73]
[-55,12]
[71,75]
[8,-22]
[151,-8]
[50,-21]
[42,-52]
[98,-86]
[-76,-85]
[39,-34]
[-28,-6]
[-150,-71]
[147,83]
[-15,-69]
[-166,87]
[104,14]
[141,-84]
[12,28]
[-31,41]
[-25,5]
[148,-80]
[-154,60]
[90,6]
[-9,-40]
[-7,80]
[-160,-58]
[44,-23]
[-38,57]
[-112,-8]
[-15,-33]
[155,75]
[29,-69]
[169,-66]
[-112,-60]
[140,-71]
[6,34]
[-13,10]
[-42,-8]
[106,-50]
[112,-24]
[93,-19]
[54,-87]
[71,68]
[164,34]
[123,-2]
[-149,3]
[75,-46]
[-23,-72]
[57,-56]
[172,34]
[136,45]
[-133,-48]
[147,-30]
[-94,11]
[99,-87]
[139,-34]
[143,48]
[-95,-3]
[-79,22]
[-134,13]
[132,-7]
[137,-84]
[101,-78]
[-43,-58]
[-64,65]
[108,-34]
[84,48]
[-29,45]
[112,-44]
[126,84]
[-138,87]
[-129,-34]
[-67,-64]
[-119,-34]
[-58,1]
[20,6]
[-175,6]
[-146,-43]
[-154,19]
[-132,78]
[-67,44]
[43,-84]
[139,-61]
[-99,-43]
[9,12]
[149,15]
[105,-59]
[48,-23]
[-104,12]
[-96,15]
[-171,58]
[71,57]
[-68,-58]
[-56,72]
[-6,41]
[-165,48]
[101,73]
[-163,-70]
[-52,22]
[26,-56]
[-160,-7]
[-19,74]
[-141,5]
[124,64]
[109,78]
[153,-65]
[-1,-84]
[130,79]
[2,-53]
[72,-73]
[-71,-63]
[-112,43]
[104,23]
[123,51]
[92,-74]
[-53,-21]
[-171,-78]
[174,-49]
[50,-32]
[59,-28]
[-54,63]
[-73,-47]
[146,-82]
[114,1]
[-59,-55]
[46,48]
[-179,55]
[113,-36]
[-35,80]
[152,44]
[-150,85]
[138,-50]
[8,-42]
[-83,36]
[-134,47]
[83,41]
[-74,-44]
[43,-25]
[102,-83]
[74,-61]
[174,-37]
[-42,-64]
[69,-72]
[-21,51]
[122,-32]
[175,-80]
[-20,46]
[76,34]
[57,-86]
[-171,86]
[61,80]
[145,83]
[-74,-5]
[-35,8]
[2,49]
[11,-46]
[84,-73]
[68,-42]
[28,67]
[4,17]
[84,-25]
[-50,7]
[-8,-48]
[2,-45]
[77,-2]
[-72,-79]
[66,71]
[-18,-49]
[-163,45]
[113,20]
[-47,-51]
[-91,79]
[-108,19]
[-7,83]
[-171,-54]
[81,-39]
[-82,76]
[91,-28]
[125,0]
[-96,41]
[125,65]
[30,32]
[-31,-32]
[-173,-51]
[-67,43]
[-112,-8]
[-91,-31]
[-29,28]
[36,65]
[-70,68]
[97,50]
[159,63]
[65,54]
[-65,76]
[117,-31]
[-129,83]
[77,6]
[-170,63]
[155,5]
[89,-15]
[-91,-81]
[-55,-79]
[-168,2]
[-134,-68]
[-1,-5]
[-18,-11]
[-15,-9]
[-81,75]
[148,73]
[79,70]
[21,22]
[101,37]
[-3,37]
[95,-50]
[126,-1]
[115,-80]
[-126,-22]
[163,72]
[11,-28]
[88,89]
[38,-63]
[104,64]
[148,37]
[-16,-13]
[-104,-84]
[52,42]
[-24,-32]
[-126,-34]
[123,-20]
[179,59]
[-14,76]
[-138,76]
[111,-3]
[-143,6]
[-146,20]
[72,-82]
[8,77]
[162,-68]
[93,-27]
[139,-20]
[-169,26]
[-149,53]
[56,-19]
[-138,4]
[-64,-75]
[25,62]
[40,27]
[-71,-26]
[47,-54]
[-30,-12]
[-170,-34]
[-110,77]
[-59,-66]
[92,-15]
[-173,60]
[177,-32]
[-31,69]
[-119,10]
[-14,50]
[103,80]
[150,-1]
[109,-70]
[-39,37]
[134,-19]
[102,-54]
[8,25]
[-13,50]
[-139,66]
[72,27]
[54,-79]
[-153,26]
[3,-50]
[-96,88]
[-8,-38]
[102,-85]
[-50,65]
[101,-5]
[-171,79]
[-66,7]
[55,-12]
[-92,-75]
[85,29]
[109,-83]
[-130,59]
[-118,-4]
[-108,52]
[10,-20]
[-59,-6]
[-87,-63]
[155,59]
[111,-85]
[-14,87]
[82,-62]
[-123,-40]
[-15,44]
[141,70]
[-23,-27]
[70,62]
[-37,13]
[63,-2]
[-139,24]
[-29,23]
[-139,-26]
[-61,79]
[-39,-22]
[-134,-51]
[57,14]
[-175,26]
[-49,28]
[2,21]
[162,-36]
[-61,-40]
[-75,-23]
[40,-2]
[164,84]
[-36,-81]
[-167,-79]
[100,78]
[-126,-50]
[-174,-52]
[-64,-23]
[103,-61]
[-30,-63]
[63,59]
[124,66]
[77,9]
[-118,74]
[73,-23]
[113,82]
[-27,39]
[1,-37]
[-109,-86]
[-100,49]
[125,-88]
[-105,65]
[70,24]
[-150,78]
[-39,-9]
[-17,-1]
[-84,-75]
[74,9]
[33,45]
[13,3]
[-63,63]
[-62,-52]
[-141,-87]
[-133,21]
[-123,52]
[-124,8]
[26,-69]
[106,-10]
[-94,41]
[71,-75]
[-127,10]
[-152,36]
[-91,-42]
[142,26]
[33,-11]
[-89,-34]
[50,-9]
[86,24]
[132,53]
[121,-81]
[21,7]
[137,36]
[142,45]
[-6,13]
[76,-85]
[-148,89]
[-72,55]
[75,-62]
[150,-71]
[14,-23]
[-170,43]
[39,47]
[-86,85]
[-85,-35]
[23,89]
[6,64]
[20,14]
[165,67]
[-120,-23]
[-27,15]
[-69,-4]
[-114,-6]
[48,27]
[113,-11]
[-169,-72]
[128,63]
[-23,45]
[-22,29]
[113,37]
[11,-60]
[113,-46]
[175,-68]
[-20,-70]
[-96,-29]
[-162,-20]
[84,40]
[-136,-49]
[115,-15]
[-146,-72]
[59,27]
[18,-67]
[116,-0]
[-167,-74]
[173,35]
[148,24]
[14,-88]
[-156,1]
[-85,-28]
[98,71]
[165,88]
[-31,-76]
[159,-73]
[69,30]
[145,-68]
[145,-39]
[-174,23]
[55,-34]
[-14,-54]
[116,80]
[-36,-10]
[-51,58]
[128,-71]
[27,-61]
[-110,73]
[31,-1]
[-103,53]
[15,-45]
[92,-31]
[-89,-12]
[-166,56]
[-12,34]
[136,-30]
[-88,-79]
[-179,82]
[-9,-15]
[-52,-33]
[-149,27]
[-85,44]
[-20,-80]
[-31,66]
[52,20]
[167,27]
[-82,-5]
[5,-12]
[7,-69]
[50,-83]
[-122,70]
[174,56]
[-148,-46]
[167,38]
[-132,-31]
[22,81]
[163,49]
[-57,74]
[61,-6]
[-110,81]
[-1,17]
[-156,-69]
[-63,9]
[-60,-87]
[160,27]
[-161,-6]
[-71,37]
[-106,-43]
[-71,7]
[149,13]
[118,53]
[-176,-46]
[33,15]
[15,-37]
[-74,21]
[-34,17]
[134,64]
[147,21]
[1,-37]
[-93,-51]
[-82,22]
[0,83]
[32,-21]
[-35,68]
[-151,-7]
[97,51]
[167,17]
[-82,-66]
[-66,-23]
[-121,52]
[122,-51]
[136,76]
[-90,34]
[90,63]
[69,87]
[-106,79]
[-114,62]
[-173,0]
[121,63]
[-38,84]
[177,6]
[-54,25]
[85,-4]
[-89,73]
[-108,-36]
[60,-7]
[-88,7]
[15,-28]
[21,-13]
[-23,4]
[-160,-49]
[3,48]
[-109,-40]
[37,13]
[52,-65]
[-123,-42]
[-10,-47]
[-148,-72]
[-117,6]
[-175,69]
[-114,-76]
[-164,71]
[-143,-53]
[-17,25]
[-67,-65]
[149,42]
[-1,64]
[-111,-60]
[95,-36]
[116,-84]
[85,-57]
[-128,-82]
[-98,38]
[92,-3]
[-151,-41]
[105,-50]
[-59,27]
[72,-84]
[178,-73]
[35,22]
[12,-59]
[-87,-50]
[-47,39]
[37,-23]
[-156,-3]
[-146,82]
[79,-37]
[-120,-49]
[87,-58]
[44,-39]
[-138,6]
[99,-80]
[-144,68]
[-63,-89]
[149,23]
[75,23]
[-170,4]
[138,-8]
[-125,-13]
[160,6]
[-111,-61]
[139,-63]
[161,84]
[-103,-55]
[83,4]
[114,86]
[-157,23]
[-6,81]
[108,-32]
[-1,29]
[110,-69]
[-164,-5]
[-89,76]
[-81,67]
[32,78]
[157,82]
[-67,-69]
[39,-65]
[-127,-1]
[97,-57]
[-117,46]
[-59,-42]
[-148,13]
[-133,33]
[54,54]
[175,-86]
[179,-5]
[49,-22]
[9,-66]
[-5,-48]
[136,-11]
[-155,16]
[-40,-75]
[-60,-49]
[-99,20]
[-29,-70]
[152,60]
[-52,-77]
[38,86]
[-167,62]
[-109,-79]
[-101,-0]
[-147,-63]
[-134,-49]
[83,44]
[145,-55]
[166,-85]
[-59,-56]
[-6,-75]
[-76,28]
[93,24]
[-154,1]
[99,47]
[-105,-79]
[-3,84]
[-52,49]
[128,-40]
[88,-83]
[-156,-41]
[-39,-77]
[-41,-12]
[-118,62]
[-151,-35]
[43,0]
[112,64]
[33,88]
[-27,48]
[-49,70]
[163,61]
[177,13]
[-4,31]
[-98,-85]
[81,-64]
[-173,-65]
[-82,-46]
[-45,-68]
[-140,-45]
[97,13]
[-88,25]
[-145,-62]
[22,-28]
[-61,-71]
[-178,7]
[25,-49]
[-16,-25]
[146,48]
[-96,68]
[24,85]
[-168,-70]
[-127,-12]
[-159,7]
[58,-68]
[58,18]
[39,73]
[-69,75]
[76,-50]
[128,-68]
[91,79]
[34,78]
[-165,59]
[71,-89]
[36,-83]
[-89,-58]
[134,39]
[-151,77]
[-3,29]
[-114,-18]
[54,12]
[169,24]
[44,-48]
[18,0]
[-79,36]
[-41,66]
[161,80]
[-115,-42]
[101,75]
[-55,49]
[58,-60]
[140,84]
[3,28]
[-91,74]
[-129,-75]
[-36,12]
[-75,-42]
[-161,-54]
[178,-67]
[-128,-60]
[-5,51]
[71,13]
[164,-14]
[120,38]
[138,-73]
[-177,-31]
[141,67]
[131,12]
[131,10]
[151,68]
[69,40]
[-129,6]
[120,-70]
[-71,42]
[-58,-30]
[-105,-11]
[-121,1]
[64,0]
[-107,-21]
[-149,56]
[76,68]
[172,26]
[169,44]
[168,3]
[146,-15]
[-80,-49]
[-18,-22]
[-84,-10]
[-108,2]
[-105,-38]
[128,30]
[51,84]
[49,-75]
[136,-84]
[-50,13]
[119,3]
[108,86]
[-176,34]
[-142,31]
[-82,-59]
[133,49]
[-101,-72]
[168,-30]
[67,5]
[149,4]
[62,10]
[-161,31]
[-76,-0]
[134,-64]
[63,-88]
[171,71]
[-81,19]
[25,45]
[-36,-52]
[-57,-87]
[-20,-71]
[-74,-32]
[-128,83]
[-112,-29]
[6,61]
[162,76]
[2,9]
[70,-72]
[7,-61]
[43,59]
[-129,-27]
[-134,-35]
[-10,-69]
[105,-36]
[-179,46]
[-114,-15]
[-107,30]
[-150,-60]
[32,53]
[150,23]
[51,-84]
[65,8]
[-115,32]
[34,-0]
[-19,35]
[35,-16]
[99,74]
[142,-18]
[165,16]
[-123,-64]
[-96,10]
[31,36]
[-26,42]
[-32,6]
[57,85]
[-4,-57]
[-3,-28]
[112,-87]
[-113,-23]
[135,30]
[-147,10]
[-166,-4]
[170,41]
[146,10]
[6,55]
[-115,78]
[177,-21]
[-36,-43]
[-140,-65]
[163,-5]
[20,-87]
[131,1]
[103,62]
[-17,48]
[93,-54]
[-20,-81]
[-2,74]
[168,30]
[102,27]
[77,-65]
[84,-31]
[22,82]
[-54,53]
[-4,18]
[-119,-13]
[20,-43]
[40,58]
[-104,18]
[-168,-50]
[87,-46]
[129,-48]
[120,-27]
[-31,23]
[124,82]
[-148,-47]
[36,8]
[54,83]
[-176,-86]
[69,-78]
[39,80]
[75,-85]
[111,-31]
[57,-7]
[76,-68]
[12,-4]
[133,-31]
[-40,-11]
[44,-87]
[-70,-1]
[11,-68]
[-30,-61]
[121,-47]
[86,-67]
[129,-63]
[132,-60]
[-46,25]
[169,-57]
[107,55]
[-21,-84]
[-5,4]
[-33,-24]
[-166,46]
[164,-81]
[-133,-77]
[171,-32]
[53,-54]
[-28,12]
[146,9]
[152,-35]
[-165,47]
[9,60]
[154,56]
[108,-78]
[-141,2]
[40,9]
[-154,86]
[63,23]
[64,73]
[165,39]
[46,-56]
[108,20]
[177,73]
[-133,59]
[-33,-11]
[96,10]
[-94,74]
[112,-4]
[-116,8]
[-62,33]
[26,70]
[68,-19]
[-128,1]
[-57,-88]
[155,-23]
[-60,-68]
[90,34]
[169,84]
[48,75]
[-148,37]
[114,-33]
[14,88]
[-35,-57]
[-60,-5]
[126,-43]
[145,-66]
[-25,-77]
[73,82]
[88,-42]
[125,54]
[-136,-81]
[-51,78]
[-147,-11]
[-138,-74]
[2,82]
[-84,43]
[-49,8]
[-113,-86]
[75,40]
[-150,-42]
[115,89]
[3,45]
[-167,4]
[-178,-7]
[-59,30]
[55,-7]
[84,52]
[55,82]
[68,-28]
[143,-10]
[38,41]
[86,73]
[91,26]
[151,-32]
[-90,29]
[-120,70]
[-161,33]
[-57,-58]
[36,-24]
[-7,-82]
[-98,-26]
[-175,20]
[-105,-44]
[-48,-39]
[-61,-3]
[-142,-58]
[102,-63]
[53,7]
[-179,-60]
[127,-42]
[68,-23]
[-77,40]
[78,-4]
[-13,-19]
[159,-50]
[-30,-19]
[134,70]
[-125,-13]
[174,-28]
[-123,-82]
[84,26]
[-55,77]
[48,64]
[84,-26]
[48,29]
[-135,-7]
[6,75]
[88,7]
[-23,-85]
[156,-44]
[165,24]
[-38,26]
[135,84]
[-7,6]
[-124,-62]
[-177,-33]
[98,70]
[-64,13]
[82,-24]
[-32,28]
[39,87]
[13,35]
[4,-15]
[126,-48]
[84,-32]
[-14,-35]
[41,-60]
[-120,89]
[-44,23]
[47,36]
[-8,72]
[77,9]
[-30,-21]
[5,-42]
[14,-38]
[132,-16]
[-106,-25]
[-140,-13]
[-93,70]
[27,30]
[14,-88]
[-179,85]
[-150,43]
[141,-47]
[-83,-14]
[18,-18]
[41,30]
[-15,-0]
[84,-73]
[82,-23]
[-59,19]
[-142,-71]
[-48,-49]
[-160,-18]
[108,-67]
[-133,-45]
[86,35]
[88,7]
[-135,45]
[-153,0]
[-114,-21]
[-26,55]
[4,-81]
[-89,-55]
[-53,5]
[84,-45]
[-118,48]
[-44,-27]
[-37,21]
[-175,55]
[-102,-57]
[133,50]
[-150,8]
[157,88]
[-75,59]
[109,76]
[-158,44]
[153,88]
[96,44]
[-144,72]
[103,11]
[22,-44]
[-84,71]
[-177,48]
[31,80]
[-174,0]
[57,-7]
[86,46]
[45,77]
[38,-49]
[163,9]
[-111,-28]
[-141,24]
[9,13]
[84,-42]
[77,31]
[79,-71]
[171,11]
[115,-19]
[-128,-25]
[108,-71]
[-122,42]
[-20,-42]
[-94,-20]
[115,79]
[36,-87]
[-176,66]
[-127,-59]
[52,80]
[172,-8]
[-130,-48]
[12,-82]
[63,48]
[109,76]
[9,-74]
[174,-31]
[120,46]
[-84,-82]
[-54,-45]
[-75,37]
[-141,-68]
[157,66]
[-66,-67]
[26,-0]
[-166,-65]
[17,-34]
[98,11]
[-134,-58]
[33,25]
[5,-55]
[-113,-53]
[-83,58]
[166,-10]
[-0,-33]
[44,65]
[72,51]
[29,54]
[-154,-34]
[136,-48]
[-21,-58]
[87,-29]
[176,57]
[19,15]
[-80,20]
[-74,-44]
[-24,-45]
[-157,-62]
[55,-79]
[-89,37]
[69,57]
[132,-52]
[178,70]
[106,81]
[177,43]
[-132,69]
[177,-67]
[44,-37]
[-156,40]
[78,32]
[-57,-59]
[-155,-11]
[-93,56]
[-86,-77]
[157,28]
[-104,50]
[149,-36]
[-34,10]
[-169,46]
[125,79]
[-101,60]
[-8,-62]
[-174,-49]
[129,5]
[130,32]
[-178,86]
[28,-70]
[51,-7]
[-133,-66]
[172,35]
[-37,42]
[106,-54]
[-47,38]
[-99,-70]
[102,12]
[-134,23]
[-47,9]
[24,-76]
[62,14]
[78,50]
[-156,-33]
[173,-9]
[-74,-3]
[-31,-27]
[-66,-26]
[-39,49]
[-80,45]
[-169,-13]
[88,-0]
[124,-63]
[-163,73]
[169,-79]
[-136,-67]
[-50,-33]
[173,-33]
[-139,-0]
[38,18]
[-65,19]
[150,36]
[48,8]
[-20,-82]
[-94,-64]
[100,-49]
[129,42]
[-130,40]
[-41,55]
[-25,31]
[83,-6]
[2,-68]
[-70,30]
[-86,-30]
[-123,73]
[83,62]
[-174,-50]
[-26,-47]
[39,-40]
[126,-27]
[150,69]
[129,33]
[100,65]
[-106,26]
[-44,21]
[-56,-69]
[-42,72]
[94,71]
[65,-76]
[102,-39]
[-147,-43]
[-165,-52]
[125,-26]
[-69,-87]
[37,72]
[-74,42]
[148,70]
[71,81]
[-2,32]
[9,-69]
[45,73]
[147,-21]
[-27,-89]
[14,-38]
[-28,-50]
[-133,-53]
[-112,48]
[-132,29]
[152,19]
[12,-86]
[141,60]
[113,51]
[124,32]
[110,39]
[-57,43]
[-143,-69]
[-106,-80]
[-169,68]
[170,39]
[101,-14]
[-32,-4]
[-145,52]
[-114,28]
[58,-30]
[-159,-16]
[-36,22]
[171,71]
[-100,36]
[-54,87]
[134,30]
[-168,-72]
[-40,-42]
[15,66]
[-16,-20]
[5,-63]
[-32,-35]
[129,20]
[-82,18]
[130,11]
[-47,-66]
[-162,-58]
[-63,2]
[48,-41]
[126,-86]
[18,83]
[174,7]
[149,87]
[65,-86]
[-107,-14]
[8,28]
[-172,-74]
[-140,-82]
[112,-43]
[-105,15]
[-16,-86]
[173,80]
[128,-27]
[43,-68]
[90,-42]
[116,70]
[98,-25]
[-151,66]
[-80,23]
[-49,0]
[15,5]
[-1,-76]
[90,47]
[80,81]
[-97,87]
[66,-65]
[31,-29]
[-46,-78]
[-8,-10]
[-9,79]
[155,-23]
[-142,-76]
[-177,-0]
[85,71]
[121,-71]
[-161,-38]
[172,-63]
[-13,-15]
[-69,8]
[-22,74]
[55,0]
[138,-13]
[91,87]
[-142,88]
[41,-78]
[-33,-66]
[146,72]
[7,-88]
[-164,25]
[-57,-62]
[-62,4]
[43,10]
[59,-40]
[115,36]
[-11,-85]
[-118,11]
[-174,-56]
[-118,82]
[-123,26]
[52,79]
[31,-2]
[105,-44]
[7,83]
[110,53]
[95,-32]
[93,51]
[5,19]
[60,-85]
[111,-52]
[-54,32]
[121,76]
[-121,62]
[-46,-12]
[107,-6]
[151,-48]
[-35,-22]
[144,44]
[-145,86]
[139,-2]
[-31,-7]
[-146,-72]
[59,-38]
[-165,20]
[65,57]
[-6,-83]
[-27,-22]
[131,-20]
[78,-55]
[4,68]
[106,67]
[150,8]
[149,39]
[117,-56]
[-97,-79]
[-87,-50]
[83,-46]
[-23,56]
[-63,-15]
[10,-67]
[62,40]
[174,-2]
[-43,60]
[162,-80]
[108,44]
[-113,76]
[13,0]
[43,61]
[-119,53]
[-35,-48]
[80,-75]
[-116,59]
[-26,27]
[-161,-86]
[-5,-51]
[110,-69]
[-134,28]
[108,-59]
[140,-68]
[-150,47]
[178,67]
[-64,87]
[31,-78]
[-77,-39]
[40,33]
[-45,69]
[-139,49]
[21,-10]
[-40,26]
[35,62]
[-11,57]
[-6,-83]
[-58,35]
[-112,-73]
[65,-51]
[-89,-49]
[-29,-68]
[132,-67]
[103,-88]
[-82,-13]
[83,77]
[-95,-21]
[135,-41]
[-144,11]
[108,59]
[-155,83]
[113,83]
[-70,6]
[-111,-20]
[160,-63]
[118,69]
[-69,65]
[34,-86]
[34,15]
[-123,-65]
[-177,44]
[-166,68]
[-73,80]
[-132,-80]
[71,-37]
[17,18]
[-20,34]
[-88,69]
[-91,-40]
[-132,77]
[-170,18]
[-45,-37]
[118,-41]
[-34,-85]
[-75,88]
[115,63]
[136,-73]
[-148,65]
[128,1]
[54,-80]
[-34,-45]
[93,28]
[150,12]
[-72,-83]
[56,-61]
[148,24]
[-10,-43]
[-17,-1]
[98,-8]
[179,4]
[-42,58]
[-176,-7]
[176,-37]
[-149,-42]
[-18,-77]
[17,-38]
[141,82]
[177,-66]
[59,-80]
[-155,64]
[56,-67]
[-151,49]
[-134,8]
[130,-3]
[-139,-53]
[-163,-79]
[-51,53]
[-122,-33]
[-20,72]
[-28,-53]
[108,20]
[-140,27]
[9,-41]
[170,25]
[33,-85]
[60,-18]
[50,-38]
[-88,68]
[-130,-42]
[15,-52]
[129,-53]
[-175,-38]
[-103,32]
[-72,-41]
[0,30]
[-2,33]
[-65,-10]
[96,16]
[-98,-72]
[158,32]
[-150,-24]
[-116,-13]
[166,-28]
[-169,78]
[133,60]
[-79,-45]
[3,-36]
[103,13]
[-60,-34]
[-66,-53]
[-48,-76]
[101,-21]
[-94,-64]
[-129,-59]
[-56,85]
[-11,-15]
[-171,69]
[-94,9]
[-148,-45]
[-65,0]
[-155,-26]
[77,-87]
[-14,87]
[-61,57]
[7,68]
[76,-2]
[65,-65]
[-126,-18]
[140,27]
[103,-49]
[40,39]
[121,5]
[26,48]
[93,-30]
[57,-9]
[-88,-31]
[38,41]
[22,62]
[-57,47]
[14,-31]
[72,34]
[66,17]
[-104,70]
[112,74]
[40,-67]
[135,-28]
[99,13]
[-10,82]
[-171,58]
[-55,-16]
[115,79]
[40,-1]
[-62,22]
[-10,-88]
[87,35]
[-11,-87]
[51,-77]
[42,78]
[-169,4]
[93,6]
[-24,17]
[122,18]
[-38,-73]
[-116,80]
[-173,10]
[-104,87]
[-12,40]
[-30,54]
[47,4]
[94,33]
[162,-73]
[-40,5]
[-76,65]
[64,69]
[-12,33]
[-127,2]
[-41,37]
[169,-7]
[-169,-17]
[-4,-68]
[43,63]
[-69,70]
[-178,70]
[-103,-45]
[37,6]
[154,-60]
[115,-39]
[137,37]
[-126,78]
[102,-27]
[-179,-47]
[33,-19]
[5,5]
[-168,-58]
[89,68]
[37,24]
[-120,-37]
[2,-58]
[-13,-60]
[148,-22]
[-67,10]
[-157,-20]
[-69,39]
[-56,-78]
[-125,-70]
[177,-52]
[-112,69]
[-113,67]
[21,26]
[113,88]
[-54,-71]
[-169,-46]
[66,-73]
[15,18]
[81,-34]
[-120,8]
[76,-55]
[25,2]
[60,38]
[-43,-45]
[0,64]
[-9,63]
[-164,70]
[-155,-34]
[-148,81]
[-82,55]
[112,-69]
[78,-25]
[131,-27]
[-14,-50]
[-68,37]
[97,-0]
[-54,26]
[146,-44]
[0,70]
[-7,69]
[27,-73]
[-91,40]
[158,50]
[-129,-3]
[-73,-69]
[91,20]
[138,-8]
[74,-26]
[20,-60]
[-87,-58]
[152,-41]
[-15,54]
[70,-70]
[14,79]
[25,73]
[-149,67]
[84,-31]
[-16,60]
[-36,-36]
[-139,-48]
[-48,-3]
[-86,-13]
[88,47]
[-149,71]
[-45,-71]
[151,81]
[22,-28]
[174,-49]
[106,-10]
[-37,-89]
[52,29]
[-108,-69]
[116,-63]
[-70,57]
[-110,-61]
[9,86]
[130,18]
[-143,69]
[-55,33]
[32,60]
[27,-17]
[66,-63]
[-13,82]
[132,-77]
[141,53]
[-28,-68]
[-28,-7]
[15,74]
[-174,-2]
[120,40]
[7,-20]
[-174,4]
[57,17]
[70,-17]
[-109,-66]
[22,-17]
[-162,-53]
[103,-0]
[162,6]
[51,-85]
[69,56]
[-30,-78]
[23,24]
[47,3]
[138,80]
[-63,-78]
[145,-78]
[-157,-80]
[11,-17]
[80,-13]
[-101,-46]
[49,-65]
[109,-88]
[-101,81]
[-95,81]
[-82,-18]
[139,48]
[95,-35]
[-59,42]
[-95,-24]
[-91,89]
[88,85]
[-46,85]
[57,57]
[85,81]
[-75,83]
[-57,-49]
[114,-2]
[-107,39]
[124,51]
[-151,78]
[52,34]
[146,-13]
[-92,53]
[39,44]
[-35,84]
[97,68]
[-173,-15]
[127,29]
[106,-38]
[-1,-35]
[125,-70]
[-10,-49]
[98,-39]
[22,2]
[-160,68]
[-21,32]
[-107,3]
[-31,-20]
[-73,0]
[-85,-40]
[148,39]
[42,56]
[-21,19]
[146,-5]
[58,24]
[167,-46]
[-36,-16]
[-92,35]
[-172,25]
[-107,22]
[147,-55]
[-167,-30]
[127,22]
[-176,-32]
[-169,75]
[-54,45]
[-131,41]
[118,-69]
[-171,-76]
[116,-2]
[-37,-16]
[16,-64]
[13,-89]
[-8,22]
[-64,-49]
[138,34]
[-74,-50]
[-65,-53]
[71,-64]
[-35,73]
[165,-34]
[78,56]
[54,-19]
[-93,38]
[38,-72]
[5,-49]
[-3,18]
[-76,56]
[47,61]
[155,19]
[135,15]
[-105,26]
[51,35]
[-94,14]
[-44,19]
[106,-7]
[42,-20]
[40,87]
[159,4]
[-117,69]
[169,-1]
[4,70]
[24,-35]
[64,13]
[-111,-68]
[56,-29]
[149,74]
[-27,53]
[-58,74]
[67,-81]
[-85,-3]
[-63,-60]
[43,26]
[87,9]
[88,-32]
[150,-10]
[-171,13]
[74,78]
[-73,83]
[-92,-42]
[122,-30]
[-103,-28]
[44,0]
[129,0]
[129,-30]
[104,-29]
[-139,-48]
[112,-73]
[-9,43]
[-125,33]
[-94,-50]
[-115,-32]
[89,-34]
[118,23]
[79,2]
[-6,-18]
[119,-22]
[-143,-22]
[109,-54]
[-27,51]
[-26,-12]
[109,50]
[138,-53]
[-176,54]
[-50,73]
[71,-0]
[173,-41]
[94,25]
[-98,2]
[-41,-35]
[114,-55]
[-7,-48]
[-54,89]
[-15,84]
[-146,-5]
[50,21]
[-12,-27]
[-133,73]
[35,-89]
[-157,89]
[97,-33]
[-77,-14]
[122,71]
[149,-87]
[60,-23]
[145,-25]
[-44,-68]
[-4,57]
[-14,-0]
[19,75]
[28,79]
[-135,-34]
[105,11]
[-1,-51]
[-179,-30]
[-145,49]
[-175,-88]
[-148,-57]
[55,40]
[-178,5]
[-167,5]
[-34,22]
[164,-33]
[-3,16]
[144,63]
[-156,6]
[-168,38]
[-129,-42]
[-35,79]
[167,-85]
[-10,82]
[-166,-17]
[114,-25]
[-138,80]
[28,-28]
[163,-16]
[63,30]
[-100,21]
[139,32]
[-124,56]
[-48,-3]
[149,58]
[-80,68]
[29,-79]
[63,73]
[48,25]
[-170,4]
[3,-80]
[42,87]
[56,-9]
[38,-45]
[-123,-59]
[-54,-87]
[38,-0]
[145,66]
[-95,-64]
[-51,-56]
[8,-71]
[101,-41]
[-96,26]
[144,30]
[65,-27]
[-130,80]
[-108,15]
[-100,12]
[32,58]
[-173,42]
[-126,44]
[134,33]
[-54,63]
[-73,76]
[158,-86]
[-25,67]
[-87,-13]
[69,19]
[-109,-62]
[-7,25]
[25,67]
[100,32]
[17,-62]
[-68,-52]
[44,-45]
[63,-9]
[-59,69]
[74,41]
[-102,46]
[148,23]
[67,10]
[-17,-24]
[-74,40]
[-172,-25]
[-8,-83]
[156,70]
[-65,-84]
[60,4]
[-73,-69]
[16,46]
[16,-22]
[-42,64]
[8,88]
[-48,19]
[-74,-29]
[122,15]
[-158,39]
[-121,35]
[-54,-10]
[-84,60]
[-169,56]
[-127,-47]
[-161,34]
[-100,-0]
[9,7]
[-123,-88]
[-52,14]
[-125,80]
[109,76]
[7,27]
[-8,-89]
[81,23]
[57,-63]
[141,55]
[106,80]
[171,-69]
[133,-31]
[-174,-63]
[-11,31]
[-88,87]
[94,33]
[17,20]
[-54,35]
[158,-55]
[-27,2]
[41,5]
[102,37]
[171,9]
[126,5]
[-157,14]
[86,51]
[31,69]
[-2,65]
[156,-37]
[-77,-67]
[60,12]
[131,12]
[-18,20]
[15,-6]
[118,5]
[-102,84]
[-124,-75]
[-159,-14]
[-154,24]
[114,-16]
[131,7]
[-67,-86]
[-165,72]
[30,34]
[-44,18]
[-42,4]
[-140,-0]
[7,38]
[144,-45]
[-120,21]
[93,87]
[-161,-31]
[131,49]
[-89,-67]
[-33,73]
[151,-33]
[157,-68]
[151,50]
[-100,33]
[-0,54]
[-29,-22]
[-51,43]
[67,-8]
[-48,2]
[-100,18]
[7,-21]
[65,-63]
[-80,15]
[133,83]
[13,-79]
[-135,85]
[-178,-38]
[-33,-54]
[-177,-18]
[-172,34]
[-129,-37]
[25,-83]
[-123,-65]
[113,-43]
[-20,73]
[-128,-37]
[-94,-71]
[-66,-34]
[130,-52]
[122,-83]
[-19,-85]
[-89,-9]
[100,-17]
[62,10]
[-101,-50]
[46,18]
[-132,-71]
[-3,29]
[-65,-24]
[170,30]
[107,67]
[84,15]
[-44,20]
[-132,54]
[110,-27]
[39,-36]
[-133,33]
[50,30]
[-13,-72]
[-85,89]
[23,37]
[-166,-52]
[74,2]
[140,-8]
[111,2]
[144,0]
[-96,-19]
[150,-4]
[-85,74]
[46,79]
[111,62]
[-109,41]
[50,-47]
[-17,54]
[90,-9]
[-30,-64]
[-9,-31]
[-167,3]
[-112,-89]
[96,6]
[-4,71]
[-48,58]
[154,69]
[-102,-74]
[15,-30]
[31,-81]
[100,-5]
[13,-20]
[58,-51]
[-144,-0]
[103,79]
[-94,-56]
[-38,35]
[102,-60]
[-152,-25]
[-3,-65]
[-14,23]
[-160,55]
[-38,-39]
[-130,-36]
[-162,-45]
[-164,2]
[-53,8]
[-60,-87]
[143,-73]
[142,-88]
[165,61]
[82,19]
[-114,45]
[81,35]
[-19,23]
[-179,65]
[63,28]
[34,85]
[35,11]
[167,74]
[104,0]
[154,-24]
[45,-53]
[47,21]
[3,-33]
[37,-87]
[-133,85]
[-74,-13]
[-154,-47]
[-95,-1]
[-163,-17]
[0,34]
[73,56]
[55,-30]
[141,33]
[120,40]
[-108,-10]
[-83,-80]
[-168,29]
[-144,-48]
[49,55]
[174,-46]
[-62,33]
[-157,14]
[63,24]
[-142,1]
[52,-82]
[-70,-57]
[55,-32]
[-66,48]
[-38,57]
[83,30]
[124,-36]
[-153,57]
[-1,-62]
[-136,-84]
[154,41]
[-178,-62]
[-44,-56]
[-53,-83]
[-128,6]
[-9,-12]
[44,7]
[-178,-3]
[140,-82]
[-98,73]
[61,-59]
[-16,73]
[88,28]
[-101,-30]
[-85,50]
[-56,-41]
[-179,-49]
[12,15]
[-139,8]
[129,-65]
[-174,-75]
[155,36]
[-25,-33]
[-104,-58]
[95,-30]
[-16,53]
[-175,65]
[-134,-85]
[130,86]
[-156,-85]
[-53,27]
[138,15]
[96,51]
[41,23]
[-97,-89]
[-136,30]
[-97,-24]
[2,-37]
[110,46]
[-126,17]
[-111,86]
[48,-62]
[-18,73]
[98,56]
[124,73]
[-148,-88]
[33,-31]
[108,84]
[163,-85]
[-10,-62]
[-138,-0]
[89,-28]
[131,-25]
[-5,-37]
[15,-20]
[-111,-16]
[76,-36]
[77,-88]
[-37,63]
[52,9]
[-37,-35]
[-61,-83]
[-19,-38]
[65,-17]
[-49,-8]
[47,89]
[-50,-20]
[142,57]
[-87,33]
[-140,73]
[-47,50]
[-64,-78]
[115,8]
[-140,-64]
[-130,-29]
[-115,47]
[-54,23]
[-15,23]
[122,83]
[-19,-61]
[-156,43]
[13,-75]
[-48,-76]
[94,-17]
[0,40]
[30,43]
[34,28]
[-97,-84]
[-176,64]
[133,76]
[53,-26]
[-92,20]
[126,85]
[100,-69]
[-98,23]
[167,14]
[88,63]
[138,61]
[-143,56]
[-174,-56]
[163,-73]
[135,-57]
[-49,-0]
[85,-17]
[70,-22]
[140,43]
[-175,19]
[117,-25]
[42,-0]
[47,0]
[94,-58]
[53,-23]
[100,-8]
[118,84]
[147,-66]
[-67,23]
[50,-28]
[-152,-80]
[177,20]
[71,62]
[60,41]
[-41,6]
[170,-65]
[-75,41]
[26,39]
[19,-24]
[11,57]
[-123,-27]
[61,-31]
[-55,-12]
[154,61]
[-118,-16]
[56,-33]
[-136,-75]
[-178,-7]
[138,-73]
[141,70]
[118,-74]
[25,87]
[22,-6]
[26,-82]
[161,-55]
[-72,-46]
[-173,-49]
[74,11]
[137,31]
[32,-24]
[-33,3]
[-103,21]
[116,19]
[-103,-44]
[62,58]
[-100,46]
[-63,-14]
[122,73]
[-7,-80]
[-59,18]
[-24,-76]
[-18,-25]
[-132,-12]
[70,13]
[149,32]
[128,-66]
[175,54]
[82,-49]
[29,56]
[-3,-76]
[95,-70]
[-100,-81]
[-95,-15]
[-126,11]
[-133,89]
[-145,-36]
[161,-31]
[-103,63]
[46,-4]
[-65,-36]
[48,6]
[15,15]
[78,-9]
[19,-16]
[175,46]
[-23,12]
[179,-75]
[-162,74]
[-113,21]
[111,-1]
[22,-17]
[-106,74]
[107,89]
[-34,9]
[167,4]
[-74,-34]
[46,56]
[-151,-12]
[160,-59]
[153,1]
[-161,-77]
[22,73]
[-13,-50]
[73,60]
[88,80]
[164,60]
[33,51]
[129,-10]
[-66,76]
[-31,-17]
[150,-31]
[17,-22]
[160,-12]
[164,-8]
[103,-21]
[127,26]
[122,79]
[84,23]
[-25,-58]
[174,28]
[-21,31]
[-138,4]
[58,46]
[46,-19]
[163,84]
[-152,-12]
[121,78]
[81,81]
[-107,-15]
[-150,-57]
[-25,-65]
[178,-62]
[-129,72]
[60,-5]
[88,-6]
[-43,-51]
[96,0]
[-112,89]
[0,73]
[-118,61]
[-29,-72]
[62,-5]
[179,-37]
[10,8]
[137,-74]
[177,67]
[166,63]
[28,-18]
[61,89]
[54,56]
[149,17]
[19,-62]
[116,54]
[-85,61]
[-106,-38]
[85,13]
[82,88]
[-126,10]
[83,4]
[-52,48]
[-38,-44]
[-93,27]
[156,-20]
[-55,-61]
[38,3]
[61,37]
[31,-81]
[164,84]
[56,-22]
[-28,65]
[154,76]
[178,-19]
[80,79]
[166,-82]
[-28,-61]
[46,-76]
[-149,-42]
[90,-45]
[132,75]
[105,14]
[139,28]
[-34,-62]
[-40,-70]
[-104,-53]
[172,31]
[19,61]
[-177,-2]
[-163,-76]
[96,-4]
[96,49]
[-160,62]
[60,11]
[42,0]
[-161,-46]
[-43,-87]
[155,-55]
[-40,45]
[68,47]
[-55,37]
[167,19]
[173,-73]
[-173,-23]
[-131,-81]
[-39,-40]
[-90,-41]
[162,13]
[-22,8]
[-72,74]
[-102,54]
[60,0]
[-97,87]
[-1,-77]
[118,-43]
[-85,19]
[-142,-22]
[-130,-46]
[-119,-71]
[103,22]
[-28,48]
[-41,84]
[174,-89]
[127,-73]
[64,-56]
[-22,-58]
[-64,-81]
[115,-77]
[-36,-56]
[48,52]
[-40,-7]
[24,-25]
[-120,13]
[28,62]
[-100,17]
[125,-54]
[30,80]
[-121,-75]
[-145,-41]
[14,-47]
[-83,62]
[-114,-48]
[151,-26]
[87,88]
[61,49]
[-149,12]
[0,3]
[78,18]
[-120,-13]
[-58,43]
[-49,58]
[36,-14]
[74,-14]
[17,86]
[-45,-29]
[11,55]
[-63,53]
[3,-49]
[-66,-29]
[132,73]
[-155,61]
[-94,-75]
[10,0]
[-35,89]
[-17,-80]
[152,84]
[93,-9]
[-112,-19]
[152,-81]
[-94,42]
[52,75]
[130,-60]
[-25,33]
[-69,58]
[166,-89]
[-90,57]
[70,8]
[-34,80]
[75,7]
[153,22]
[12,40]
[168,-68]
[-92,77]
[-57,-33]
[3,-17]
[-146,-39]
[138,72]
[174,89]
[91,49]
[-94,54]
[174,-20]
[61,-42]
[-64,-31]
[77,-83]
[6,29]
[-15,5]
[71,19]
[-130,12]
[133,69]
[-136,-46]
[43,-37]
[-126,-71]
[-31,42]
[164,29]
[-112,-45]
[-91,-83]
[-53,-45]
[-123,16]
[74,-78]
[56,-80]
[-23,-17]
[8,-86]
[-97,-50]
[80,-57]
[-134,-33]
[146,-65]
[-117,-8]
[155,55]
[121,-70]
[59,3]
[76,88]
[-82,-66]
[-51,66]
[-53,-69]
[-10,-3]
[-127,20]
[158,-12]
[7,37]
[-71,-54]
[-170,45]
[-51,76]
[-114,-28]
[-25,-52]
[131,-32]
[138,-72]
[20,-34]
[-125,-31]
[-88,11]
[-127,52]
[14,-3]
[-168,-40]
[70,86]
[90,0]
[-178,-87]
[-92,72]
[-34,-64]
[-169,-64]
[96,10]
[20,-17]
[46,-61]
[-148,-25]
[138,24]
[123,45]
[145,9]
[146,-25]
[-96,-27]
[50,65]
[-49,-87]
[55,-46]
[51,-29]
[118,47]
[-33,-13]
[101,-1]
[89,28]
[123,-0]
[-169,-52]
[-32,10]
[18,15]
[-132,-50]
[63,72]
[-145,53]
[-140,-86]
[-144,-15]
[-41,52]
[-164,51]
[131,-5]
[30,60]
[-27,-25]
[-3,-49]
[116,-53]
[37,-24]
[118,19]
[80,58]
[125,-49]
[64,62]
[4,-41]
[-44,-13]
[117,-34]
[151,-85]
[-100,-57]
[31,-34]
[66,84]
[104,33]
[38,7]
[68,-18]
[6,-74]
[95,81]
[-172,-9]
[35,55]
[75,50]
[-49,-5]
[41,-77]
[-82,-40]
[167,-80]
[31,19]
[-176,24]
[173,-40]
[54,-17]
[38,-70]
[-124,46]
[-174,-2]
[104,-72]
[70,85]
[137,-78]
[-104,23]
[-174,3]
[38,-88]
[-175,-82]
[11,-34]
[-161,-57]
[110,21]
[-164,19]
[121,79]
[-62,-49]
[20,22]
[-116,43]
[-133,89]
[-154,36]
[-11,81]
[-160,-28]
[70,-16]
[106,-73]
[-18,-64]
[-108,-34]
[97,28]
[-50,66]
[-91,76]
[87,-41]
[126,1]
[125,-23]
[-91,-58]
[19,50]
[73,-0]
[-152,-65]
[-94,-53]
[117,46]
[-165,-17]
[172,-22]
[-85,-82]
[-55,-58]
[79,-58]
[-92,-16]
[19,83]
[34,-43]
[169,13]
[168,-85]
[-127,-21]
[-26,-0]
[-28,-56]
[86,16]
[-162,71]
[8,-43]
[106,-3]
[-10,-66]
[-109,62]
[-17,-22]
[23,42]
[-42,-11]
[147,74]
[-107,76]
[173,-25]
[44,67]
[-110,16]
[-53,-40]
[-147,43]
[178,38]
[-164,-88]
[59,14]
[-168,-44]
[128,-79]
[-94,-1]
[-76,-29]
[-142,67]
[120,74]
[145,-9]
[-110,-65]
[142,36]
[86,60]
[103,-36]
[72,29]
[-35,89]
[83,11]
[82,-50]
[-94,-43]
[134,-60]
[-141,-54]
[41,78]
[-13,-47]
[131,54]
[-126,4]
[-12,-25]
[50,28]
[-61,-14]
[-80,78]
[-138,7]
[23,-1]
[148,-71]
[-12,80]
[-179,-55]
[-118,-46]
[-71,88]
[-146,-83]
[-116,-27]
[-167,5]
[-129,13]
[132,76]
[-49,6]
[56,-15]
[-161,25]
[-95,35]
[-156,21]
[-114,41]
[40,-9]
[27,-53]
[-115,-21]
[176,83]
[159,-53]
[-153,-56]
[-35,-50]
[-22,18]
[79,26]
[112,-67]
[113,-17]
[75,25]
[-168,65]
[-35,-71]
[-66,30]
[-123,-73]
[-99,4]
[-171,-27]
[-142,-65]
[-155,49]
[77,79]
[101,83]
[-130,27]
[-106,-11]
[130,60]
[82,-34]
[-22,-37]
[93,19]
[39,8]
[-139,-63]
[-56,11]
[41,-44]
[99,50]
[70,-22]
[-127,57]
[-71,-1]
[-86,27]
[-171,-13]
[-50,-55]
[27,-87]
[-34,-54]
[10,43]
[-46,-63]
[174,-65]
[145,-13]
[72,41]
[178,-17]
[24,89]
[-143,-54]
[12,-27]
[-127,-81]
[52,-34]
[105,36]
[-167,-11]
[81,-87]
[-143,33]
[123,64]
[97,26]
[-65,-67]
[77,-40]
[-101,83]
[59,54]
[-94,-42]
[-155,-78]
[-128,-24]
[62,-1]
[71,-68]
[-156,41]
[79,-35]
[-53,-46]
[-101,0]
[128,-17]
[104,-44]
[-156,-35]
[162,19]
[-144,-63]
[17,-14]
[-153,44]
[12,-17]
[39,-81]
[-102,-31]
[179,-82]
[-22,8]
[54,-11]
[141,-24]
[38,77]
[-130,64]
[34,-59]
[-173,-77]
[33,-53]
[41,16]
[32,-33]
[177,-7]
[138,-65]
[127,-40]
[-27,-69]
[-59,-14]
[-19,66]
[-5,2]
[-128,86]
[-82,75]
[29,-17]
[137,-68]
[175,67]
[29,-81]
[117,-28]
[86,41]
[-87,59]
[-21,40]
[25,61]
[-81,89]
[-168,77]
[-58,-86]
[114,40]
[-97,68]
[116,-46]
[91,-19]
[159,14]
[-60,15]
[-154,49]
[58,60]
[-179,30]
[92,-47]
[76,29]
[67,-15]
[74,-77]
[-170,-73]
[8,71]
[-74,-58]
[14,78]
[127,68]
[-21,56]
[-150,60]
[-147,-74]
[140,-1]
[-56,-38]
[144,-14]
[63,62]
[60,-36]
[60,-62]
[69,30]
[174,-76]
[27,15]
[74,43]
[165,-41]
[-46,-22]
[91,68]
[-119,-32]
[-98,67]
[-48,-62]
[62,45]
[-143,-9]
[-170,-52]
[-156,-84]
[-77,-0]
[178,15]
[-26,36]
[-115,-74]
[33,55]
[21,60]
[-11,-44]
[-46,-39]
[110,-70]
[161,-76]
[-71,-12]
[160,62]
[16,-7]
[-175,6]
[-144,88]
[-45,-63]
[8,-41]
[-97,63]
[53,64]
[64,-66]
[97,-15]
[-79,64]
[22,58]
[30,17]
[-134,20]
[-178,-19]
[-118,53]
[-89,4]
[-69,-36]
[176,-14]
[-163,0]
[169,50]
[-88,0]
[-114,-38]
[74,20]
[-1,1]
[67,-29]
[-62,-75]
[171,72]
[-46,20]
[119,-30]
[118,-68]
[18,-23]
[52,-69]
[-86,-78]
[135,-40]
[-69,-3]
[-125,-54]
[8,-62]
[-32,-26]
[-100,78]
[-73,17]
[-114,61]
[-81,72]
[115,85]
[177,41]
[-136,-16]
[122,-36]
[119,-71]
[-42,-84]
[177,-32]
[-162,-65]
[-55,-33]
[96,84]
[-1,20]
[-63,59]
[26,-60]
[-78,8]
[-43,45]
[101,-1]
[46,37]
[-48,-72]
[-16,-31]
[44,-51]
[-133,13]
[150,-2]
[140,-25]
[-131,-22]
[-35,-68]
[114,22]
[-13,72]
[-42,42]
[-94,-76]
[26,81]
[-70,-80]
[-147,-87]
[-134,81]
[156,43]
[107,30]
[13,6]
[-66,89]
[-174,-75]
[114,-8]
[-146,-82]
[48,-8]
[-108,-13]
[-144,25]
[68,-88]
[147,66]
[43,-8]
[18,-0]
[-5,-82]
[134,-15]
[69,83]
[94,45]
[-174,55]
[133,-51]
[164,-83]
[163,-53]
[-116,21]
[-101,-43]
[16,81]
[14,44]
[47,-25]
[78,62]
[-108,35]
[-35,48]
[-156,54]
[116,-3]
[-32,-63]
[-2,55]
[169,-29]
[149,-57]
[-144,-11]
[-30,47]
[-90,-26]
[73,40]
[-107,-89]
[142,-60]
[133,59]
[47,-33]
[141,-64]
[-67,-53]
[-3,-45]
[66,-39]
[-3,-1]
[-94,1]
[-45,30]
[-51,82]
[-132,47]
[-176,63]
[87,-36]
[49,29]
[41,63]
[-113,71]
[-173,86]
[68,11]
[-142,39]
[121,-68]
[141,-32]
[-137,-11]
[-71,48]
[178,83]
[163,54]
[52,55]
[-41,-57]
[107,-29]
[9,-61]
[75,-34]
[48,-70]
[10,81]
[-143,-58]
[152,83]
[138,26]
[54,6]
[176,37]
[-159,-20]
[92,25]
[-20,-70]
[153,30]
[-159,-84]
[113,43]
[-166,12]
[124,-45]
[-88,2]
[-179,33]
[130,89]
[124,-26]
[97,24]
[9,-26]
[-51,25]
[95,-17]
[61,-69]
[-157,25]
[-146,15]
[94,77]
[-102,44]
[122,-43]
[-92,40]
[-155,58]
[107,36]
[128,-85]
[-74,-32]
[-167,44]
[43,-33]
[81,-6]
[-142,-82]
[-131,-4]
[-84,-38]
[19,40]
[-157,24]
[-92,-22]
[-170,80]
[-142,55]
[152,-16]
[-163,30]
[-135,87]
[61,-89]
[122,-78]
[121,60]
[139,38]
[-85,20]
[-83,-20]
[179,6]
[160,30]
[-86,65]
[25,-82]
[8,74]
[-82,44]
[12,-84]
[-61,7]
[-116,-41]
[32,-22]
[-6,-65]
[-21,-60]
[-114,9]
[161,-13]
[34,-80]
[-113,-27]
[126,67]
[114,-41]
[-109,-0]
[100,77]
[-105,-16]
[49,-82]
[-135,-35]
[-40,-85]
[178,-19]
[35,30]
[-134,41]
[-4,-42]
[172,-11]
[-158,27]
[-151,21]
[-50,-55]
[107,-24]
[96,-31]
[130,-59]
[-61,47]
[-39,-3]
[-11,-53]
[-130,-78]
[149,38]
[-6,-68]
[-76,43]
[-112,-19]
[-19,-62]
[-40,-59]
[-146,-69]
[-6,-14]
[76,-14]
[85,2]
[-21,38]
[-18,30]
[-36,-52]
[-152,-29]
[-88,-71]
[92,44]
[-59,87]
[118,51]
[-99,-24]
[-33,-71]
[53,-44]
[-96,74]
[53,82]
[111,-34]
[140,-43]
[-6,52]
[103,-28]
[-157,34]
[-164,56]
[-103,-51]
[-77,-42]
[131,-76]
[-101,-67]
[-94,-21]
[35,-32]
[54,-24]
[48,50]
[-62,-3]
[-27,81]
[35,62]
[-102,-55]
[146,-50]
[155,81]
[39,29]
[60,63]
[57,-87]
[-161,24]
[-170,18]
[-141,83]
[-126,-70]
[-79,51]
[-57,61]
[122,43]
[72,-10]
[-149,-57]
[-85,-75]
[175,-49]
[-107,41]
[-133,-88]
[-43,41]
[149,75]
[-132,45]
[140,-67]
[141,-1]
[-70,52]
[90,31]
[11,61]
[111,73]
[98,39]
[75,-13]
[31,-79]
[134,-21]
[144,12]
[-33,48]
[-96,-5]
[158,40]
[-137,84]
[26,-23]
[-21,9]
[74,32]
[124,70]
[-90,-48]
[-61,66]
[-153,-79]
[69,5]
[31,-34]
[-32,-27]
[156,76]
[98,-65]
[-113,-34]
[-17,82]
[-61,45]
[-53,-69]
[-179,-29]
[85,-7]
[-157,-56]
[-92,76]
[-130,-10]
[38,38]
[-97,-9]
[138,7]
[87,78]
[-88,-13]
[26,-64]
[84,68]
[120,-35]
[2,-69]
[129,-8]
[73,84]
[-127,18]
[123,-55]
[-106,28]
[-156,-62]
[10,33]
[27,-44]
[61,-29]
[-71,-24]
[-81,-2]
[-42,37]
[-168,60]
[94,11]
[-128,74]
[-173,-22]
[3,42]
[50,14]
[84,57]
[-106,-54]
[-157,-65]
[14,54]
[65,88]
[178,1]
[169,74]
[-7,-59]
[78,-66]
[4,60]
[-121,62]
[-9,-66]
[143,-88]
[128,67]
[18,-36]
[105,74]
[21,44]
[44,22]
[-49,6]
[-126,-76]
[-4,31]
[-32,-87]
[56,3]
[1,-50]
[166,64]
[115,88]
[-168,-26]
[-96,36]
[-123,-43]
[-88,-45]
[80,60]
[-75,-77]
[-8,-82]
[-150,-85]
[-91,-62]
[171,30]
[-132,-9]
[74,-7]
[-157,-26]
[-150,22]
[-115,19]
[-46,2]
[-155,-61]
[-143,-89]
[52,-14]
[157,-67]
[-51,88]
[-143,-75]
[-17,63]
[82,57]
[-130,47]
[-85,24]
[124,-78]
[-72,2]
[-168,-88]
[14,-64]
[-37,32]
[115,39]
[114,42]
[-37,-69]
[-50,84]
[-70,-65]
[78,51]
[-23,-77]
[134,-39]
[42,46]
[-63,81]
[-179,21]
[-178,6]
[95,-34]
[-128,-39]
[-142,-23]
[20,-2]
[-68,3]
[150,-63]
[-112,-88]
[-89,-16]
[-33,-55]
[124,-20]
[127,49]
[-48,-28]
[4,-82]
[-69,-65]
[143,-88]
[168,66]
[-4,-14]
[-38,36]
[38,63]
[97,64]
[40,36]
[164,84]
[-84,-83]
[19,-7]
[102,66]
[167,45]
[83,71]
[30,-80]
[109,19]
[67,16]
[-135,-12]
[146,-65]
[131,39]
[140,-64]
[57,19]
[30,7]
[-92,81]
[165,-34]
[23,73]
[-62,-27]
[68,-36]
[-50,34]
[33,47]
[161,83]
[-166,-74]
[161,14]
[-90,-2]
[-15,-32]
[119,-71]
[-61,-57]
[-158,74]
[153,-17]
[176,76]
[172,-64]
[-82,-17]
[30,70]
[41,-6]
[-51,35]
[83,-79]
[45,89]
[141,32]
[-70,-2]
[-176,-72]
[113,51]
[-136,61]
[-165,-18]
[-138,61]
[-54,-80]
[-3,-53]
[76,-74]
[173,-65]
[-138,53]
[-155,54]
[-4,72]
[33,22]
[-45,-77]
[0,-47]
[-140,71]
[-149,83]
[30,-9]
[129,18]
[-48,-73]
[-77,3]
[91,-42]
[-141,-38]
[-95,58]
[-50,-66]
[-144,65]
[119,79]
[-70,-32]
[127,-15]
[109,66]
[135,-75]
[4,-33]
[-131,43]
[106,-88]
[9,-63]
[92,-87]
[-139,77]
[-36,41]
[-161,56]
[17,-58]
[-125,-82]
[45,-61]
[-45,39]
[-41,-37]
[-98,-82]
[-69,13]
[115,71]
[-48,-48]
[-20,-31]
[173,7]
[152,56]
[-116,23]
[93,-40]
[145,-35]
[47,-10]
[128,-65]
[81,-10]
[75,59]
[-19,-87]
[33,62]
[76,-82]
[60,-1]
[83,-88]
[58,-38]
[3,59]
[-133,-39]
[-1,-51]
[121,24]
[137,-82]
[98,-70]
[-118,54]
[104,-45]
[-86,62]
[-133,80]
[-158,-5]
[-72,82]
[34,68]
[118,-78]
[-157,-77]
[107,-52]
[38,-25]
[-158,4]
[56,52]
[164,-31]
[-10,-25]
[5,65]
[-127,78]
[165,41]
[-167,-56]
[-101,-86]
[-137,-52]
[96,-77]
[-109,-61]
[-85,79]
[58,-13]
[-42,0]
[-66,-13]
[-35,26]
[86,29]
[-33,-70]
[147,-49]
[46,-46]
[-133,-7]
[44,-59]
[-99,-52]
[17,-39]
[157,-4]
[-30,31]
[-45,70]
[-94,-11]
[27,80]
[89,30]
[-148,-21]
[-39,76]
[67,-7]
[74,11]
[-134,-61]
[113,-68]
[101,-68]
[-73,-38]
[117,2]
[169,-63]
[75,84]
[12,-39]
[-28,61]
[-156,35]
[156,-54]
[48,27]
[127,-65]
[105,-78]
[-141,-72]
[-122,27]
[-158,52]
[29,-19]
[-42,-40]
[-125,21]
[123,-13]
[-104,-89]
[154,-76]
[-41,-76]
[-23,-37]
[9,51]
[-17,78]
[151,9]
[69,74]
[179,-30]
[130,27]
[33,-56]
[135,64]
[86,37]
[-177,22]
[-89,-87]
[146,-80]
[46,-2]
[68,-74]
[37,69]
[-68,3]
[-159,-75]
[144,4]
[156,-18]
[60,-89]
[106,-83]
[-82,-9]
[-27,-36]
[-90,-84]
[-82,-70]
[-169,50]
[-56,22]
[-114,-81]
[33,88]
[-174,-30]
[-48,-9]
[107,53]
[92,-26]
[-98,4]
[147,-47]
[-116,-25]
[-42,-79]
[-128,-76]
[-46,32]
[-133,39]
[84,-54]
[-86,-58]
[-22,-29]
[-162,14]
[-94,38]
[-123,0]
[-99,-55]
[-14,-8]
[98,-49]
[-153,59]
[49,84]
[75,-30]
[-36,-42]
[-134,63]
[59,-35]
[-174,70]
[52,-82]
[-60,-82]
[81,37]
[-154,-87]
[-2,-12]
[-68,76]
[-133,-55]
[-164,-67]
[-158,-11]
[-147,-25]
[166,-2]
[-113,65]
[41,-61]
[-57,47]
[-150,-9]
[-130,41]
[170,-44]
[-33,8]
[68,-73]
[0,-88]
[-172,-53]
[179,-0]
[118,34]
[-59,-83]
[135,49]
[99,-37]
[-171,75]
[-75,-74]
[136,-33]
[158,57]
[12,67]
[82,-40]
[7,48]
[-71,24]
[9,84]
[-93,71]
[110,89]
[-83,-21]
[-159,59]
[55,-20]
[-76,25]
[-101,71]
[58,62]
[102,56]
[3,-51]
[-76,-89]
[-82,23]
[46,-0]
[-155,-37]
[155,57]
[23,16]
[-3,-17]
[91,-17]
[106,-41]
[-30,-44]
[-45,82]
[15,31]
[-68,66]
[89,-44]
[88,-88]
[176,87]
[81,26]
[80,38]
[8,-81]
[-29,-5]
[154,-39]
[-51,-64]
[109,34]
[33,-1]
[-27,80]
[59,-72]
[72,69]
[-28,-79]
[78,15]
[-67,81]
[-12,42]
[126,44]
[175,43]
[44,-56]
[177,-83]
[158,78]
[-9,66]
[33,-82]
[-169,-53]
[75,-42]
[169,-8]
[-103,-22]
[86,-61]
[-63,-43]
[109,-76]
[-85,5]
[-46,-40]
[-10,1]
[45,-61]
[-37,73]
[-138,-77]
[145,-35]
[17,-30]
[55,45]
[38,-55]
[-137,-73]
[26,48]
[-97,-45]
[23,61]
[58,27]
[-176,-64]
[-116,-13]
[123,-60]
[-137,87]
[25,-64]
[167,-64]
[44,-67]
[-85,26]
[168,-42]
[-37,32]
[116,-84]
[-111,-9]
[116,52]
[8,49]
[76,28]
[-159,31]
[131,-27]
[-71,55]
[-31,-8]
[-85,-42]
[-50,-48]
[-17,-79]
[115,-10]
[-22,-81]
[44,-64]
[-57,-23]
[-108,86]
[-154,70]
[115,58]
[168,-10]
[75,30]
[-146,-84]
[101,68]
[25,-64]
[-173,-69]
[-135,-35]
[49,75]
[124,-2]
[-40,36]
[-76,67]
[-120,55]
[-95,83]
[41,0]
[17,6]
[-55,60]
[18,7]
[-14,-6]
[-4,-21]
[142,23]
[96,-4]
[160,75]
[-37,-68]
[176,61]
[-40,-10]
[125,74]
[3,34]
[136,-41]
[9,-86]
[48,86]
[35,-52]
[-8,-42]
[-7,-1]
[-136,69]
[-135,-37]
[-134,46]
[-30,-62]
[-121,-72]
[-178,8]
[-109,15]
[-126,11]
[-109,-10]
[136,82]
[32,-5]
[-145,72]
[20,-57]
[-134,-88]
[58,-43]
[5,-16]
[132,-45]
[-159,-5]
[-109,-73]
[50,-35]
[-125,11]
[-161,1]
[53,29]
[-61,-45]
[93,19]
[-111,-21]
[93,54]
[-174,-8]
[43,87]
[-121,61]
[86,-83]
[-149,-85]
[-40,-22]
[-156,43]
[37,-11]
[112,-59]
[139,-26]
[-112,71]
[58,44]
[-134,-52]
[81,-5]
[178,-78]
[134,20]
[-9,-7]
[-176,6]
[-40,22]
[40,-60]
[143,-20]
[52,25]
[18,51]
[31,22]
[56,86]
[-123,72]
[-113,-44]
[35,-77]
[134,85]
[70,20]
[-150,63]
[-112,68]
[-131,34]
[-91,-66]
[50,-47]
[50,-65]
[-27,-16]
[-29,-8]
[95,-59]
[-125,55]
[-139,-11]
[-118,85]
[-132,82]
[-110,37]
[-83,69]
[114,-5]
[-161,48]
[-118,17]
[-95,22]
[-139,-52]
[-24,-11]
[128,-76]
[80,-30]
[4,-16]
[76,-10]
[119,-35]
[119,33]
[-90,10]
[179,-66]
[178,-35]
[-161,63]
[-168,67]
[79,57]
[10,-60]
[120,10]
[64,-79]
[-23,-5]
[32,-84]
[-135,14]
[-26,71]
[131,20]
[45,-79]
[-40,-8]
[-155,-32]
[-172,48]
[-68,-73]
[-161,-62]
[116,49]
[-60,82]
[90,43]
[130,57]
[-112,-7]
[-165,35]
[-111,56]
[28,66]
[-152,-85]
[131,-27]
[98,-89]
[29,81]
[-21,-76]
[-156,80]
[70,80]
[57,-83]
[83,-49]
[48,10]
[42,-59]
[57,0]
[107,70]
[-153,-80]
[24,-26]
[-144,-10]
[-128,-45]
[-113,67]
[-106,78]
[-161,-73]
[173,75]
[27,52]
[-172,-64]
[171,-65]
[-51,-51]
[-166,-67]
[-75,81]
[42,37]
[-126,-4]
[-42,34]
[-85,19]
[150,-25]
[-71,79]
[110,-15]
[22,54]
[102,38]
[117,-28]
[95,-88]
[-80,-0]
[-140,-61]
[130,1]
[105,-1]
[-26,-25]
[-142,-11]
[128,-83]
[166,-19]
[117,17]
[152,61]
[8,48]
[-38,-22]
[124,-36]
[1,45]
[106,73]
[-138,-4]
[87,22]
[120,-43]
[-159,-40]
[22,-74]
[-91,41]
[-48,-38]
[59,-29]
[-148,-41]
[82,24]
[-84,-64]
[27,18]
[90,-18]
[148,25]
[-163,-62]
[75,-52]
[95,-78]
[12,-23]
[157,-80]
[-100,24]
[93,-25]
[-98,47]
[1,87]
[-73,9]
[31,56]
[-19,62]
[138,5]
[-82,68]
[-13,80]
[-65,-51]
[-145,-53]
[-45,-25]
[-65,8]
[50,63]
[-9,-17]
[97,23]
[-104,-78]
[-52,-41]
[48,69]
[85,81]
[174,37]
[-75,8]
[-97,49]
[179,-49]
[-59,-69]
[-39,-56]
[-175,41]
[57,-19]
[62,0]
[-66,-36]
[112,41]
[-12,5]
[-28,54]
[75,-69]
[-115,15]
[-136,-30]
[153,74]
[71,-87]
[-98,-8]
[-116,-52]
[-90,25]
[62,11]
[-80,-19]
[109,66]
[35,-60]
[87,68]
[7,57]
[-103,34]
[-99,-61]
[-72,-29]
[-162,-14]
[-145,75]
[68,81]
[-179,61]
[-61,-12]
[28,-43]
[118,-36]
[-45,64]
[131,-43]
[-43,52]
[9,15]
[-110,40]
[19,-76]
[36,-52]
[-29,-10]
[38,-88]
[141,38]
[55,-68]
[10,-29]
[83,-14]
[148,84]
[59,27]
[81,-57]
[157,87]
[-30,-85]
[134,17]
[-41,-54]
[-4,-65]
[115,88]
[-168,53]
[52,-14]
[-57,61]
[172,-41]
[41,41]
[129,-41]
[-136,-54]
[-39,-13]
[-74,84]
[95,24]
[118,-30]
[22,34]
[-128,-84]
[155,68]
[58,60]
[-15,-83]
[-24,-25]
[65,-22]
[33,48]
[-5,-37]
[-139,75]
[-117,79]
[48,81]
[-179,48]
[-119,-59]
[-106,-58]
[118,22]
[-32,40]
[17,-14]
[81,-50]
[99,-58]
[165,-4]
[146,47]
[-98,31]
[-141,-3]
[51,55]
[17,-9]
[118,69]
[-98,-72]
[-28,-87]
[-170,-41]
[-12,14]
[-81,-8]
[-155,-80]
[-89,11]
[-104,-3]
[59,33]
[-111,26]
[-173,82]
[-162,81]
[-68,70]
[157,-67]
[-131,-89]
[47,-61]
[54,43]
[-153,-0]
[-8,10]
[-169,-18]
[-87,44]
[171,-86]
[109,63]
[135,24]
[25,2]
[51,87]
[-106,-12]
[-85,-28]
[96,-71]
[119,-73]
[43,-65]
[-145,82]
[131,-49]
[-34,29]
[32,-14]
[-74,54]
[30,-40]
[-137,-78]
[163,4]
[133,-48]
[-137,-71]
[69,-21]
[-7,-51]
[100,-71]
[-168,-53]
[32,-73]
[7,84]
[128,-70]
[-17,59]
[119,-40]
[-107,-6]
[-22,-77]
[76,-75]
[23,66]
[153,-62]
[79,85]
[-62,-8]
[77,12]
[76,49]
[-55,39]
[99,26]
[10,55]
[-3,-2]
[-13,-60]
[108,29]
[105,-49]
[130,-69]
[-46,56]
[84,-85]
[11,60]
[41,-32]
[106,71]
[-18,-12]
[-125,-70]
[-19,-39]
[-95,74]
[-158,42]
[62,-8]
[-173,80]
[106,-68]
[-104,-85]
[57,3]
[64,-19]
[-136,65]
[-163,-54]
[-106,-72]
[23,59]
[-151,6]
[-20,-26]
[-147,4]
[21,-75]
[-146,59]
[-153,-84]
[123,34]
[91,64]
[24,79]
[-104,-70]
[89,9]
[120,-83]
[-161,-74]
[-114,77]
[-109,35]
[136,-75]
[17,-13]
[-137,66]
[-155,41]
[53,74]
[45,76]
[-11,-52]
[-8,89]
[-117,14]
[-165,-55]
[88,21]
[-51,-69]
[34,54]
[-51,-29]
[-30,-63]
[-40,65]
[65,-64]
[-43,-3]
[-25,84]
[51,48]
[-106,-63]
[-163,-76]
[-145,-17]
[139,-75]
[165,-23]
[-129,83]
[-101,-81]
[-62,-84]
[-27,79]
[139,73]
[-117,34]
[172,61]
[-138,63]
[-158,45]
[-114,-74]
[79,-78]
[-178,41]
[-4,9]
[-88,54]
[61,-48]
[94,34]
[-151,45]
[-11,-10]
[-33,58]
[-172,68]
[146,-40]
[-120,64]
[-2,15]
[-81,-50]
[146,-38]
[29,33]
[-134,10]
[-123,55]
[23,-3]
[174,50]
[53,38]
[29,24]
[98,-2]
[-175,69]
[-110,70]
[-7,-2]
[123,69]
[-47,-75]
[4,33]
[-44,-79]
[-46,-36]
[-156,72]
[122,-26]
[-103,61]
[33,26]
[-22,-27]
[156,-11]
[134,56]
[-60,-45]
[39,14]
[68,3]
[4,-53]
[104,-48]
[-135,-68]
[26,4]
[171,-75]
[94,-62]
[178,79]
[-152,-6]
[126,-69]
[60,-22]
[-59,15]
[-82,-71]
[-171,-28]
[137,22]
[64,26]
[55,-56]
[-86,42]
[-48,-79]
[170,-7]
[-44,-77]
[-80,26]
[48,3]
[-71,-28]
[-56,-23]
[137,63]
[-68,51]
[-130,9]
[-64,-55]
[119,-6]
[-137,10]
[26,88]
[-23,-83]
[4,49]
[-71,20]
[139,9]
[38,-4]
[127,-30]
[37,-43]
[102,-60]
[-68,7]
[10,40]
[-147,36]
[-37,11]
[118,16]
[24,81]
[-46,72]
[-74,-87]
[-70,49]
[42,20]
[-121,37]
[-107,67]
[-153,76]
[-118,46]
[-139,74]
[69,-30]
[-104,-40]
[112,0]
[-108,-19]
[18,-33]
[155,6]
[-2,76]
[48,65]
[-51,41]
[90,-11]
[-67,-48]
[-107,63]
[-147,20]
[-140,-73]
[86,-51]
[-2,85]
[-69,-33]
[-140,39]
[114,-19]
[-131,6]
[-31,37]
[-105,40]
[177,23]
[48,-48]
[163,76]
[-119,0]
[-140,-32]
[103,-30]
[-140,-13]
[30,77]
[38,21]
[-110,-79]
[-74,-11]
[-152,-40]
[78,-74]
[-23,-6]
[-71,75]
[156,-63]
[143,-47]
[-45,-1]
[76,5]
[-174,87]
[-94,8]
[40,-41]
[-168,24]
[-129,-28]
[20,-73]
[-126,-85]
[-172,-15]
[-70,-17]
[7,65]
[139,-43]
[-85,-51]
[-18,15]
[-133,76]
[126,-77]
[169,-41]
[-151,-52]
[86,60]
[-156,-68]
[92,-47]
[-137,50]
[-24,77]
[-80,-59]
[-138,-76]
[-160,-21]
[-97,-88]
[-111,1]
[2,29]
[-172,-70]
[-65,-31]
[22,-68]
[-24,73]
[-104,-73]
[60,-56]
[177,88]
[32,83]
[151,-63]
[98,16]
[140,11]
[163,33]
[45,75]
[-67,-5]
[100,85]
[33,45]
[-45,-2]
[43,73]
[-108,-69]
[173,-30]
[96,-52]
[0,8]
[-75,-55]
[77,89]
[157,-27]
[177,84]
[-12,-65]
[8,85]
[75,-45]
[33,77]
[117,-14]
[89,-46]
[-158,40]
[112,70]
[56,48]
[-154,29]
[-22,-81]
[-93,-22]
[69,-20]
[122,37]
[62,32]
[123,28]
[-49,-36]
[104,-60]
[-108,-28]
[-119,-2]
[-50,-85]
[-5,-2]
[-158,74]
[-146,83]
[-102,46]
[7,-36]
[0,-43]
[-24,58]
[49,-89]
[179,61]
[23,87]
[122,79]
[-42,81]
[62,-77]
[45,61]
[140,59]
[112,-70]
[-143,-46]
[38,-5]
[113,3]
[-13,-13]
[-156,-78]
[-103,80]
[25,-58]
[-60,-3]
[171,77]
[-155,49]
[-136,35]
[13,17]
[-123,15]
[133,-47]
[12,88]
[159,-34]
[6,-6]
[115,-76]
[12,-89]
[-97,77]
[35,-45]
[162,-23]
[-169,74]
[27,-63]
[-140,16]
[0,83]
[-114,-25]
[-79,-7]
[135,69]
[-81,15]
[-56,-36]
[-166,-66]
[159,-31]
[-26,18]
[-0,15]
[149,-9]
[-5,33]
[147,32]
[-93,-68]
[41,27]
[-75,-39]
[20,-56]
[-31,-23]
[-7,31]
[-174,0]
[-105,53]
[-97,68]
[132,-13]
[-139,18]
[139,-40]
[123,-12]
[110,-61]
[-173,-89]
[127,6]
[-2,-12]
[-39,79]
[-175,51]
[-156,35]
[-26,-40]
[-14,-20]
[-133,66]
[-40,-48]
[-112,17]
[78,86]
[-113,76]
[-86,58]
[-144,-12]
[170,20]
[141,35]
[103,-19]
[41,38]
[115,1]
[-22,-89]
[141,53]
[132,32]
[-126,8]
[83,-72]
[132,-82]
[-1,49]
[121,-0]
[-140,30]
[170,-6]
[-61,-68]
[-157,-77]
[39,-80]
[-59,-0]
[-56,39]
[-16,1]
[-47,-40]
[43,-17]
[-60,83]
[-101,-45]
[-42,-72]
[-59,57]
[-128,-18]
[159,32]
[-5,-76]
[75,46]
[86,73]
[94,55]
[92,34]
[76,-9]
[177,-39]
[-107,58]
[162,-7]
[77,19]
[158,-42]
[-59,-21]
[169,-4]
[164,18]
[-171,-14]
[101,-45]
[-23,-71]
[-133,-85]
[59,-24]
[117,-43]
[1,50]
[-114,-45]
[58,-38]
[-31,74]
[-2,-57]
[68,5]
[-156,-23]
[-123,84]
[54,76]
[-46,66]
[-174,-25]
[63,-47]
[-48,-19]
[-160,-55]
[171,77]
[28,41]
[-88,-51]
[-124,67]
[-113,21]
[-134,-36]
[-6,-46]
[60,33]
[119,28]
[124,53]
[-29,-57]
[134,-57]
[-112,-80]
[99,38]
[36,64]
[37,22]
[-53,62]
[54,26]
[29,12]
[-126,55]
[162,-77]
[-174,-64]
[-29,-11]
[-13,47]
[-179,-45]
[51,12]
[-129,54]
[-96,-56]
[-151,81]
[-31,35]
[133,7]
[-84,-47]
[-165,-18]
[53,-3]
[145,-87]
[-134,-0]
[-166,65]
[94,-6]
[-41,-7]
[56,43]
[-79,-26]
[-90,-5]
[157,86]
[177,54]
[57,-71]
[81,61]
[-48,-63]
[-64,-86]
[154,-13]
[56,27]
[-168,-17]
[-110,17]
[163,56]
[-96,-23]
[-70,11]
[-75,-9]
[-134,-63]
[-153,32]
[-32,-72]
[96,-10]
[73,-63]
[-83,-21]
[49,5]
[-4,33]
[-99,36]
[-117,53]
[85,20]
[-53,82]
[-127,-71]
[26,-37]
[119,74]
[94,62]
[6,-71]
[-150,51]
[-131,-88]
[65,69]
[-15,2]
[136,44]
[17,-60]
[-167,1]
[-158,-70]
[-7,46]
[137,-75]
[119,-15]
[96,46]
[-107,66]
[172,58]
[130,-46]
[-73,-67]
[-31,-30]
[82,-6]
[-158,-60]
[-166,67]
[-161,-52]
[-81,66]
[-77,-75]
[-138,79]
[-90,-69]
[166,28]
[18,-29]
[-61,63]
[-172,-30]
[-17,-23]
[-73,-38]
[63,69]
[64,78]
[-74,-71]
[150,3]
[-114,3]
[-164,-88]
[30,-85]
[-64,-8]
[-77,-20]
[-112,-71]
[89,-18]
[57,40]
[136,-34]
[-166,86]
[47,45]
[-92,1]
[6,-86]
[-52,-32]
[169,-57]
[33,-4]
[93,16]
[28,87]
[-120,63]
[14,-82]
[-127,-74]
[-59,-26]
[-110,47]
[103,3]
[172,12]
[158,-18]
[25,80]
[-144,80]
[-95,-7]
[105,36]
[-5,-86]
[20,21]
[-138,89]
[-17,25]
[-44,-30]
[-159,-5]
[-166,-83]
[33,-86]
[-27,-79]
[1,11]
[63,-70]
[-7,-12]
[-78,-52]
[77,-50]
[-122,29]
[-140,63]
[-15,-5]
[28,67]
[156,-81]
[-32,49]
[-16,-51]
[-40,9]
[68,-26]
[-5,88]
[-67,83]
[-146,-25]
[-39,-65]
[-129,-80]
[-69,-8]
[92,58]
[110,-32]
[-23,-22]
[132,33]
[15,23]
[13,-2]
[177,-3]
[-71,-33]
[173,-25]
[-104,70]
[-159,57]
[25,78]
[-88,68]
[-66,24]
[165,24]
[-14,-45]
[-21,-31]
[99,-81]
[124,-70]
[74,47]
[144,57]
[-91,-4]
[33,9]
[-59,83]
[117,37]
[-131,-86]
[69,73]
[73,-52]
[37,-9]
[-92,-88]
[84,25]
[81,4]
[123,-32]
[102,5]
[26,16]
[-18,27]
[-148,85]
[93,-42]
[179,-19]
[-35,27]
[-79,-34]
[148,84]
[163,67]
[20,72]
[-102,-10]
[-33,16]
[-67,2]
[-111,9]
[-124,52]
[177,-41]
[28,37]
[-1,39]
[-138,4]
[0,-61]
[-148,-81]
[-179,64]
[2,-61]
[44,-53]
[46,-80]
[140,-23]
[150,53]
[111,36]
[15,79]
[23,-66]
[-0,-47]
[-90,33]
[-174,7]
[61,73]
[-62,9]
[-100,74]
[66,27]
[-161,76]
[171,-23]
[-2,14]
[28,-37]
[-82,-67]
[18,13]
[-164,-88]
[107,3]
[13,-15]
[-161,35]
[5,78]
[130,29]
[73,-50]
[-7,-31]
[39,-82]
[160,-40]
[18,-28]
[61,73]
[107,1]
[-104,1]
[158,37]
[-78,35]
[30,-32]
[-19,-21]
[6,-21]
[158,-55]
[-92,88]
[45,-48]
[-29,83]
[89,21]
[56,-51]
[97,48]
[173,-75]
[61,-29]
[25,-7]
[109,-30]
[104,10]
[-116,-7]
[175,47]
[115,80]
[-130,72]
[74,69]
[29,-80]
[164,55]
[-19,85]
[81,34]
[-136,-64]
[15,32]
[-21,-80]
[46,49]
[-47,-19]
[70,40]
[-161,-67]
[-151,-89]
[164,-68]
[-164,51]
[175,-4]
[17,-37]
[-21,86]
[168,48]
[55,35]
[118,28]
[152,-44]
[-179,-88]
[104,36]
[-32,26]
[109,-63]
[-75,19]
[162,36]
[128,-79]
[178,39]
[171,-61]
[-66,-83]
[-103,20]
[-132,-74]
[-136,-54]
[108,-82]
[-161,79]
[172,10]
[179,-74]
[-164,-44]
[20,65]
[43,61]
[133,-44]
[-60,-50]
[-9,4]
[54,29]
[-150,4]
[158,7]
[72,67]
[29,-71]
[100,-67]
[3,-60]
[82,-36]
[-103,-66]
[-45,5]
[112,4]
[40,6]
[-36,36]
[-105,-75]
[70,-81]
[115,-37]
[118,-65]
[68,66]
[-160,30]
[123,-73]
[14,-47]
[-93,81]
[143,-36]
[-166,53]
[151,-80]
[71,49]
[62,-43]
[22,-34]
[-149,34]
[37,-40]
[-40,71]
[151,-7]
[166,25]
[-176,0]
[-112,-38]
[34,-70]
[166,-69]
[-41,78]
[-114,37]
[-137,50]
[-133,-13]
[-76,-36]
[102,-59]
[60,2]
[3,79]
[47,67]
[-151,38]
[24,-50]
[-136,-84]
[160,47]
[-19,24]
[-152,61]
[167,-39]
[83,-48]
[179,-2]
[-166,19]
[104,-24]
[-148,38]
[16,-49]
[-66,-38]
[-144,81]
[-143,42]
[-86,43]
[173,-81]
[-149,-73]
[111,53]
[146,65]
[31,47]
[-173,49]
[12,-66]
[127,-55]
[-14,57]
[71,-67]
[-92,72]
[127,-73]
[18,22]
[71,-15]
[76,-56]
[173,-79]
[-35,87]
[127,27]
[132,-60]
[-131,-25]
[-85,20]
[-113,89]
[-100,17]
[53,-38]
[-130,2]
[-28,-3]
[-43,4]
[-154,83]
[30,57]
[-28,-48]
[100,63]
[-68,41]
[-149,83]
[-66,-87]
[-119,74]
[41,22]
[151,87]
[111,60]
[-112,36]
[75,81]
[65,-83]
[-75,66]
[40,14]
[-141,-60]
[78,28]
[-71,45]
[169,-43]
[35,-51]
[26,78]
[-39,-58]
[37,-14]
[49,-1]
[-8,-10]
[-12,40]
[-54,23]
[36,52]
[-15,-43]
[85,-7]
[6,-56]
[-137,55]
[107,76]
[150,45]
[-121,-74]
[35,54]
[171,-27]
[146,87]
[-97,-22]
[28,-68]
[-52,55]
[94,-45]
[-15,2]
[-135,-49]
[-76,-30]
[20,-20]
[137,49]
[28,-29]
[5,59]
[154,-48]
[101,61]
[176,-47]
[-7,65]
[-41,61]
[-122,-46]
[-76,-33]
[54,83]
[121,78]
[-153,-31]
[154,-11]
[-26,70]
[-136,58]
[39,60]
[-5,29]
[-25,82]
[-179,11]
[98,29]
[163,-57]
[-18,53]
[129,-30]
[-24,-59]
[-34,-39]
[-158,-89]
[-61,29]
[-136,-28]
[-156,-7]
[156,20]
[-52,-6]
[158,27]
[-41,9]
[-26,1]
[-30,-66]
[-74,22]
[-141,-28]
[-29,27]
[67,-73]
[-0,72]
[-169,-7]
[103,86]
[96,-21]
[2,77]
[38,-88]
[21,-52]
[22,64]
[-142,68]
[13,-14]
[67,44]
[129,29]
[-33,64]
[99,48]
[-120,-49]
[48,52]
[76,87]
[27,41]
[129,88]
[-83,70]
[-13,16]
[-28,-75]
[35,28]
[-22,-51]
[84,53]
[-22,-50]
[-9,25]
[-84,35]
[-116,-31]
[-64,2]
[-65,18]
[29,-69]
[-109,51]
[-136,25]
[-148,87]
[141,87]
[-36,-48]
[-118,84]
[-119,-89]
[-21,-57]
[25,59]
[-115,73]
[-119,-59]
[-72,36]
[-135,-60]
[-140,35]
[57,12]
[-92,-61]
[176,67]
[-111,-89]
[-86,-71]
[166,10]
[65,-3]
[124,43]
[39,44]
[-38,-72]
[-149,49]
[83,21]
[-156,74]
[-51,68]
[160,-27]
[21,-12]
[-65,72]
[95,29]
[105,-7]
[100,13]
[-48,-55]
[177,6]
[-83,-50]
[-110,43]
[52,-83]
[167,71]
[-142,48]
[-36,51]
[-94,7]
[-162,42]
[-133,-87]
[-104,-29]
[49,66]
[-137,87]
[70,-70]
[-149,-43]
[42,-78]
[-6,-78]
[-42,16]
[77,48]
[139,-53]
[30,-48]
[-29,-83]
[-26,87]
[-6,66]
[72,11]
[134,19]
[-95,-60]
[-72,-4]
[118,64]
[23,37]
[133,-1]
[140,13]
[114,-44]
[-68,-18]
[-82,10]
[110,-30]
[-108,86]
[-61,42]
[41,68]
[40,12]
[-7,47]
[-5,55]
[-146,-36]
[174,34]
[-94,-72]
[116,-9]
[-27,71]
[163,-63]
[-58,4]
[46,31]
[-176,-63]
[84,87]
[94,29]
[156,20]
[-92,-17]
[-16,-86]
[69,16]
[-53,-53]
[-11,-40]
[-64,-81]
[-161,53]
[-137,2]
[139,-20]
[117,-16]
[-124,7]
[-34,-18]
[-179,-61]
[-39,-40]
[132,81]
[112,39]
[110,14]
[-32,77]
[83,27]
[53,50]
[-20,-79]
[31,-61]
[2,46]
[-4,-64]
[-148,54]
[31,70]
[-161,48]
[124,34]
[-104,33]
[47,-83]
[97,-38]
[-143,42]
[-138,-51]
[-46,-75]
[52,-89]
[109,13]
[98,-54]
[-179,-49]
[45,-0]
[-141,-4]
[51,74]
[-8,-5]
[127,-37]
[-179,-38]
[-111,49]
[-149,1]
[119,-0]
[8,3]
[48,76]
[131,-80]
[-48,-77]
[17,32]
[173,11]
[58,-56]
[156,-36]
[-151,-13]
[56,70]
[-16,85]
[121,-65]
[-10,76]
[35,54]
[-9,-6]
[143,-53]
[-52,68]
[142,-55]
[171,-28]
[136,-18]
[5,11]
[106,-57]
[-117,-31]
[-20,68]
[-72,-10]
[-55,-47]
[57,-7]
[-93,58]
[-52,12]
[59,37]
[139,68]
[45,-11]
[-54,67]
[-39,30]
[-115,-70]
[-50,-40]
[31,63]
[1,8]
[-117,-23]
[137,-74]
[77,76]
[83,42]
[141,68]
[75,-32]
[99,-7]
[-167,43]
[80,5]
[134,-47]
[-156,59]
[28,13]
[-32,57]
[117,23]
[-124,-19]
[18,-86]
[-75,-34]
[-67,70]
[-86,59]
[-51,-55]
[-154,72]
[-118,-29]
[-109,37]
[3,-35]
[-138,-11]
[77,-54]
[-72,-41]
[-37,46]
[-165,87]
[98,-12]
[29,34]
[-71,66]
[170,-2]
[-37,-35]
[2,71]
[-9,-70]
[-157,-60]
[-122,42]
[-159,49]
[16,2]
[72,28]
[-127,43]
[-78,3]
[-173,-84]
[22,74]
[-156,27]
[74,70]
[-134,42]
[126,53]
[14,-54]
[53,-74]
[31,-28]
[-144,-5]
[-13,71]
[104,-17]
[-140,-63]
[-165,-52]
[-50,66]
[127,34]
[148,67]
[84,16]
[137,-38]
[122,-45]
[-165,-19]
[108,20]
[80,-57]
[47,64]
[154,82]
[-151,-80]
[-116,85]
[51,-53]
[-61,-28]
[-4,-14]
[176,76]
[8,85]
[-92,67]
[134,65]
[82,-20]
[31,84]
[-76,-67]
[-145,20]
[153,-5]
[-111,41]
[167,-38]
[94,-79]
[-72,-8]
[-71,-29]
[127,-72]
[129,-30]
[-113,89]
[-175,22]
[-114,80]
[-26,-40]
[-152,66]
[-163,2]
[-68,-23]
[141,57]
[55,82]
[154,68]
[-81,-9]
[131,0]
[42,-54]
[-20,16]
[-166,-45]
[-62,-60]
[169,-58]
[136,-75]
[-22,-46]
[-137,3]
[-100,81]
[-154,-33]
[126,-67]
[59,-10]
[-59,-21]
[-56,49]
[166,-24]
[85,56]
[100,85]
[-2,-55]
[-22,-84]
[141,18]
[-139,-18]
[-111,27]
[-83,86]
[-145,13]
[-148,87]
[-100,-5]
[-113,-57]
[101,23]
[9,-42]
[113,-58]
[-139,-70]
[136,67]
[-69,64]
[89,-46]
[-98,54]
[139,-26]
[-44,-89]
[-33,-33]
[-73,-71]
[94,-23]
[130,-88]
[92,-16]
[-74,82]
[103,-80]
[25,66]
[-56,62]
[-119,44]
[81,-14]
[-16,41]
[172,15]
[-60,-88]
[173,71]
[-145,-48]
[-70,-16]
[11,-10]
[-74,41]
[58,49]
[133,-58]
[105,79]
[-126,-16]
[-38,15]
[-161,20]
[36,-34]
[-157,-5]
[107,20]
[-26,12]
[44,-8]
[62,-58]
[47,-6]
[153,67]
[80,-65]
[114,25]
[-134,19]
[-28,6]
[-120,67]
[28,-45]
[-53,-10]
[-172,85]
[-89,-79]
[-121,-20]
[90,-38]
[-81,51]
[-53,-53]
[-23,29]
[164,56]
[178,-53]
[86,29]
[-142,59]
[171,-8]
[130,54]
[114,-19]
[162,28]
[-74,-6]
[160,25]
[-84,83]
[-42,-22]
[-137,-6]
[3,77]
[-165,-41]
[-156,24]
[63,31]
[-71,-89]
[-28,-17]
[-72,26]
[-158,67]
[-18,31]
[-121,-0]
[-146,-84]
[162,-64]
[-67,-2]
[-98,-16]
[98,-77]
[62,46]
[-93,30]
[-140,-11]
[-40,52]
[-5,-87]
[147,74]
[76,27]
[-10,-75]
[127,-67]
[-72,65]
[113,-63]
[34,2]
[-150,88]
[177,1]
[-88,-0]
[147,70]
[7,-39]
[-70,-62]
[141,67]
[41,14]
[94,4]
[-7,3]
[-5,83]
[68,-71]
[144,17]
[-11,-1]
[79,25]
[30,-60]
[130,71]
[45,3]
[-132,75]
[71,-86]
[-155,88]
[-99,-5]
[71,-51]
[-32,46]
[-136,-28]
[66,43]
[-84,-24]
[176,-42]
[139,3]
[26,74]
[61,87]
[-112,29]
[129,-65]
[-132,72]
[99,61]
[-130,-69]
[-78,-43]
[-58,58]
[68,81]
[-142,6]
[127,-55]
[-93,10]
[-82,74]
[158,61]
[179,-36]
[-123,57]
[76,-52]
[92,55]
[124,16]
[-142,78]
[-27,75]
[-74,-1]
[-23,-31]
[179,82]
[44,-46]
[49,44]
[125,-5]
[-165,15]
[17,86]
[110,78]
[37,35]
[-72,1]
[-40,32]
[-100,78]
[140,-43]
[51,-2]
[-158,-7]
[137,-24]
[-22,20]
[-110,-73]
[-62,62]
[-43,11]
[-30,26]
[-128,29]
[-172,86]
[-165,64]
[103,30]
[76,82]
[38,40]
[-92,-7]
[-177,-49]
[45,87]
[-90,-18]
[116,-45]
[49,-68]
[142,-27]
[-18,-14]
[133,-67]
[49,42]
[-47,-3]
[-111,-60]
[129,50]
[-165,-66]
[76,-58]
[6,47]
[18,-72]
[-124,11]
[-2,8]
[-125,-79]
[69,65]
[52,-8]
[-44,48]
[101,35]
[-152,58]
[23,-48]
[-140,23]
[113,-30]
[-14,71]
[-75,-85]
[-35,-4]
[98,9]
[101,12]
[-112,19]
[55,17]
[16,-29]
[155,-53]
[3,-76]
[111,-4]
[-57,39]
[155,-20]
[-81,-58]
[123,-24]
[66,78]
[-171,61]
[27,-6]
[-45,-3]
[95,77]
[2,-18]
[-2,73]
[27,71]
[111,30]
[-61,-73]
[39,65]
[-28,-88]
[-136,-68]
[64,52]
[-133,-13]
[-56,-27]
[98,86]
[9,-30]
[170,-39]
[15,-16]
[58,-57]
[-156,64]
[163,-10]
[26,-83]
[-20,20]
[-92,67]
[-61,-18]
[109,12]
[25,-57]
[-13,-3]
[147,35]
[-7,36]
[-22,-74]
[-64,-0]
[113,-1]
[97,62]
[-146,-46]
[58,-65]
[-162,4]
[-120,-74]
[-128,-26]
[-145,78]
[111,-50]
[136,-1]
[173,-47]
[162,89]
[-155,-36]
[-174,20]
[2,29]
[-169,71]
[-43,-76]
[-179,-0]
[-160,-4]
[134,-65]
[33,86]
[115,72]
[-39,76]
[40,10]
[58,27]
[-83,-51]
[130,54]
[159,18]
[101,-52]
[-117,-23]
[-153,-22]
[57,74]
[-42,-21]
[127,-52]
[24,-80]
[51,40]
[-176,49]
[-157,-31]
[29,-26]
[-91,29]
[177,-42]
[86,-38]
[-20,78]
[58,55]
[86,-10]
[-93,-38]
[-90,39]
[147,-65]
[-130,87]
[-16,-53]
[-74,-75]
[168,25]
[44,-72]
[16,25]
[-167,9]
[13,-88]
[-44,-15]
[-49,63]
[15,71]
[155,-65]
[-111,-87]
[-101,23]
[-8,-76]
[-27,-15]
[-86,25]
[102,-80]
[30,19]
[-17,76]
[100,-50]
[101,-15]
[170,66]
[111,89]
[-47,71]
[49,75]
[94,-33]
[-43,84]
[128,-6]
[-149,52]
[167,77]
[-85,-33]
[78,-37]
[-153,-37]
[-30,-7]
[-162,64]
[-169,-29]
[-70,-56]
[105,81]
[-59,-35]
[-44,-57]
[-17,28]
[-117,74]
[-130,-12]
[-14,-49]
[38,59]
[-141,9]
[-37,-2]
[-64,17]
[-60,-68]
[82,-8]
[-15,19]
[-136,-14]
[135,-1]
[-37,-45]
[70,34]
[-136,2]
[-76,49]
[-30,39]
[-134,18]
[-50,73]
[-47,87]
[-135,-17]
[148,73]
[143,55]
[113,-38]
[132,32]
[-4,30]
[-134,43]
[23,27]
[130,15]
[52,-86]
[133,45]
[116,-8]
[-100,-20]
[148,10]
[-2,67]
[-127,40]
[128,29]
[165,-83]
[-67,23]
[154,72]
[19,53]
[-71,-87]
[67,70]
[77,87]
[109,-68]
[-9,67]
[94,75]
[-15,4]
[-80,31]
[-127,-87]
[167,-61]
[34,-39]
[-132,-49]
[101,-33]
[-3,-30]
[149,-60]
[44,-13]
[-70,64]
[42,20]
[79,27]
[75,-67]
[129,-89]
[59,18]
[-127,60]
[-48,-48]
[-160,69]
[112,79]
[-2,19]
[-172,86]
[-172,0]
[-105,49]
[133,89]
[-96,-20]
[-46,-80]
[141,-52]
[51,-31]
[54,-86]
[-130,-31]
[-56,-70]
[175,-11]
[87,-1]
[-123,7]
[61,10]
[-146,-46]
[-24,-14]
[179,12]
[-36,60]
[71,19]
[-115,-18]
[64,-9]
[39,-41]
[-78,19]
[-24,6]
[118,58]
[-146,-61]
[-37,70]
[-54,-68]
[176,-78]
[109,-9]
[51,44]
[-100,5]
[114,-36]
[-168,10]
[-140,57]
[179,85]
[-117,-49]
[-83,17]
[99,-37]
[-67,66]
[-30,-8]
[-137,20]
[116,-24]
[-65,4]
[-152,4]
[144,-64]
[-89,83]
[73,-83]
[-10,-69]
[-53,53]
[8,50]
[89,37]
[-179,69]
[-88,-35]
[-156,-9]
[160,-58]
[-138,19]
[-110,31]
[-147,52]
[-100,49]
[-60,34]
[-63,0]
[-138,8]
[-161,66]
[53,44]
[15,37]
[45,55]
[-51,34]
[150,-6]
[-13,-87]
[6,-63]
[-150,40]
[61,-4]
[68,15]
[11,32]
[124,57]
[-26,34]
[-157,43]
[33,5]
[49,39]
[-160,85]
[-49,-23]
[117,-52]
[-18,-80]
[101,-58]
[-98,40]
[-146,41]
[-112,39]
[103,-30]
[140,36]
[160,-26]
[-12,27]
[-12,31]
[-158,-26]
[80,16]
[-133,-40]
[-38,-46]
[127,-47]
[164,-4]
[145,-7]
[65,10]
[-37,-77]
[67,21]
[-16,22]
[89,13]
[-33,-22]
[18,-63]
[178,69]
[-84,-38]
[84,73]
[-14,54]
[88,31]
[32,-25]
[-109,-24]
[87,5]
[-30,-79]
[56,-35]
[-122,-32]
[-15,-33]
[-9,-63]
[68,86]
[158,47]
[75,84]
[115,77]
[41,45]
[-76,53]
[26,-69]
[86,-15]
[177,-81]
[-179,3]
[147,-24]
[-63,-36]
[-160,77]
[45,31]
[129,35]
[159,32]
[12,58]
[-113,1]
[131,-16]
[53,14]
[-50,14]
[-172,-11]
[163,-38]
[-158,-86]
[-146,89]
[-63,28]
[-91,-36]
[59,-51]
[108,70]
[138,69]
[-117,83]
[132,63]
[93,-6]
[136,44]
[-91,70]
[-97,1]
[-95,40]
[-122,73]
[-114,63]
[16,56]
[-138,-70]
[50,-18]
[-29,-20]
[-64,74]
[-20,-18]
[-143,-82]
[142,-84]
[7,85]
[23,-7]
[171,-49]
[-18,70]
[7,24]
[-179,-74]
[39,-31]
[-66,-64]
[123,-21]
[153,-64]
[4,-43]
[-56,39]
[172,18]
[92,67]
[-164,-50]
[38,1]
[152,74]
[-75,-6]
[-8,-39]
[-16,60]
[14,7]
[-129,40]
[-164,48]
[28,-68]
[32,-34]
[45,-13]
[107,-42]
[-18,-53]
[-10,-8]
[74,-83]
[-90,14]
[135,-2]
[-75,81]
[15,33]
[16,-42]
[88,-7]
[-159,78]
[-46,67]
[34,77]
[-92,-49]
[-37,45]
[-68,-44]
[143,-69]
[-141,-5]
[-11,18]
[173,64]
[14,6]
[66,20]
[41,-49]
[68,-16]
[68,-74]
[142,-61]
[4,68]
[-109,57]
[-162,-18]
[-141,21]
[-86,-68]
[-3,-27]
[-2,28]
[-39,39]
[-5,51]
[-144,12]
[-32,-31]
[88,89]
[-151,68]
[25,73]
[152,31]
[129,-87]
[21,5]
[-134,7]
[-42,-0]
[60,-54]
[86,26]
[58,-48]
[41,-37]
[177,-82]
[-151,22]
[-103,14]
[174,37]
[-144,1]
[-139,0]
[-159,-52]
[43,-24]
[-10,9]
[-51,-75]
[-19,79]
[160,70]
[55,-40]
[-86,-17]
[-34,45]
[-62,-66]
[-118,-48]
[77,-1]
[3,-39]
[-82,42]
[-15,82]
[16,-89]
[167,42]
[-96,-42]
[18,-42]
[-5,86]
[42,83]
[-176,62]
[-176,44]
[61,32]
[159,20]
[-89,43]
[26,59]
[65,-59]
[74,68]
[143,-88]
[-147,-0]
[178,-75]
[151,79]
[-62,69]
[-5,78]
[35,-10]
[38,-39]
[-57,-58]
[-80,-86]
[167,44]
[93,7]
[133,33]
[10,51]
[-82,34]
[-120,-2]
[-8,-3]
[165,-8]
[-79,8]
[76,52]
[58,12]
[45,19]
[163,73]
[-145,74]
[-122,-50]
[-29,-23]
[-10,-65]
[-134,20]
[47,85]
[93,-86]
[91,89]
[-87,14]
[-69,-88]
[-23,80]
[135,-51]
[165,37]
[-120,57]
[86,45]
[-60,79]
[122,-28]
[-115,71]
[-75,79]
[98,5]
[-45,-78]
[0,39]
[37,83]
[-38,40]
[-104,74]
[-121,-58]
[164,81]
[-176,-55]
[-62,53]
[-155,-51]
[-97,-66]
[83,-35]
[59,-61]
[93,79]
[-110,-20]
[-144,-71]
[-40,-22]
[-50,13]
[-108,40]
[-104,58]
[-74,74]
[-40,-17]
[-177,-45]
[-58,-56]
[-117,-87]
[132,-56]
[-126,-16]
[27,60]
[61,40]
[149,45]
[132,52]
[-100,87]
[24,-51]
[90,-17]
[91,59]
[-148,73]
[122,43]
[73,-61]
[-161,56]
[168,81]
[-34,48]
[177,30]
[-159,-73]
[-122,6]
[28,75]
[-81,-18]
[114,24]
[7,-23]
[-76,-74]
[-19,89]
[156,-61]
[-68,38]
[1,-30]
[-158,-81]
[44,52]
[-5,-68]
[18,63]
[-54,-21]
[-25,-28]
[135,6]
[-165,64]
[26,-38]
[-3,-47]
[52,-0]
[-151,4]
[73,9]
[113,0]
[-105,-56]
[-132,44]
[-19,-9]
[86,-32]
[121,12]
[-23,47]
[-26,-3]
[172,-63]
[-48,-12]
[-56,-6]
[-79,78]
[-18,-66]
[85,2]
[149,34]
[135,25]
[151,0]
[-101,23]
[-105,-53]
[-152,-74]
[-106,-75]
[89,-5]
[41,-20]
[74,5]
[-75,-72]
[92,58]
[0,-56]
[-109,35]
[26,6]
[56,62]
[-161,62]
[-129,11]
[-78,-32]
[-177,-2]
[-178,68]
[178,76]
[-169,-62]
[71,-85]
[-142,-49]
[73,-12]
[157,66]
[16,-78]
[172,-0]
[-2,18]
[-0,67]
[-37,-4]
[159,-87]
[78,-65]
[114,76]
[117,24]
[-125,-68]
[-124,29]
[-19,9]
[-116,-21]
[-137,15]
[-144,5]
[-161,41]
[125,-66]
[-179,20]
[26,-17]
[30,78]
[83,-23]
[152,-61]
[45,86]
[96,-19]
[-137,-4]
[-83,-21]
[-111,50]
[-37,62]
[26,67]
[104,19]
[94,71]
[124,-57]
[52,-28]
[25,40]
[10,57]
[62,33]
[57,3]
[-175,-17]
[-130,-0]
[138,-44]
[43,35]
[36,-88]
[0,59]
[141,15]
[167,66]
[122,36]
[122,49]
[-174,-27]
[-158,-73]
[93,-0]
[13,5]
[2,-22]
[174,68]
[25,72]
[95,-42]
[-104,67]
[-142,-45]
[112,-57]
[-104,0]
[152,-87]
[40,-62]
[63,-37]
[113,54]
[-161,15]
[42,70]
[32,75]
[118,29]
[179,23]
[40,-55]
[127,5]
[-12,72]
[32,-52]
[-40,6]
[61,19]
[-84,-61]
[-95,-11]
[42,-27]
[-53,-66]
[101,-41]
[-135,-32]
[-171,-46]
[-63,-32]
[80,-56]
[-154,28]
[128,-41]
[3,87]
[85,-26]
[-103,22]
[-47,-82]
[29,-53]
[91,-35]
[-110,79]
[-57,-31]
[28,73]
[-82,-22]
[-40,-77]
[37,-3]
[-55,-2]
[-20,-76]
[-54,78]
[-128,41]
[141,57]
[-21,68]
[23,72]
[67,48]
[-26,7]
[-49,7]
[158,12]
[-30,20]
[-39,11]
[-78,57]
[-46,66]
[18,49]
[-44,-6]
[-14,-60]
[-2,-40]
[-66,81]
[-46,83]
[-87,43]
[90,6]
[-69,-12]
[174,64]
[-15,22]
[-90,-70]
[16,43]
[5,-5]
[77,-47]
[-123,-25]
[37,44]
[-118,-60]
[79,79]
[-27,61]
[-2,33]
[-179,-58]
[-54,-40]
[-153,-40]
[-129,-14]
[-120,53]
[-3,-54]
[-120,-87]
[-36,15]
[64,-3]
[33,-13]
[-143,77]
[-128,25]
[-17,42]
[-127,50]
[-173,-25]
[61,-35]
[-127,-57]
[130,-54]
[116,-79]
[-1,-8]
[53,-8]
[160,37]
[-12,-49]
[95,2]
[63,-7]
[69,-69]
[44,68]
[7,60]
[-50,57]
[106,-73]
[0,65]
[26,-30]
[-102,-5]
[12,51]
[93,75]
[158,-68]
[-3,-47]
[-104,58]
[102,54]
[137,-84]
[-120,-30]
[164,66]
[-10,3]
[114,73]
[4,72]
[118,29]
[-33,-63]
[-8,-1]
[-112,-38]
[-127,-55]
[-22,-61]
[65,-50]
[33,71]
[-15,-57]
[24,30]
[139,-82]
[156,45]
[10,-23]
[-83,-35]
[164,-1]
[-0,-57]
[36,49]
[102,30]
[-124,-80]
[-177,-69]
[-87,59]
[149,67]
[-169,74]
[-60,6]
[28,7]
[73,45]
[-175,-26]
[-162,31]
[12,32]
[83,10]
[-141,-49]
[143,59]
[-117,-63]
[13,68]
[165,48]
[74,-27]
[108,81]
[-33,-58]
[-79,73]
[136,20]
[-112,-77]
[34,-67]
[5,23]
[66,-48]
[133,-4]
[-179,-48]
[-66,-9]
[175,31]
[-102,-73]
[69,-24]
[-144,-21]
[169,-34]
[173,-6]
[48,-20]
[157,-43]
[-114,10]
[-118,-21]
[127,8]
[-123,79]
[-176,35]
[-68,43]
[-103,44]
[113,-2]
[-154,-33]
[-114,-15]
[41,60]
[151,61]
[179,-30]
[-108,-45]
[-81,-29]
[-132,-48]
[69,-72]
[101,-67]
[116,-68]
[41,29]
[-149,18]
[-102,-54]
[-113,-25]
[-8,-81]
[178,1]
[126,-41]
[35,48]
[-114,-76]
[-53,80]
[122,-29]
[90,-48]
[156,-61]
[96,41]
[-90,-4]
[-83,-44]
[34,11]
[24,-86]
[39,39]
[-84,86]
[-47,39]
[111,20]
[79,-47]
[-173,-38]
[135,-53]
[-15,-78]
[-134,80]
[-86,84]
[83,74]
[38,-28]
[36,-5]
[-150,29]
[-107,74]
[-155,-14]
[-118,-79]
[106,6]
[81,-46]
[98,-12]
[-113,80]
[-93,-62]
[-21,-5]
[78,25]
[156,66]
[-1,9]
[-56,60]
[56,-37]
[111,-15]
[106,52]
[-13,-51]
[61,22]
[165,-43]
[-70,7]
[-47,-55]
[-122,-67]
[4,56]
[-134,51]
[2,-88]
[-100,-58]
[-44,-17]
[-117,-56]
[-132,8]
[101,78]
[-147,-16]
[131,-31]
[82,11]
[-128,40]
[43,-52]
[58,-33]
[-143,-66]
[151,39]
[23,60]
[-43,-1]
[-132,-46]
[99,85]
[-73,-31]
[-158,68]
[113,-49]
[-89,-16]
[-139,-76]
[-41,-72]
[146,36]
[-162,-20]
[174,-76]
[-171,6]
[79,89]
[-24,-59]
[126,87]
[-146,-42]
[167,23]
[86,-18]
[91,62]
[-162,-35]
[-73,-23]
[161,14]
[-48,-38]
[59,43]
[7,-50]
[-86,-23]
[121,61]
[10,-87]
[65,-62]
[-43,49]
[104,-81]
[-46,74]
[167,-26]
[-86,10]
[-175,23]
[141,42]
[49,-8]
[-121,-59]
[-178,-70]
[85,63]
[-131,55]
[-51,16]
[108,-89]
[-101,-83]
[-165,3]
[144,65]
[86,17]
[48,33]
[133,88]
[-33,50]
[-81,38]
[-48,89]
[-138,-8]
[-154,-20]
[-22,-47]
[27,49]
[152,-56]
[72,-34]
[49,-88]
[158,-87]
[-68,10]
[-46,-2]
[-43,9]
[160,89]
[38,57]
[153,49]
[151,75]
[-19,11]
[133,-41]
[142,-49]
[94,86]
[88,-76]
[157,-27]
[-106,52]
[-89,50]
[-26,-81]
[-122,-58]
[119,-89]
[106,51]
[21,80]
[-0,-68]
[-81,-21]
[-95,88]
[12,-75]
[72,83]
[-147,88]
[-49,-60]
[100,-83]
[56,64]
[-138,82]
[-32,8]
[93,80]
[69,-65]
[-165,79]
[52,-6]
[73,33]
[-15,31]
[45,-0]
[5,-24]
[-160,-57]
[-114,25]
[-168,1]
[-17,55]
[-139,-65]
[34,-64]
[155,79]
[72,-71]
[33,-50]
[14,-79]
[-121,-47]
[-48,-32]
[-168,59]
[73,-10]
[64,71]
[-92,-60]
[31,-84]
[-9,-66]
[-7,-69]
[-169,32]
[62,-54]
[-154,49]
[-22,-26]
[164,-30]
[139,-23]
[101,20]
[10,-7]
[92,62]
[-30,77]
[-30,7]
[91,-69]
[48,71]
[42,81]
[103,-25]
[36,-25]
[97,-5]
[66,65]
[-149,44]
[-168,-50]
[104,38]
[136,27]
[115,31]
[-11,72]
[-97,22]
[161,73]
[-129,-18]
[38,-71]
[-126,-17]
[-86,61]
[129,-12]
[79,76]
[144,-41]
[-50,27]
[37,-7]
[-85,72]
[-127,-18]
[-48,3]
[-13,-55]
[-125,80]
[108,-33]
[54,69]
[12,-82]
[-124,36]
[-0,-10]
[62,45]
[105,-45]
[152,4]
[176,32]
[163,84]
[96,4]
[-105,60]
[-145,-43]
[-55,-47]
[-81,84]
[93,88]
[-34,61]
[-130,-82]
[-130,86]
[-140,-65]
[-103,-45]
[-177,59]
[136,-19]
[-65,35]
[-53,-71]
[-134,33]
[42,47]
[-20,5]
[117,56]
[-143,-23]
[17,-26]
[-169,-52]
[42,64]
[-54,1]
[164,76]
[-86,41]
[-31,12]
[169,-11]
[-0,34]
[-169,8]
[18,28]
[26,68]
[-92,43]
[169,-71]
[126,-34]
[-147,-39]
[-101,-49]
[-130,16]
[47,89]
[14,39]
[-102,-5]
[-27,-77]
[-86,-45]
[86,-61]
[-56,31]
[16,-47]
[-132,58]
[-33,-86]
[134,83]
[120,46]
[-176,17]
[-160,16]
[166,0]
[-24,-68]
[94,-88]
[95,18]
[-131,-49]
[-110,-75]
[-35,-25]
[150,-24]
[71,-4]
[68,-76]
[-61,-0]
[39,-85]
[-78,-19]
[-11,-28]
[-159,-39]
[56,24]
[-145,75]
[147,42]
[-136,-31]
[34,46]
[57,81]
[53,-22]
[-6,15]
[-10,49]
[63,84]
[163,-17]
[179,0]
[56,16]
[-84,-55]
[-122,44]
[123,-78]
[134,60]
[68,45]
[82,-73]
[134,-29]
[43,9]
[-76,-55]
[66,-39]
[-117,-31]
[-41,-62]
[-85,-52]
[108,24]
[-85,32]
[26,-28]
[-168,-70]
[127,8]
[122,-40]
[-94,-29]
[120,47]
[21,20]
[54,-82]
[16,40]
[-91,56]
[-141,-88]
[-86,67]
[-106,84]
[32,76]
[-49,-83]
[3,16]
[-64,-3]
[175,-69]
[-179,52]
[-81,-0]
[-45,54]
[61,-63]
[97,3]
[11,54]
[-94,3]
[109,25]
[-162,-43]
[0,-40]
[37,24]
[37,59]
[93,44]
[-105,85]
[-130,73]
[12,48]
[110,18]
[32,83]
[14,20]
[9,38]
[-52,84]
[-177,64]
[16,-45]
[-54,-41]
[-130,-78]
[99,-78]
[162,51]
[53,-15]
[-99,-39]
[-138,-64]
[29,84]
[-105,-65]
[-117,25]
[172,38]
[53,5]
[100,-84]
[-48,46]
[-5,42]
[-121,-37]
[71,-38]
[179,10]
[135,70]
[-65,-1]
[135,-46]
[112,26]
[-3,30]
[-172,18]
[3,12]
[133,45]
[-144,-29]
[117,-85]
[112,21]
[136,46]
[139,-55]
[17,-16]
[-15,-38]
[-49,45]
[-49,-88]
[-75,-78]
[-69,50]
[59,35]
[-50,-61]
[9,33]
[-150,82]
[-162,16]
[59,-37]
[59,49]
[158,48]
[-4,-30]
[22,86]
[-174,-41]
[54,60]
[-30,37]
[-39,-17]
[-39,-31]
[-72,47]
[110,34]
[83,-68]
[-17,-20]
[14,-32]
[165,72]
[62,-33]
[13,37]
[-24,-83]
[-156,69]
[146,-67]
[-173,-22]
[-62,-12]
[-4,-80]
[32,87]
[-104,52]
[155,-88]
[-134,-44]
[30,-77]
[140,-86]
[148,-2]
[71,-23]
[46,-54]
[14,38]
[24,-14]
[20,28]
[-21,-6]
[97,72]
[43,-66]
[-30,-83]
[-122,10]
[17,-42]
[-64,64]
[122,-53]
[63,-64]
[-56,-25]
[16,-57]
[27,-39]
[-176,-44]
[163,0]
[-96,50]
[40,86]
[149,3]
[-52,-44]
[36,-74]
[-95,38]
[148,3]
[-33,69]
[54,-64]
[33,32]
[-59,-9]
[-160,1]
[143,82]
[-150,59]
[-77,-29]
[78,27]
[-140,31]
[-81,31]
[-157,22]
[19,-52]
[82,70]
[27,-31]
[-46,-39]
[-108,78]
[168,2]
[10,45]
[47,70]
[-148,-75]
[100,43]
[83,-69]
[-113,2]
[162,-14]
[-81,60]
[-23,-61]
[-162,-40]
[-32,84]
[3,75]
[-134,8]
[-103,-41]
[76,58]
[82,-19]
[56,72]
[-66,69]
[-124,-63]
[-29,89]
[67,80]
[-87,60]
[-167,19]
[151,-64]
[-145,9]
[-147,-72]
[-13,13]
[126,89]
[56,-61]
[111,64]
[-119,75]
[95,-9]
[-51,-80]
[-146,56]
[7,10]
[105,-60]
[118,-71]
[-172,60]
[-67,14]
[-111,79]
[176,45]
[-64,44]
[-12,-59]
[63,-4]
[-157,52]
[-23,88]
[145,46]
[22,-82]
[127,-81]
[144,20]
[-118,19]
[-97,-24]
[25,87]
[115,6]
[-124,-54]
[-110,-32]
[91,2]
[-168,71]
[-123,34]
[-116,73]
[99,54]
[30,35]
[165,68]
[11,53]
[51,68]
[-99,33]
[54,75]
[-19,13]
[-172,-37]
[157,0]
[125,61]
[137,-52]
[179,-61]
[65,-34]
[-69,55]
[81,-81]
[-61,51]
[145,-55]
[126,60]
[-87,34]
[131,-49]
[143,-87]
[-168,-34]
[14,-36]
[-33,-73]
[176,53]
[167,68]
[-109,31]
[44,86]
[-3,-70]
[-137,-22]
[-30,-69]
[60,78]
[-101,77]
[154,-78]
[8,-12]
[31,-4]
[-166,-52]
[126,72]
[173,15]
[65,10]
[-92,-52]
[144,-55]
[-88,78]
[-12,-12]
[-2,27]
[-126,-86]
[92,-82]
[-128,48]
[-100,-70]
[-114,-65]
[178,-67]
[144,23]
[115,12]
[-123,65]
[98,-28]
[-80,-10]
[47,12]
[-145,30]
[-139,-83]
[76,58]
[129,-75]
[108,-62]
[-175,39]
[-128,-17]
[122,8]
[-55,69]
[137,38]
[82,-0]
[-160,33]
[-147,47]
[-56,37]
[1,-19]
[-171,22]
[-178,7]
[-164,9]
[-143,1]
[-93,-79]
[132,5]
[-101,21]
[-137,77]
[145,52]
[-16,0]
[-174,7]
[84,36]
[-76,69]
[72,-53]
[109,-56]
[135,82]
[133,-20]
[-156,26]
[-152,61]
[107,-4]
[170,-81]
[-58,43]
[83,-53]
[51,12]
[-54,21]
[127,-21]
[69,62]
[-73,51]
[-61,15]
[124,70]
[92,-75]
[173,36]
[-105,-5]
[92,52]
[-22,-3]
[-112,-54]
[84,-38]
[137,71]
[120,-58]
[30,51]
[-148,53]
[-87,-69]
[-74,-82]
[-142,-38]
[-59,-75]
[179,22]
[-4,-79]
[119,7]
[40,-44]
[-162,88]
[-62,74]
[-127,-77]
[41,-17]
[-27,-55]
[58,-15]
[58,-13]
[-104,8]
[178,-63]
[-170,53]
[-157,37]
[55,-74]
[-172,-81]
[159,-25]
[-72,9]
[43,-83]
[102,-59]
[55,-80]
[-156,36]
[153,52]
[-61,46]
[25,-63]
[49,60]
[14,51]
[-57,-19]
[-123,78]
[61,-12]
[158,-33]
[-18,56]
[-63,-56]
[72,-15]
[145,83]
[47,37]
[-39,-20]
[76,-23]
[-112,-14]
[126,4]
[-77,29]
[-127,-2]
[1,52]
[65,30]
[7,34]
[-152,-69]
[153,4]
[-76,88]
[-59,-15]
[-45,-70]
[128,-88]
[-172,63]
[159,7]
[174,-12]
[-0,59]
[-135,-7]
[63,78]
[-54,-43]
[42,-55]
[70,-63]
[145,-75]
[54,-3]
[146,-24]
[140,24]
[-45,60]
[-69,56]
[-75,-46]
[8,-66]
[-131,-41]
[107,61]
[65,64]
[-79,-17]
[10,61]
[-158,-69]
[48,20]
[-30,-31]
[-132,-20]
[74,79]
[-97,-14]
[94,-84]
[131,2]
[-2,21]
[168,12]
[167,79]
[178,-26]
[39,11]
[8,-28]
[-134,68]
[155,49]
[107,-64]
[-149,58]
[1,-70]
[-60,42]
[-178,-49]
[-36,-46]
[-2,87]
[-170,-38]
[-108,7]
[-26,-83]
[-42,67]
[46,24]
[-12,67]
[24,76]
[164,-11]
[-59,28]
[-7,59]
[161,14]
[-117,-17]
[58,-87]
[-59,31]
[11,10]
[133,-0]
[159,-52]
[-10,-25]
[-7,-49]
[128,3]
[29,58]
[-148,3]
[159,-44]
[-21,-64]
[166,-76]
[-160,69]
[118,68]
[12,25]
[46,-15]
[49,71]
[156,-34]
[-27,-7]
[143,44]
[4,39]
[69,-24]
[73,-2]
[-118,75]
[54,40]
[-176,-36]
[166,63]
[127,-11]
[49,54]
[-140,-52]
[29,-80]
[117,-45]
[103,29]
[-63,32]
[89,62]
[-147,-16]
[172,85]
[115,66]
[-5,-16]
[-59,29]
[-103,61]
[86,-58]
[176,18]
[-109,78]
[133,-31]
[-104,1]
[86,71]
[79,39]
[-35,2]
[166,67]
[-21,82]
[70,55]
[-59,-69]
[174,-13]
[156,-21]
[-114,45]
[-46,-21]
[60,6]
[64,-39]
[6,25]
[171,59]
[-162,-67]
[-21,65]
[-138,-79]
[-58,-81]
[-135,0]
[-164,-25]
[-163,-38]
[-80,31]
[152,8]
[55,-24]
[118,7]
[-1,-50]
[-30,-54]
[8,14]
[-8,85]
[-47,12]
[114,-80]
[165,8]
[-71,-47]
[169,-9]
[-144,78]
[11,14]
[81,78]
[-162,52]
[53,-29]
[-168,-68]
[-132,-3]
[112,59]
[-107,0]
[61,51]
[41,-5]
[72,9]
[177,30]
[-26,-37]
[-120,86]
[-152,-47]
[153,-4]
[-120,58]
[-108,-60]
[-34,64]
[-67,12]
[-60,-28]
[39,-6]
[149,-44]
[-171,-25]
[-27,17]
[41,79]
[-136,-13]
[-51,73]
[33,50]
[33,-57]
[141,45]
[51,77]
[176,-65]
[152,43]
[-20,-69]
[-173,29]
[175,66]
[-14,29]
[11,51]
[-88,85]
[-133,-27]
[42,10]
[81,89]
[23,10]
[166,47]
[-161,-3]
[-138,32]
[-48,-2]
[-135,20]
[126,2]
[75,16]
[-46,50]
[-172,-39]
[-133,-88]
[56,-1]
[-172,-27]
[-40,75]
[171,-55]
[-124,86]
[-166,56]
[-81,80]
[178,29]
[-26,-37]
[107,-0]
[179,-37]
[-30,-5]
[0,-75]
[93,13]
[-114,61]
[107,-61]
[52,47]
[-162,-66]
[11,-29]
[-111,10]
[14,-17]
[116,48]
[-148,-74]
[81,34]
[-46,-21]
[-24,-42]
[-145,53]
[-143,-17]
[56,-7]
[67,69]
[125,-50]
