2837000
2291000
3621000
3978000
2808000
3013000
3529000
685000
1406000
780000
1365000
1758000
1440000
2692000
2114000
2887000
392000
3726000
2913000
3048000
2890000
2983000
2875000
1033000
3358000
2001000
3305000
405000
1405000
1932000
92000
503000
3384000
1958000
2847000
2115000
672000
3268000
2709000
3870000
1905000
110000
1728000
2828000
1365000
2625000
136000
2547000
2562000
101000
435000
1918000
92000
1256000
1974000
3261000
1237000
1461000
3512000
1893000
885000
3930000
1773000
3038000
1396000
2755000
120000
645000
3992000
2164000
646000
1059000
215000
2637000
1279000
3951000
1854000
1615000
2835000
1074000
291000
775000
1813000
343000
2484000
2803000
2674000
3038000
2989000
1878000
562000
762000
2303000
2516000
3426000
2074000
2741000
1974000
1790000
1011000
1983000
891000
1221000
481000
1007000
1709000
1474000
1254000
173000
1266000
1009000
2909000
3688000
887000
16000
1157000
2887000
769000
1955000
272000
32000
980000
655000
3185000
1684000
3008000
1421000
1547000
399000
3931000
1711000
2982000
2153000
2834000
618000
789000
3041000
842000
2514000
2698000
3484000
1498000
382000
2339000
1879000
2696000
2152000
555000
2238000
2234000
3853000
692000
2734000
1579000
364000
3283000
1970000
1558000
3858000
2577000
683000
3328000
508000
2433000
1495000
142000
759000
748000
2924000
3212000
14000
3929000
965000
1040000
3313000
133000
911000
1340000
259000
3397000
1132000
292000
1788000
2877000
1278000
720000
403000
546000
121000
196000
986000
296000
3324000
3889000
1869000
306000
3380000
2566000
1996000
2234000
2454000
1141000
2762000
1899000
892000
3326000
2415000
1102000
1664000
2888000
1088000
3780000
641000
1831000
2588000
536000
2577000
934000
1820000
2760000
1249000
1914000
3955000
3841000
2908000
538000
505000
3087000
3599000
3427000
1010000
2019000
2874000
321000
3253000
93000
560000
1335000
3517000
3336000
3769000
569000
623000
210000
3813000
2891000
914000
1958000
1174000
1416000
1018000
400000
988000
3596000
2238000
733000
3874000
590000
847000
61000
1117000
3539000
2320000
366000
279000
1390000
3285000
3061000
355000
2838000
957000
1650000
424000
1445000
2238000
90000
465000
482000
3371000
2372000
228000
1062000
1187000
3942000
1642000
2407000
2358000
2793000
649000
2008000
2138000
2037000
1226000
1999000
287000
376000
3273000
1365000
1678000
2988000
907000
1280000
264000
2307000
2766000
589000
1100000
1440000
3626000
2247000
1583000
2882000
418000
2991000
2919000
744000
3693000
397000
3101000
249000
3557000
1839000
2538000
3377000
2798000
3636000
1658000
3500000
459000
3553000
2453000
868000
849000
826000
1616000
1144000
3113000
485000
1451000
795000
3975000
3756000
1154000
2105000
823000
288000
1153000
834000
1631000
677000
3501000
3105000
2409000
137000
2483000
3989000
3444000
3968000
853000
1149000
1801000
1536000
310000
3841000
13000
3889000
2595000
452000
2452000
590000
652000
621000
3846000
1302000
289000
65000
2759000
2758000
3787000
3265000
886000
3623000
1017000
2143000
1522000
1388000
986000
415000
1691000
1935000
249000
3935000
3578000
1912000
2954000
3695000
3772000
1745000
1403000
3127000
395000
1676000
2494000
3021000
45000
2968000
1147000
2930000
657000
1302000
2526000
2960000
2519000
603000
1125000
2712000
3372000
1731000
3427000
2922000
2431000
3420000
2603000
952000
2819000
2085000
2926000
1638000
2178000
601000
317000
2070000
2893000
1651000
263000
119000
3067000
438000
3379000
214000
1365000
1207000
430000
806000
3753000
1457000
1370000
2090000
3199000
3295000
3412000
793000
3840000
245000
1083000
3954000
3678000
1835000
1720000
384000
1856000
3388000
3846000
3560000
53000
3217000
147000
2288000
237000
1986000
620000
3540000
2810000
2267000
2982000
3404000
1484000
1489000
3357000
2008000
2868000
505000
2165000
995000
1577000
126000
3696000
846000
3038000
2865000
2851000
3671000
3849000
643000
711000
2512000
617000
3035000
3290000
811000
1601000
610000
1663000
275000
9000
2057000
1970000
867000
856000
2257000
115000
2044000
735000
3495000
2684000
1478000
93000
114000
1776000
2210000
765000
1762000
2645000
2532000
783000
979000
2102000
2222000
3268000
614000
61000
2338000
3949000
2751000
425000
2480000
3619000
3531000
45000
2502000
2044000
791000
1243000
1166000
1206000
1724000
1570000
1061000
3144000
445000
2823000
719000
632000
1727000
2695000
3030000
1067000
967000
582000
3319000
1873000
2572000
3343000
3354000
245000
1362000
3723000
934000
2609000
2551000
1673000
2486000
956000
2257000
679000
2506000
2921000
554000
781000
1559000
957000
1664000
3657000
3602000
1995000
1584000
2679000
2984000
891000
1352000
1469000
2672000
3285000
3390000
1038000
3083000
2000
2811000
625000
2162000
3349000
530000
833000
3702000
889000
1470000
3423000
686000
2336000
1214000
2913000
1617000
1033000
2705000
1627000
3424000
1076000
2504000
3279000
1403000
657000
57000
758000
3618000
3957000
412000
3641000
84000
51000
2917000
1277000
3293000
3022000
2771000
1282000
2367000
1800000
1548000
2879000
3056000
2852000
1840000
681000
2239000
2128000
2488000
671000
2431000
2293000
216000
2947000
1398000
151000
2729000
3582000
998000
1178000
647000
3604000
716000
2616000
3506000
3407000
2850000
711000
2444000
1764000
1723000
2350000
3020000
3080000
91000
2309000
2564000
325000
3406000
3631000
2016000
1081000
1074000
1750000
2196000
3611000
3679000
1211000
2591000
119000
32000
2461000
2580000
798000
788000
1525000
3277000
632000
1398000
2805000
188000
1058000
2364000
1415000
833000
2057000
605000
624000
2151000
3446000
316000
2088000
1137000
130000
2049000
2477000
2518000
3031000
34000
745000
947000
136000
176000
2338000
3921000
344000
3330000
3683000
1144000
3540000
3439000
133000
1432000
3437000
731000
3213000
2323000
2228000
2793000
750000
2312000
3547000
776000
1227000
2371000
2113000
1298000
2837000
3510000
2945000
1783000
767000
3049000
1565000
1681000
3806000
1847000
400000
2127000
3771000
1909000
3715000
2636000
2219000
1829000
2953000
2782000
561000
2722000
611000
1733000
583000
2408000
3666000
1140000
1471000
2320000
2960000
1909000
1506000
1806000
2023000
3847000
1051000
3513000
3030000
3455000
687000
854000
1253000
538000
2982000
23000
3296000
481000
1235000
2289000
2890000
1921000
138000
977000
959000
3214000
1400000
3613000
466000
2326000
2191000
2470000
2198000
960000
3627000
388000
83000
2718000
1151000
3366000
416000
643000
2501000
3077000
927000
3232000
2565000
1638000
2323000
1695000
1259000
2624000
751000
3363000
2792000
494000
2269000
3695000
2724000
1787000
1346000
1344000
150000
2489000
3856000
3591000
1563000
1950000
2445000
385000
2135000
3028000
1237000
1056000
388000
2491000
1553000
1312000
176000
1136000
2317000
3472000
2122000
1529000
1608000
1722000
3867000
3698000
1258000
3184000
1679000
3052000
3365000
2588000
1654000
829000
2402000
60000
493000
2896000
1388000
419000
572000
2610000
2923000
590000
3217000
3303000
2743000
113000
553000
272000
1698000
3458000
1357000
803000
2240000
3244000
1344000
1105000
2285000
1614000
839000
1745000
739000
1041000
353000
946000
2982000
3289000
3952000
1709000
1466000
155000
3850000
1293000
1303000
2933000
2453000
2348000
319000
1557000
2398000
69000
1395000
284000
3305000
2275000
2935000
1512000
2938000
3438000
1567000
2367000
593000
1915000
766000
2885000
2843000
1869000
2284000
1874000
2641000
2563000
3011000
781000
3355000
723000
3525000
2805000
351000
1194000
573000
3052000
3401000
748000
3999000
2015000
3413000
1696000
1573000
3925000
1957000
2962000
2645000
400000
3557000
1709000
2539000
945000
1519000
3073000
3404000
777000
3162000
3086000
2667000
1250000
457000
753000
1986000
431000
3970000
470000
3259000
2146000
1000000
3861000
3004000
2319000
392000
839000
1047000
3462000
3711000
780000
3581000
2198000
565000
2300000
2538000
3988000
1335000
643000
336000
3135000
2206000
3875000
1577000
648000
3194000
751000
266000
3165000
1365000
2854000
2097000
2440000
370000
3383000
1268000
3406000
1239000
62000
1054000
1820000
354000
3370000
1537000
2469000
3299000
3678000
3914000
2835000
896000
388000
805000
3998000
1810000
1631000
2598000
793000
1740000
1785000
2200000
598000
2522000
551000
3448000
2310000
2813000
2924000
1852000
105000
986000
1038000
1823000
3717000
125000
714000
974000
1709000
825000
2091000
1792000
1452000
144000
749000
2139000
3437000
3459000
218000
1110000
938000
68000
2865000
2735000
1300000
131000
2134000
1672000
2150000
2820000
2295000
2040000
1578000
2028000
3565000
2115000
2070000
2899000
166000
3840000
2490000
383000
2825000
1336000
295000
1195000
89000
3842000
1769000
436000
1974000
981000
1249000
324000
2559000
1494000
1088000
1309000
1818000
536000
148000
730000
1608000
2270000
1721000
716000
2154000
2332000
2077000
990000
3558000
698000
3335000
1721000
886000
1442000
873000
3618000
3324000
3402000
2437000
3821000
3132000
3094000
514000
2779000
3945000
1101000
1600000
2334000
964000
508000
1416000
1729000
197000
917000
915000
3006000
312000
2367000
1705000
42000
1004000
1784000
2140000
3914000
1749000
2502000
1360000
268000
1011000
362000
26000
2171000
3720000
889000
2784000
1284000
3872000
2991000
989000
499000
3016000
3923000
795000
643000
2748000
3343000
3541000
2724000
2125000
448000
630000
290000
583000
3528000
2179000
303000
2115000
2828000
231000
1807000
1467000
720000
945000
160000
300000
877000
3737000
2474000
3791000
2971000
59000
2349000
1268000
77000
3218000
1653000
767000
3173000
3858000
209000
2089000
2877000
2516000
3091000
3774000
2438000
3396000
366000
736000
248000
2970000
3500000
3461000
1541000
2637000
1099000
3281000
3841000
1794000
1780000
383000
780000
3036000
2659000
952000
3143000
93000
3701000
1734000
3747000
815000
2330000
965000
1091000
2562000
384000
2609000
1599000
2646000
261000
2215000
3087000
589000
1311000
2218000
1521000
3172000
3788000
513000
3453000
1827000
3743000
1194000
2163000
2604000
209000
2041000
91000
441000
2605000
1960000
2571000
3901000
1475000
2388000
2533000
3613000
833000
2524000
3670000
3379000
1282000
315000
3606000
3349000
1708000
3986000
1763000
445000
1955000
3983000
1135000
444000
3401000
1429000
2754000
3818000
868000
727000
2120000
1475000
1307000
2207000
1437000
1727000
1951000
296000
719000
3241000
3451000
1299000
1755000
1049000
2048000
2636000
1172000
3974000
3114000
3012000
2062000
1661000
93000
2035000
3555000
2535000
179000
3400000
487000
1474000
1328000
102000
1802000
1858000
3640000
2755000
442000
1930000
2246000
3890000
1269000
946000
2393000
2599000
570000
3985000
36000
3480000
1686000
1602000
2008000
1352000
3064000
2597000
3899000
3064000
2265000
2226000
328000
788000
2971000
209000
3042000
3444000
757000
1704000
2657000
1231000
517000
3207000
424000
304000
2885000
2778000
601000
2768000
2637000
628000
3579000
3984000
3126000
3938000
2488000
592000
359000
1395000
2745000
3110000
1268000
2425000
3423000
1882000
3599000
623000
3741000
1552000
1091000
839000
69000
600000
1887000
1040000
2055000
1254000
3812000
3101000
1976000
2829000
2880000
2527000
3699000
2036000
648000
1047000
1231000
1110000
3466000
1254000
3306000
3590000
997000
3292000
2220000
1303000
2358000
3310000
1945000
158000
2837000
2308000
2859000
1257000
1810000
1126000
2860000
695000
2865000
3910000
513000
3946000
3072000
123000
2157000
264000
174000
1511000
10000
476000
1015000
655000
1277000
3928000
3932000
2594000
1824000
1048000
1068000
3024000
3125000
3037000
133000
2836000
789000
527000
564000
1737000
1925000
944000
2065000
3800000
2357000
1231000
189000
3608000
1009000
3291000
3682000
619000
2662000
3588000
3153000
746000
2145000
3717000
1027000
2798000
714000
939000
2516000
2274000
3617000
3490000
3378000
504000
673000
1688000
2849000
1214000
2104000
3272000
3970000
1397000
1731000
1391000
1113000
3380000
2929000
266000
926000
542000
116000
1620000
1574000
1411000
3828000
1023000
1666000
3743000
933000
83000
3859000
1197000
2873000
1987000
10000
2961000
2406000
3748000
2377000
2914000
912000
2424000
2706000
1376000
2611000
2680000
1649000
2350000
3518000
1173000
1068000
1388000
2100000
1591000
2568000
1193000
2979000
2550000
1973000
2074000
1647000
3477000
3263000
738000
2848000
2644000
966000
3418000
431000
1034000
1088000
2850000
3263000
3901000
2572000
3466000
2912000
1827000
2537000
1021000
2000
3276000
3577000
2984000
2814000
1626000
2890000
832000
1772000
1910000
1073000
345000
2941000
1047000
3941000
3503000
118000
1415000
2684000
1575000
3675000
2498000
738000
3685000
44000
425000
1175000
1411000
3809000
3561000
3148000
2078000
72000
2698000
1182000
3214000
708000
1945000
3126000
1135000
3298000
1716000
705000
3903000
3403000
2381000
1235000
546000
702000
1628000
3442000
3979000
3500000
1532000
2926000
1989000
88000
2351000
2846000
1053000
1114000
1642000
210000
3799000
1336000
5000
3945000
2765000
567000
3275000
902000
3704000
756000
2153000
2902000
3385000
277000
1886000
2014000
3076000
1803000
3195000
490000
2674000
3012000
1711000
1323000
2338000
2752000
134000
782000
1155000
352000
110000
1129000
1772000
666000
2131000
436000
1977000
3060000
893000
589000
1415000
3888000
3200000
217000
559000
1605000
324000
188000
3503000
3768000
2977000
3365000
3095000
632000
2266000
121000
240000
1610000
2992000
2338000
800000
2036000
2485000
2360000
3778000
2260000
1344000
3061000
661000
1942000
736000
262000
1237000
3559000
221000
2161000
3436000
297000
2789000
2862000
1866000
3522000
417000
3982000
1944000
2814000
1443000
2212000
651000
1820000
579000
1186000
2402000
3231000
1413000
3572000
1821000
2008000
1488000
3319000
3261000
273000
1585000
1887000
3556000
2916000
3475000
3715000
1555000
3434000
3331000
1844000
206000
1229000
2420000
3563000
3671000
213000
1212000
1702000
1738000
963000
269000
463000
939000
558000
3853000
3166000
855000
3373000
1874000
2085000
2408000
2860000
1636000
256000
1026000
2540000
3672000
3706000
2540000
1623000
2627000
905000
3406000
2473000
1786000
3252000
1131000
1507000
2891000
1572000
1717000
3718000
3736000
1816000
707000
195000
202000
496000
2882000
3119000
1477000
1446000
2350000
1287000
62000
1495000
3933000
1636000
3924000
1846000
838000
1570000
3309000
3257000
3138000
1854000
2535000
2316000
3840000
3333000
139000
2846000
1386000
2084000
3049000
298000
1827000
863000
2653000
3878000
2337000
234000
1084000
2113000
1632000
889000
1430000
3061000
3158000
2945000
3655000
1302000
1506000
2809000
3694000
3658000
1241000
3485000
1686000
619000
3586000
1034000
909000
1367000
1300000
403000
906000
1233000
2804000
3334000
2029000
1546000
1695000
3876000
2857000
3995000
700000
231000
2773000
2819000
2164000
673000
643000
1996000
465000
128000
209000
1011000
285000
1792000
408000
2499000
87000
859000
3538000
2326000
2203000
50000
3403000
732000
3869000
2885000
1665000
29000
3305000
1494000
2656000
14000
2262000
2979000
480000
3358000
1078000
51000
3531000
733000
3489000
2158000
3706000
1677000
1953000
3702000
1265000
1613000
1450000
3856000
3821000
2670000
3153000
14000
1344000
3713000
1049000
2098000
585000
2075000
432000
2309000
3541000
3215000
662000
1239000
3469000
3178000
47000
2878000
258000
1857000
2310000
1347000
3572000
3546000
580000
639000
831000
0
3303000
1853000
1543000
1976000
1209000
2925000
1542000
950000
0
1561000
1857000
2132000
1228000
3389000
987000
2941000
3971000
3692000
1201000
1313000
3767000
838000
3837000
1098000
1316000
1684000
1775000
160000
60000
882000
352000
413000
3609000
240000
1357000
2183000
1252000
2569000
396000
234000
1834000
2618000
3897000
1518000
999000
187000
1146000
685000
3507000
3873000
1156000
3003000
1719000
3223000
1668000
3841000
1282000
1518000
307000
2668000
407000
1755000
1953000
1430000
296000
3967000
2209000
2829000
2212000
2478000
382000
326000
813000
1665000
61000
3889000
355000
274000
1175000
3332000
1523000
1215000
3183000
1711000
1738000
739000
1321000
1450000
2847000
560000
1814000
1768000
3764000
2837000
3056000
1591000
3226000
3548000
838000
1325000
194000
1800000
151000
836000
3111000
2720000
2965000
3948000
392000
191000
265000
3653000
57000
2809000
3956000
1423000
1744000
2659000
2858000
288000
2060000
1179000
2770000
2797000
3846000
979000
1112000
2719000
92000
3456000
3182000
2552000
3391000
2000
1543000
1089000
2184000
2575000
2817000
878000
3058000
3692000
1690000
2222000
3196000
921000
3111000
2914000
3871000
2807000
517000
3239000
2000000
1672000
3201000
2097000
2282000
2527000
2188000
390000
3988000
1473000
3094000
1016000
3568000
302000
3289000
368000
846000
3827000
2545000
3065000
3481000
2587000
981000
2426000
3306000
526000
1478000
108000
49000
2078000
2856000
3250000
2273000
486000
674000
3248000
1690000
639000
1128000
2394000
2262000
1835000
1173000
547000
3942000
1243000
484000
3678000
72000
140000
1165000
3188000
3947000
3163000
2258000
3291000
3472000
2122000
639000
3790000
1149000
3685000
1271000
413000
3409000
3657000
504000
2144000
2183000
1782000
227000
3778000
2815000
612000
2645000
599000
2792000
2777000
2160000
3467000
3827000
3661000
2521000
3837000
2741000
1781000
3930000
1841000
2984000
706000
742000
529000
3283000
3260000
3059000
1845000
1594000
3838000
3540000
375000
2575000
3513000
638000
2591000
63000
351000
2319000
410000
421000
1489000
3540000
2398000
3350000
2628000
1312000
1664000
750000
1345000
273000
1030000
1952000
3359000
1934000
2903000
2149000
2029000
3577000
2960000
2498000
1078000
3542000
1122000
365000
1268000
2174000
1492000
1237000
2164000
2084000
2702000
3893000
893000
1923000
684000
2411000
2393000
160000
739000
1422000
2937000
3592000
2989000
3970000
2227000
3657000
346000
3448000
2131000
3388000
2417000
2685000
1052000
266000
2378000
1684000
2220000
1060000
2993000
638000
1742000
2796000
586000
214000
2907000
1331000
2844000
891000
1958000
2718000
195000
3893000
3490000
1358000
2069000
545000
3414000
2411000
72000
2636000
2697000
3903000
3893000
783000
3896000
3318000
913000
921000
2747000
891000
2730000
3811000
2833000
1868000
1621000
2141000
2628000
3986000
276000
1135000
850000
315000
1356000
3313000
3715000
1373000
1348000
1143000
2225000
2493000
3339000
3099000
1966000
2072000
2667000
2496000
104000
3936000
918000
1029000
1256000
3401000
2297000
1272000
2140000
1882000
3661000
3511000
2413000
3670000
3627000
304000
2320000
2554000
1829000
72000
315000
2314000
428000
751000
63000
1883000
3811000
3869000
922000
1607000
153000
3337000
1849000
88000
3860000
1887000
1536000
2685000
20000
543000
2041000
1582000
1248000
3366000
0
3666000
754000
421000
2372000
2813000
1196000
238000
477000
3075000
1787000
775000
3811000
1696000
3786000
3095000
913000
1160000
1890000
1300000
2686000
371000
2312000
2859000
3605000
526000
2846000
819000
485000
207000
671000
1392000
1547000
3066000
1295000
2179000
701000
960000
3076000
714000
1055000
589000
3163000
3588000
2189000
2310000
3564000
2027000
2727000
1328000
3969000
2192000
1707000
171000
1071000
3911000
1979000
659000
2269000
3957000
3185000
1796000
2702000
1467000
1167000
3621000
112000
764000
1402000
3717000
2877000
3468000
260000
2368000
3476000
2811000
2148000
26000
293000
2376000
3754000
1513000
3901000
909000
2819000
1060000
1252000
1970000
2209000
3620000
459000
2802000
963000
3388000
3026000
384000
126000
1359000
2071000
722000
125000
2243000
2100000
950000
1392000
3524000
2035000
287000
3122000
267000
3574000
2478000
1119000
2103000
3787000
454000
950000
329000
2598000
1902000
62000
3863000
3774000
1248000
1116000
982000
1926000
3547000
932000
417000
814000
3856000
1543000
3528000
1049000
3040000
919000
3892000
1109000
2790000
3459000
726000
1512000
3435000
2813000
1575000
1695000
1826000
2640000
347000
3941000
2162000
1657000
3426000
2794000
2792000
3715000
210000
3027000
2768000
2833000
3484000
2218000
1096000
534000
2821000
3395000
3332000
684000
2820000
3269000
2471000
3799000
1821000
2399000
144000
1715000
1047000
2544000
806000
604000
757000
535000
1860000
3492000
2408000
2604000
2787000
2151000
3711000
2118000
2234000
3550000
27000
3442000
910000
2419000
729000
948000
2240000
2458000
2373000
3137000
1861000
910000
286000
3803000
3406000
2312000
1225000
2817000
1080000
2436000
832000
3325000
868000
494000
827000
151000
3306000
2587000
1058000
3328000
2573000
503000
3358000
3787000
1339000
743000
3618000
2401000
1751000
175000
3996000
1900000
1641000
3461000
841000
3432000
1892000
789000
1363000
747000
2589000
2562000
2716000
3220000
177000
2835000
811000
2449000
3994000
983000
3247000
3058000
2638000
291000
7000
3706000
3918000
790000
3413000
3396000
3329000
3395000
621000
3335000
3033000
157000
2297000
87000
2061000
252000
1380000
2070000
2024000
1281000
1705000
2898000
1299000
2523000
3061000
2720000
2552000
244000
1030000
2924000
3018000
138000
2825000
503000
1355000
64000
2972000
221000
3597000
3512000
1894000
2378000
3162000
1230000
3976000
2873000
274000
3141000
1901000
3193000
131000
2967000
3744000
2321000
2979000
1156000
3051000
3141000
3518000
1215000
2395000
3584000
2811000
3505000
2499000
1502000
279000
2591000
990000
1555000
967000
3807000
749000
1167000
2289000
996000
1109000
1261000
3293000
661000
3682000
3079000
2723000
2769000
128000
2443000
611000
206000
3779000
36000
805000
2271000
224000
474000
2747000
2051000
364000
2565000
2772000
498000
3673000
2527000
1864000
2371000
2373000
797000
3607000
1990000
767000
2038000
808000
3165000
3869000
594000
3611000
118000
2403000
625000
1642000
1665000
2477000
2313000
1971000
1088000
1597000
777000
1376000
1438000
3166000
2904000
1518000
1797000
1025000
195000
3788000
455000
2968000
2219000
1877000
679000
232000
2009000
406000
1438000
1090000
705000
3869000
537000
1791000
1036000
381000
521000
514000
690000
1193000
2051000
3910000
2650000
2261000
3607000
3665000
286000
3320000
2252000
1818000
1924000
7000
2861000
2059000
2962000
2877000
213000
685000
2509000
3656000
2521000
2292000
198000
3618000
119000
1610000
3188000
908000
450000
870000
2470000
3173000
2831000
3366000
959000
161000
2445000
1382000
660000
2416000
3840000
2261000
3687000
3573000
3196000
927000
3210000
2397000
2967000
10000
3382000
2730000
500000
3751000
3810000
2106000
935000
3014000
1392000
2356000
986000
2076000
2430000
2578000
2419000
1753000
355000
3224000
3159000
1711000
1854000
1179000
41000
3961000
3659000
2175000
783000
2267000
806000
1252000
1778000
1780000
3377000
113000
3644000
2825000
128000
1567000
470000
382000
917000
609000
1544000
2818000
3211000
1420000
658000
498000
2269000
3321000
3582000
3895000
1656000
353000
414000
1825000
3459000
3632000
1834000
2837000
3249000
2271000
383000
3746000
2209000
3137000
3523000
3113000
2096000
1865000
2299000
361000
2342000
1088000
1512000
2001000
2331000
2705000
993000
932000
2247000
2596000
3341000
3684000
3163000
3122000
3940000
3040000
700000
2032000
3753000
908000
907000
2443000
1906000
2462000
2069000
3495000
3116000
258000
1600000
1113000
658000
1653000
2577000
852000
1159000
2539000
3124000
871000
1444000
1849000
2118000
605000
3597000
2848000
3521000
2699000
3207000
1525000
867000
1074000
2488000
672000
462000
2679000
3168000
1453000
620000
582000
2112000
3687000
1912000
3260000
216000
148000
2150000
2816000
1833000
2114000
1283000
1285000
2036000
2408000
3599000
113000
580000
3709000
306000
699000
2619000
1116000
1292000
1273000
1018000
1728000
3400000
1406000
2087000
3832000
2946000
2697000
1397000
2732000
289000
898000
52000
3451000
1190000
2563000
3835000
563000
1939000
2305000
2363000
3488000
3359000
382000
468000
1129000
2188000
2798000
537000
2649000
3476000
3859000
393000
3069000
3272000
499000
3789000
2354000
1624000
3094000
2501000
391000
3715000
1069000
1026000
1029000
3452000
590000
1358000
1486000
380000
3194000
2886000
1166000
2704000
1101000
1447000
2827000
1383000
36000
3354000
2032000
733000
3235000
2705000
2999000
252000
64000
3820000
1277000
2944000
1892000
3673000
251000
823000
3547000
2514000
3775000
1502000
896000
3245000
3130000
3694000
7000
1656000
3529000
627000
1088000
2385000
999000
3888000
554000
3459000
3319000
3775000
3992000
3591000
1342000
2689000
889000
1092000
1242000
167000
222000
3707000
2880000
347000
2477000
543000
247000
2638000
95000
2051000
1249000
3320000
3256000
402000
3301000
2028000
3781000
779000
546000
2650000
1766000
1375000
1156000
1203000
2280000
1633000
162000
484000
2724000
2735000
2943000
2371000
817000
50000
622000
91000
928000
3888000
3440000
2129000
1401000
1536000
1947000
2996000
2577000
3180000
2979000
733000
1060000
3938000
1439000
630000
346000
1796000
3991000
987000
2461000
2865000
45000
2454000
3267000
1847000
699000
2277000
3551000
1428000
344000
633000
1232000
1601000
3496000
51000
3865000
3891000
3805000
1096000
1258000
2628000
598000
2084000
3354000
270000
209000
1960000
579000
2025000
356000
880000
742000
2356000
2255000
297000
2903000
1413000
2923000
2769000
605000
3205000
717000
3948000
3549000
2077000
3069000
873000
736000
3307000
1298000
779000
1332000
167000
352000
1260000
2058000
1619000
1017000
3564000
507000
3976000
1118000
3824000
1055000
1234000
1452000
797000
2906000
3617000
760000
2476000
527000
3361000
3169000
385000
3183000
3555000
1175000
342000
3351000
1955000
3154000
225000
1742000
3241000
3604000
411000
2631000
3260000
85000
3133000
125000
1807000
861000
839000
702000
3541000
3862000
3115000
3141000
3447000
242000
2641000
1327000
2328000
479000
1333000
749000
2542000
2171000
1301000
1867000
3690000
1664000
2321000
3902000
595000
1342000
562000
812000
3785000
1158000
1015000
3830000
3249000
1863000
2066000
2188000
1793000
2845000
3346000
1209000
3761000
2189000
928000
163000
1910000
2761000
2160000
2781000
2307000
3839000
2974000
2854000
1312000
712000
1824000
741000
934000
3906000
582000
3863000
3524000
3754000
4000
407000
2909000
1534000
2022000
1518000
865000
3488000
2553000
1507000
2009000
2931000
647000
111000
2652000
2686000
256000
3367000
3265000
2226000
1170000
1034000
2473000
2710000
1815000
2346000
3974000
16000
2336000
1268000
1625000
3646000
335000
2496000
1577000
2948000
1806000
2403000
2433000
886000
1514000
421000
1892000
2561000
3877000
3458000
633000
647000
1623000
2315000
2761000
2978000
1169000
815000
1763000
807000
3540000
1528000
3132000
3847000
2672000
1994000
3792000
1923000
3211000
1241000
2912000
418000
1604000
2171000
1563000
2669000
3524000
287000
3906000
1252000
3640000
2411000
1393000
426000
1032000
773000
942000
3258000
1926000
2167000
3248000
2444000
3964000
431000
2679000
2117000
3064000
1023000
2224000
397000
1426000
3996000
741000
3053000
458000
1399000
1656000
939000
300000
3974000
2704000
2691000
2889000
2486000
3168000
2230000
334000
578000
505000
2080000
3046000
3157000
2067000
2446000
2693000
2289000
3764000
835000
1300000
3943000
92000
1968000
1387000
1070000
158000
3482000
3076000
2066000
3093000
2771000
2019000
3444000
3714000
2767000
2944000
3130000
1417000
929000
3759000
1934000
2976000
1442000
3346000
2097000
3649000
765000
1561000
2129000
3788000
3803000
3094000
1107000
1311000
3080000
3052000
2930000
623000
1288000
734000
840000
1553000
3204000
2237000
3138000
1542000
767000
662000
595000
2330000
3831000
3696000
3657000
2608000
2288000
2573000
519000
9000
2602000
2259000
827000
2265000
2470000
2001000
2477000
3494000
2283000
3777000
790000
1998000
2271000
3440000
3294000
3779000
3753000
2515000
2865000
2824000
287000
1647000
3497000
436000
3123000
1657000
2096000
1952000
915000
2973000
3451000
3813000
3028000
1220000
1381000
2681000
688000
37000
2063000
1693000
224000
3973000
3284000
1391000
1063000
2478000
1547000
1807000
3283000
1977000
49000
2213000
3829000
3991000
686000
721000
3376000
2244000
2060000
2635000
1247000
652000
402000
609000
439000
1796000
2524000
3859000
1130000
3601000
856000
2014000
1083000
3793000
3405000
1100000
3499000
2729000
3016000
3143000
719000
1858000
2097000
320000
3595000
1524000
1993000
832000
3095000
2972000
3862000
2088000
1057000
3558000
1421000
2718000
892000
266000
3027000
1971000
1703000
3050000
2893000
806000
308000
3474000
649000
3017000
269000
3639000
174000
3419000
3522000
742000
3669000
1673000
1552000
3672000
968000
1929000
684000
2942000
1407000
1964000
1365000
3242000
1171000
138000
1076000
874000
493000
134000
863000
1525000
3610000
7000
3540000
3275000
2111000
1516000
1887000
48000
299000
438000
3138000
3490000
2360000
2382000
806000
1249000
185000
2116000
2511000
1838000
2842000
301000
3723000
3339000
386000
1835000
3306000
406000
2533000
2771000
2798000
2331000
1128000
2491000
2936000
283000
2098000
1003000
247000
1756000
1394000
2106000
50000
380000
84000
2998000
2653000
3763000
1872000
3404000
824000
2411000
3517000
2678000
1642000
3306000
3899000
1952000
1350000
3045000
3474000
834000
747000
2237000
1610000
2934000
194000
3373000
3597000
1787000
2002000
1571000
2683000
1951000
1511000
2936000
2800000
208000
2880000
2981000
1220000
2473000
3891000
492000
3031000
3754000
3420000
2449000
506000
153000
2491000
3975000
2285000
937000
1924000
3040000
3398000
3573000
2049000
3209000
1978000
2114000
2689000
839000
776000
2282000
519000
852000
118000
3426000
984000
626000
184000
28000
3709000
3729000
2654000
2503000
1702000
443000
527000
2404000
1968000
1702000
3476000
987000
3640000
3399000
2110000
2252000
1494000
815000
3412000
2512000
3596000
3387000
907000
1989000
2429000
1484000
2038000
2241000
3133000
3696000
2781000
291000
33000
483000
920000
3984000
3290000
935000
1267000
2740000
2243000
1550000
3048000
1116000
1315000
2537000
3949000
269000
3780000
1293000
643000
2134000
3730000
1053000
3242000
3173000
2071000
1382000
169000
3235000
116000
1232000
914000
3744000
1490000
3189000
1352000
3649000
1696000
869000
2056000
121000
1333000
2494000
2946000
1683000
1041000
2516000
1965000
27000
2671000
908000
2885000
908000
3148000
3466000
2215000
2385000
385000
2033000
3617000
541000
1782000
2854000
2653000
539000
3021000
13000
1031000
525000
944000
1739000
351000
2475000
348000
193000
567000
3852000
3698000
827000
866000
1288000
343000
2704000
836000
244000
1120000
1585000
1452000
1853000
906000
228000
1447000
1766000
1675000
338000
3939000
1437000
2689000
741000
2436000
1612000
2440000
2941000
3177000
2772000
3177000
478000
1310000
3771000
2225000
990000
494000
1807000
3853000
2956000
3125000
582000
1308000
81000
1347000
1986000
2333000
2638000
1885000
1561000
878000
3373000
2048000
2233000
2147000
1111000
3514000
444000
697000
3195000
2694000
1562000
2318000
1429000
3981000
508000
2182000
2676000
3108000
428000
1777000
2553000
3046000
3745000
3617000
3154000
199000
518000
884000
1424000
28000
243000
216000
3794000
3154000
3335000
3914000
78000
528000
1768000
2429000
360000
2415000
1193000
3345000
3490000
1870000
785000
2032000
3399000
822000
1617000
2509000
761000
1076000
68000
2397000
926000
2468000
1487000
1839000
354000
2162000
839000
1300000
2404000
2036000
2134000
2542000
3160000
3988000
1137000
122000
3424000
2397000
3694000
1693000
1974000
227000
1650000
3051000
118000
721000
3693000
1742000
1171000
938000
719000
809000
553000
2000000
1847000
3280000
431000
2102000
1999000
2742000
3739000
3181000
302000
1787000
2966000
453000
913000
2496000
1975000
3309000
1378000
1957000
2041000
2750000
2960000
37000
2245000
512000
172000
1035000
161000
3505000
3198000
782000
3524000
3824000
3583000
2657000
3436000
1840000
3965000
1296000
1186000
1691000
2347000
809000
2814000
1574000
2070000
1355000
828000
2089000
3754000
2514000
960000
2182000
3984000
1058000
2049000
965000
2134000
1927000
3273000
3891000
235000
3605000
644000
2924000
3323000
3983000
2771000
3999000
2537000
3291000
872000
491000
2177000
2675000
329000
814000
3508000
2780000
2188000
2611000
3540000
1036000
1498000
2375000
1895000
2493000
661000
2543000
3209000
154000
2447000
81000
2211000
3904000
2221000
3479000
1412000
2154000
433000
289000
3321000
3374000
2796000
3350000
3833000
2819000
1339000
3006000
2600000
3334000
3657000
3368000
2296000
3119000
1034000
2823000
3345000
2339000
2112000
2533000
3433000
340000
0
917000
709000
195000
3518000
3183000
746000
246000
585000
1008000
2846000
1689000
792000
1572000
1994000
3903000
855000
1830000
3116000
2639000
1255000
625000
2102000
1095000
3825000
2910000
43000
2989000
534000
1925000
1523000
767000
3765000
1529000
251000
2623000
386000
65000
3010000
160000
1867000
2563000
2843000
1505000
1354000
1628000
979000
2619000
1739000
3317000
166000
3201000
3119000
750000
726000
1131000
203000
508000
674000
1991000
904000
3462000
1877000
3296000
53000
3303000
1545000
2053000
1312000
1694000
2353000
1484000
14000
3758000
2459000
3001000
477000
2772000
2755000
3590000
1229000
3648000
2708000
1867000
486000
1791000
229000
1494000
1223000
3273000
1230000
2925000
3378000
1348000
3915000
708000
1622000
2848000
2550000
3116000
740000
2212000
497000
1881000
3618000
882000
612000
1770000
3242000
424000
2934000
2283000
3197000
3343000
790000
3734000
1359000
3741000
1839000
125000
1717000
3332000
3151000
3239000
3566000
1575000
3483000
2166000
204000
2163000
3714000
3445000
3520000
3669000
3203000
2290000
2424000
3674000
1892000
2062000
2372000
2331000
2810000
1440000
891000
2102000
1715000
3303000
1649000
2175000
3150000
3247000
206000
3982000
1000
366000
2717000
1912000
3980000
2496000
3136000
651000
2342000
3178000
1451000
931000
2365000
2910000
2785000
1414000
3160000
2272000
3521000
387000
2087000
421000
2850000
3373000
534000
1304000
1730000
853000
3161000
735000
561000
46000
3187000
2416000
2184000
365000
1824000
3284000
1954000
3256000
1633000
1291000
1622000
2374000
699000
667000
1171000
203000
586000
1840000
3614000
1730000
636000
3506000
3348000
1152000
3641000
805000
2027000
1270000
2985000
1973000
2280000
171000
32000
2804000
2342000
571000
3452000
1236000
1892000
2230000
622000
1717000
1325000
135000
2285000
552000
2544000
3456000
533000
1768000
733000
2019000
3350000
1595000
3699000
2668000
3966000
1689000
3040000
217000
1166000
2731000
2019000
2988000
2296000
372000
1099000
3208000
3267000
677000
3010000
2765000
3054000
2134000
1345000
698000
1386000
1256000
170000
1982000
619000
2312000
3533000
3889000
111000
2930000
2243000
2846000
1702000
855000
2266000
1468000
3075000
1217000
3716000
2544000
326000
1628000
1687000
1699000
3849000
2725000
2061000
3015000
2300000
1752000
2034000
3216000
3899000
680000
1229000
1488000
3877000
1498000
1372000
2369000
2958000
3545000
2328000
403000
1013000
2760000
798000
115000
2269000
3559000
29000
1758000
8000
1380000
1562000
156000
1795000
145000
2466000
2621000
2772000
2549000
3376000
354000
2104000
3869000
185000
2036000
1746000
1326000
1634000
2801000
1340000
2060000
673000
2216000
3619000
3968000
2107000
2577000
1732000
1180000
141000
2523000
2351000
51000
2921000
3815000
150000
3003000
986000
327000
3268000
3975000
589000
317000
2447000
500000
844000
94000
1910000
2564000
483000
611000
2940000
3089000
2695000
3846000
2837000
498000
2763000
3201000
1761000
1925000
3019000
196000
2822000
1654000
3183000
1772000
1944000
406000
3963000
472000
2652000
142000
2649000
827000
170000
2524000
865000
2570000
198000
3324000
2492000
755000
3268000
1771000
1484000
3665000
3713000
1847000
3095000
3469000
497000
763000
3336000
2728000
2055000
3400000
2450000
2092000
2329000
1401000
646000
41000
3070000
3712000
1912000
3785000
2386000
2280000
3951000
1935000
269000
1778000
1547000
3183000
782000
2521000
2654000
1039000
271000
184000
1368000
3946000
2155000
855000
1702000
2286000
2273000
678000
2313000
396000
892000
599000
999000
3657000
812000
1224000
3914000
3553000
909000
1233000
2621000
588000
1636000
1091000
2233000
1814000
2244000
3031000
2230000
2424000
2721000
3568000
2632000
699000
2154000
3094000
3439000
3702000
2937000
1914000
195000
3047000
2095000
1429000
2553000
3648000
2387000
2112000
2120000
3676000
1393000
1878000
3099000
2167000
1428000
137000
2511000
38000
3364000
3266000
1795000
2724000
3958000
477000
371000
919000
3155000
169000
460000
380000
2263000
2575000
1946000
3869000
3142000
2984000
2309000
380000
1353000
3665000
1179000
3113000
1174000
2471000
3590000
631000
596000
1795000
1209000
429000
22000
1075000
3866000
1860000
3799000
2893000
2386000
1641000
3939000
233000
2365000
3969000
3610000
3286000
1517000
3970000
3091000
3972000
24000
70000
2457000
3658000
397000
2638000
2561000
3183000
1465000
1939000
384000
697000
3329000
58000
284000
1176000
3180000
484000
3078000
1503000
239000
2229000
1708000
109000
2924000
2996000
3986000
3674000
1044000
179000
3445000
2498000
398000
3367000
109000
1928000
583000
281000
2283000
2679000
1891000
1600000
822000
1772000
896000
1444000
22000
1750000
2401000
3130000
817000
538000
2410000
2087000
1782000
2608000
1231000
65000
3714000
1515000
3892000
908000
3549000
1713000
3556000
1991000
99000
3962000
1386000
3819000
2910000
3234000
682000
2917000
1808000
2884000
605000
1609000
1513000
3090000
1275000
783000
1556000
2980000
2428000
3323000
1015000
3512000
1358000
45000
421000
3914000
447000
3300000
3532000
3868000
2437000
1520000
722000
684000
1154000
1918000
2773000
3700000
3162000
443000
2850000
2268000
66000
3755000
3286000
30000
1920000
1420000
3255000
3718000
2850000
3873000
871000
1497000
3477000
2973000
2971000
2756000
1822000
2750000
689000
1458000
1221000
975000
3548000
1698000
3027000
227000
519000
60000
1165000
594000
3203000
2953000
3732000
524000
3309000
659000
50000
2161000
442000
466000
2343000
2567000
3257000
3704000
2769000
2479000
306000
2406000
2515000
2278000
130000
1573000
2083000
1300000
2903000
592000
2691000
3910000
917000
2945000
3932000
1066000
2084000
1266000
294000
686000
376000
748000
1281000
2402000
1327000
2336000
1651000
2032000
3802000
3310000
94000
2614000
1761000
3927000
2854000
203000
3318000
1992000
3245000
790000
1387000
1140000
3779000
1070000
2471000
146000
2001000
2692000
3615000
2230000
3419000
766000
323000
2353000
2303000
3921000
723000
1261000
3288000
176000
3602000
3798000
1335000
134000
337000
1593000
2022000
2358000
1714000
990000
3978000
1815000
1428000
75000
3904000
3136000
3392000
3215000
1285000
3990000
3781000
2364000
2086000
2085000
160000
1680000
3630000
1321000
169000
3422000
1065000
808000
343000
3754000
3528000
2833000
3512000
560000
3697000
262000
340000
2301000
2848000
3479000
3829000
3081000
1899000
22000
879000
2159000
196000
3191000
224000
345000
2582000
805000
3016000
697000
3190000
2522000
407000
3824000
3741000
2100000
3351000
352000
75000
3217000
2793000
1026000
3467000
676000
3596000
495000
560000
2563000
2015000
1056000
2878000
3128000
1261000
1727000
3456000
171000
822000
1735000
1504000
1501000
3181000
584000
3071000
3123000
767000
1393000
2364000
914000
940000
3970000
1204000
2532000
2024000
3374000
1867000
3550000
3764000
823000
1539000
3463000
2648000
2932000
2949000
427000
719000
295000
1222000
2019000
252000
2385000
555000
3891000
3293000
2801000
312000
198000
3995000
1954000
1399000
1070000
3429000
1210000
3573000
389000
1389000
1342000
1793000
3040000
3385000
3170000
2298000
2468000
2111000
1420000
3658000
3830000
199000
1366000
3207000
2841000
3753000
3223000
2496000
3589000
1446000
315000
2964000
3190000
1254000
258000
3075000
1957000
2646000
987000
1445000
752000
1578000
1380000
879000
2713000
3539000
2814000
2135000
1310000
678000
1982000
690000
2117000
2176000
2529000
153000
1942000
637000
2214000
2720000
2470000
1651000
1623000
3256000
37000
2499000
2175000
1715000
2289000
3125000
1230000
3096000
3076000
1179000
1673000
3347000
1198000
274000
3317000
136000
2692000
3875000
2342000
2971000
723000
243000
2306000
3858000
3857000
2526000
3578000
2464000
2792000
120000
1022000
2267000
1970000
754000
1804000
3236000
1078000
3370000
2779000
3483000
1871000
2770000
1959000
1242000
3416000
939000
3504000
2153000
1340000
521000
2164000
325000
3246000
2691000
2146000
527000
1518000
185000
2902000
3589000
408000
501000
2212000
1877000
2337000
1377000
1569000
448000
203000
1769000
3989000
1434000
1240000
558000
541000
3604000
2976000
2982000
2821000
1545000
1204000
208000
3314000
1873000
3998000
693000
1259000
2842000
2635000
2060000
2422000
400000
1052000
3309000
2985000
476000
270000
2962000
3065000
3171000
3021000
2043000
3519000
1749000
883000
3788000
3566000
3059000
3445000
74000
577000
184000
1821000
1224000
205000
2234000
1161000
3161000
1374000
3231000
1368000
1582000
3095000
1907000
3616000
596000
3683000
1881000
964000
3502000
3898000
193000
1629000
2462000
3929000
3504000
4000
2652000
2797000
1844000
177000
3954000
3537000
1467000
1071000
2209000
1928000
3213000
3036000
1016000
1624000
2080000
2145000
3407000
1390000
966000
412000
3254000
379000
2168000
671000
388000
656000
3274000
908000
3711000
2962000
2027000
1993000
551000
1848000
1009000
1069000
3396000
3056000
3900000
3257000
1669000
2099000
1273000
378000
3885000
1118000
2649000
870000
1455000
1975000
3765000
1063000
682000
2886000
1318000
3776000
3997000
766000
3434000
445000
3360000
139000
1754000
2612000
2510000
2444000
1956000
2794000
2028000
1478000
3138000
3325000
1284000
1615000
365000
448000
3674000
3301000
2101000
1491000
3619000
18000
1505000
1881000
3428000
261000
3780000
114000
2200000
974000
1235000
1079000
2410000
3286000
254000
40000
2920000
810000
3445000
63000
2948000
943000
2732000
3508000
1246000
488000
3398000
3962000
3898000
2184000
1104000
1756000
418000
2852000
2878000
1122000
1746000
2536000
1052000
3870000
3852000
3874000
3071000
3662000
1870000
3500000
1522000
3375000
686000
1134000
1915000
335000
2913000
312000
1948000
2893000
243000
386000
1736000
3225000
479000
1776000
287000
179000
3122000
1364000
1921000
222000
817000
2230000
2532000
3983000
2784000
568000
168000
2055000
1973000
2745000
3133000
1632000
1942000
3366000
2367000
2771000
3525000
3112000
3419000
3612000
1634000
240000
3330000
1258000
197000
1487000
2704000
827000
491000
36000
1242000
2217000
744000
2528000
1590000
225000
2814000
2450000
1920000
819000
3417000
2046000
702000
91000
547000
785000
998000
505000
2960000
2629000
1225000
606000
404000
3809000
1381000
161000
646000
1689000
2882000
193000
697000
949000
3807000
2514000
2267000
2206000
1813000
198000
1380000
3270000
761000
1731000
2688000
223000
1307000
2937000
3487000
492000
1966000
2640000
3325000
2589000
949000
3662000
3239000
3639000
3988000
2344000
443000
2346000
784000
792000
127000
1913000
3700000
146000
3501000
1619000
2751000
571000
3923000
1020000
716000
2105000
510000
150000
717000
3815000
2712000
3141000
1881000
116000
1331000
2040000
1763000
1033000
1170000
3609000
1608000
582000
3446000
662000
731000
2075000
2174000
3371000
1241000
3919000
116000
1754000
3965000
1527000
501000
2982000
3018000
1725000
2997000
308000
3140000
3113000
1392000
1571000
410000
2478000
242000
2194000
1930000
2406000
301000
2575000
2594000
1367000
1776000
2543000
3294000
3081000
2037000
1396000
3251000
1297000
2387000
2345000
2889000
1356000
2284000
3174000
1583000
3286000
695000
2762000
251000
3022000
1451000
2671000
83000
3339000
3037000
1613000
0
208000
2654000
3586000
248000
209000
3455000
2140000
2621000
969000
3263000
3292000
471000
263000
517000
2296000
32000
1913000
2483000
1790000
2192000
86000
1699000
2899000
3569000
3672000
2863000
3735000
3724000
3954000
3209000
3115000
3934000
3099000
901000
2760000
592000
3146000
2894000
3503000
395000
1983000
683000
3639000
335000
1477000
334000
3291000
2897000
3537000
2949000
2118000
1255000
263000
2284000
150000
719000
1433000
2950000
987000
2278000
2187000
631000
2502000
1937000
1960000
2756000
2568000
684000
1060000
1894000
2522000
1305000
1469000
1182000
649000
3720000
271000
444000
3968000
308000
1936000
1511000
941000
2356000
2965000
2336000
3117000
301000
406000
813000
385000
8000
932000
3626000
1961000
1457000
1171000
3959000
692000
1309000
1135000
1794000
2619000
3027000
1488000
2266000
232000
840000
637000
334000
3231000
2654000
1027000
1071000
2537000
3043000
2315000
625000
1468000
3056000
2514000
3483000
3996000
670000
1904000
3465000
3760000
489000
2531000
2082000
1626000
2075000
1074000
2974000
932000
1465000
1279000
1619000
1849000
1702000
2895000
3981000
3110000
1532000
306000
3287000
1630000
1830000
1388000
1451000
321000
530000
455000
3492000
1112000
3948000
1797000
3066000
1312000
2989000
3529000
1510000
1131000
3656000
2018000
81000
1031000
2089000
522000
1476000
2325000
1031000
2629000
582000
3656000
565000
327000
2048000
567000
1254000
315000
3389000
2240000
940000
39000
1556000
1926000
2362000
2898000
2908000
190000
1894000
2065000
1557000
733000
170000
594000
2590000
1747000
1221000
2321000
2596000
1159000
184000
1919000
2225000
677000
805000
1744000
1969000
1478000
3427000
1730000
2218000
3020000
3327000
2089000
1592000
2608000
3472000
1304000
2135000
3687000
1435000
3794000
1245000
98000
2445000
838000
1785000
521000
2835000
484000
1585000
3936000
302000
3362000
2819000
903000
840000
243000
2566000
3936000
1889000
136000
744000
1431000
2655000
1104000
1990000
2802000
587000
847000
3013000
2988000
2092000
1131000
1070000
352000
648000
2570000
1672000
692000
70000
3493000
3277000
1669000
1393000
3369000
3138000
2700000
2051000
3172000
1450000
3824000
2132000
2842000
389000
731000
595000
699000
604000
2938000
419000
2812000
3945000
812000
1137000
3010000
414000
3631000
959000
268000
2516000
3335000
3224000
1567000
3389000
3052000
3229000
1714000
57000
2717000
1219000
3478000
1606000
3886000
145000
2506000
2120000
2074000
32000
3809000
261000
3809000
1327000
779000
3033000
3924000
715000
1635000
3019000
2699000
3457000
1796000
1988000
1036000
38000
1339000
1233000
1156000
825000
1379000
2904000
294000
2781000
860000
2633000
2955000
3388000
2563000
2793000
0
1625000
2239000
2510000
3701000
439000
3874000
1218000
3660000
126000
343000
225000
1756000
477000
3135000
3245000
182000
2170000
1491000
2249000
3085000
1457000
714000
1741000
3616000
2491000
1575000
3022000
1758000
2213000
2627000
2042000
2605000
1985000
3963000
346000
591000
1649000
2097000
2171000
3702000
2574000
1411000
2103000
1386000
1815000
3981000
2209000
373000
1019000
187000
3036000
1328000
2721000
150000
2928000
2035000
3090000
1964000
1389000
2279000
3577000
3098000
1667000
3062000
2981000
457000
224000
790000
2984000
2919000
2793000
2819000
402000
3891000
46000
3809000
75000
439000
3851000
588000
102000
1709000
2637000
1150000
3158000
2080000
3356000
149000
2320000
2328000
3421000
3401000
481000
594000
296000
3726000
3476000
3107000
1287000
2292000
2706000
2654000
2364000
858000
1056000
751000
2273000
1365000
285000
88000
421000
2006000
1070000
600000
1653000
1752000
2527000
326000
959000
3581000
3176000
2725000
1210000
620000
2059000
2445000
2057000
2913000
212000
663000
1402000
3653000
1606000
2040000
1213000
1137000
2931000
3690000
2685000
803000
1835000
1475000
1359000
2769000
2000
3370000
2708000
693000
2052000
3860000
1557000
1251000
3648000
2019000
193000
812000
2027000
640000
2247000
2942000
2729000
3056000
2881000
2225000
1205000
1179000
1839000
3979000
3037000
2360000
3676000
604000
1768000
1458000
2257000
1453000
896000
184000
1954000
699000
1264000
1827000
1520000
1272000
1283000
3955000
3226000
2922000
72000
3102000
3224000
1334000
12000
1217000
2840000
310000
2574000
1513000
3368000
2212000
2972000
1637000
1665000
639000
2145000
3904000
2126000
2031000
2095000
470000
502000
549000
523000
561000
2655000
3621000
3626000
718000
3724000
1232000
953000
3416000
1848000
54000
3436000
392000
3588000
1041000
3943000
146000
710000
2203000
436000
3071000
193000
873000
3924000
1290000
569000
485000
819000
2617000
1660000
3875000
562000
3037000
520000
3157000
588000
3592000
2413000
1112000
800000
278000
533000
3640000
3522000
74000
570000
3817000
2775000
2644000
3286000
2556000
3825000
3949000
152000
1485000
2381000
107000
2442000
3423000
3302000
2713000
3843000
2382000
2224000
2469000
3362000
583000
703000
3185000
3502000
401000
1130000
3798000
3412000
1162000
1980000
3575000
3298000
932000
3916000
682000
333000
1048000
3554000
3309000
3522000
3950000
1580000
1889000
919000
3540000
117000
923000
1067000
1787000
386000
2003000
3595000
3527000
460000
3381000
3291000
1062000
3042000
1369000
1383000
2721000
2994000
200000
3026000
2746000
1876000
3137000
22000
364000
2267000
2202000
1720000
2340000
2226000
2439000
1323000
3926000
2816000
451000
769000
2894000
1251000
3497000
942000
153000
1684000
2201000
3249000
2061000
349000
3201000
1721000
870000
1769000
3228000
1186000
3031000
762000
1786000
103000
290000
426000
1308000
3745000
1367000
2730000
1113000
2089000
2299000
561000
2988000
720000
1718000
2557000
3431000
670000
2150000
2677000
925000
2301000
1609000
2664000
2825000
2668000
536000
1193000
3305000
1645000
3939000
513000
329000
2602000
730000
1278000
117000
691000
1837000
3124000
582000
1418000
2058000
2428000
3250000
1398000
3368000
3907000
82000
532000
3284000
1417000
2832000
1986000
2672000
609000
665000
1131000
1441000
3771000
2588000
3040000
3638000
996000
3410000
3921000
2617000
3872000
2756000
3925000
961000
1062000
3280000
1842000
828000
1735000
1952000
781000
3778000
3163000
3584000
2921000
1077000
1085000
2887000
3876000
2813000
965000
2088000
77000
1614000
3616000
2434000
3009000
570000
397000
239000
850000
159000
1290000
2089000
2887000
3382000
137000
1117000
659000
3779000
2080000
11000
1415000
1560000
1083000
778000
1121000
1195000
2140000
3680000
2915000
3505000
2859000
3126000
2459000
541000
2360000
2090000
33000
2557000
186000
1879000
2501000
3281000
3164000
1504000
3688000
3060000
2135000
3586000
1932000
1655000
3167000
1150000
3605000
3040000
96000
132000
204000
830000
3690000
2435000
80000
1447000
2716000
851000
2925000
493000
2137000
3655000
2735000
692000
2071000
3806000
2143000
3627000
512000
99000
1796000
3907000
553000
3364000
3110000
3923000
3042000
1521000
3719000
1007000
3080000
1253000
165000
3341000
61000
2261000
3058000
324000
259000
2518000
3521000
2261000
3980000
2791000
3953000
2938000
1529000
1479000
2525000
1202000
3480000
2964000
253000
763000
1438000
2267000
969000
3882000
253000
2024000
35000
407000
2299000
2970000
2472000
833000
3113000
3292000
3812000
606000
3594000
147000
1280000
1093000
974000
2710000
3050000
634000
139000
251000
2988000
2736000
3760000
1336000
1567000
2650000
97000
3266000
73000
993000
2468000
182000
2328000
2389000
1545000
2137000
2137000
2772000
2553000
2354000
1227000
310000
307000
1492000
2676000
93000
978000
2190000
3253000
842000
2725000
313000
3613000
2141000
1429000
3370000
993000
3464000
2927000
206000
3819000
1964000
880000
1276000
327000
681000
2718000
2610000
887000
1637000
1706000
2757000
795000
966000
3584000
2991000
916000
907000
1160000
530000
772000
346000
2707000
1202000
2303000
2040000
3906000
3155000
333000
1576000
253000
3936000
1362000
2359000
848000
3256000
925000
2559000
498000
3914000
2430000
2217000
2387000
727000
3398000
2969000
3510000
3524000
410000
2160000
697000
2237000
3073000
2169000
3844000
2185000
894000
1058000
2757000
2166000
643000
647000
570000
3604000
2294000
3683000
1658000
326000
394000
2756000
3485000
2312000
3349000
278000
3242000
2881000
721000
3626000
3485000
172000
487000
1188000
73000
3676000
3954000
3436000
1615000
2929000
1498000
1653000
2020000
3179000
3617000
3456000
1968000
3956000
2690000
2611000
1132000
1643000
2459000
262000
2279000
3616000
3372000
3603000
88000
1122000
1555000
118000
230000
1305000
1065000
2020000
1864000
3337000
2387000
50000
2859000
851000
2965000
2013000
758000
2861000
2464000
3864000
3491000
63000
1855000
1487000
983000
231000
3523000
3414000
441000
1662000
1108000
3798000
131000
794000
3662000
490000
650000
3462000
2087000
2228000
1114000
330000
2623000
3582000
3157000
3382000
2744000
220000
3959000
341000
3297000
1104000
1417000
3535000
2992000
693000
321000
3276000
2985000
816000
3658000
696000
3668000
3981000
1908000
1644000
1109000
3327000
1348000
3772000
3705000
2522000
1576000
1812000
2909000
858000
341000
3645000
3179000
2174000
1943000
2696000
26000
331000
886000
1574000
1014000
2049000
3063000
1138000
1359000
3620000
3536000
2586000
82000
3840000
1515000
3224000
2237000
279000
1661000
1418000
2082000
1023000
738000
3238000
641000
2574000
547000
2954000
622000
3134000
2809000
2857000
2828000
2748000
1235000
2803000
3977000
1662000
3115000
2648000
2665000
737000
3518000
871000
3516000
1166000
719000
2044000
1060000
1591000
37000
1993000
2332000
3273000
1426000
3927000
1119000
575000
434000
740000
44000
2753000
2553000
2324000
3121000
3957000
3859000
112000
2445000
3086000
572000
59000
2877000
3115000
1678000
1562000
2803000
876000
3155000
239000
1569000
2995000
1613000
2151000
3172000
2710000
3142000
470000
2072000
3770000
734000
103000
2477000
1663000
2937000
2933000
2566000
1297000
995000
2606000
3749000
3601000
2771000
1905000
1233000
71000
3260000
3866000
2135000
2345000
624000
810000
3224000
415000
1323000
1783000
310000
1944000
751000
1228000
2130000
2270000
2999000
1172000
3366000
3257000
49000
2283000
1354000
2223000
384000
3391000
2964000
2404000
3877000
1150000
3775000
712000
1693000
3199000
3364000
2445000
3960000
422000
3284000
1016000
3263000
3694000
727000
364000
3460000
1862000
3919000
2629000
3191000
1956000
2745000
3789000
3447000
2407000
1428000
3211000
2586000
706000
2851000
1167000
1574000
3404000
1214000
3430000
3955000
551000
374000
2886000
1759000
2146000
1484000
1141000
2473000
269000
1118000
1602000
2384000
3725000
3767000
3525000
180000
3406000
2235000
1712000
2144000
3471000
2515000
2920000
2657000
747000
214000
680000
2778000
1308000
985000
1699000
2888000
701000
966000
576000
158000
1881000
325000
442000
2845000
3038000
1903000
1929000
2766000
732000
2467000
1224000
1012000
3102000
155000
1392000
1054000
3801000
2137000
1309000
2013000
3747000
595000
2731000
848000
162000
1423000
1445000
690000
2352000
2441000
226000
3122000
2819000
1152000
337000
3435000
2847000
1020000
1523000
887000
3276000
2627000
3143000
3277000
2151000
754000
1681000
582000
884000
2659000
2565000
3225000
3941000
2953000
3132000
1777000
1509000
665000
600000
3846000
814000
672000
2753000
1451000
1848000
1810000
1264000
1821000
2053000
2469000
3358000
133000
796000
2693000
262000
3789000
2885000
3911000
1411000
1257000
3865000
1614000
3034000
2435000
502000
2172000
1099000
3719000
1010000
2906000
317000
604000
3689000
2685000
2221000
1450000
953000
2891000
3584000
2168000
3857000
956000
2162000
710000
858000
3834000
1134000
1000
3323000
3203000
1600000
426000
1339000
1241000
2500000
2040000
1999000
1846000
200000
208000
684000
98000
2931000
635000
2846000
95000
478000
2657000
2005000
147000
3229000
1929000
74000
548000
1827000
3423000
3420000
491000
1798000
3825000
1715000
3969000
1347000
2999000
859000
245000
3616000
2251000
2231000
20000
2407000
3563000
711000
2275000
2926000
984000
3156000
3414000
3401000
226000
1426000
2564000
2315000
494000
3508000
3900000
447000
3774000
245000
701000
3628000
1005000
3150000
467000
3663000
1353000
2551000
130000
671000
2749000
487000
663000
3122000
811000
949000
3275000
3125000
1234000
757000
1151000
2074000
2143000
2640000
3612000
211000
2781000
207000
1055000
2197000
3380000
951000
2341000
1500000
2246000
2825000
3571000
2323000
2934000
2053000
198000
3226000
2591000
3450000
2153000
534000
277000
782000
1379000
2458000
109000
428000
2295000
741000
2849000
2972000
768000
1910000
2973000
1027000
1687000
2859000
2242000
415000
2378000
3630000
1309000
2096000
2780000
3491000
1074000
2629000
2996000
223000
3198000
3618000
717000
243000
2287000
2005000
3359000
1184000
1968000
47000
3773000
2417000
58000
2455000
2063000
1199000
1100000
3752000
1183000
2884000
459000
104000
629000
341000
3719000
2304000
2716000
314000
3865000
2626000
456000
2670000
3360000
93000
3305000
924000
380000
2914000
2804000
2088000
88000
2216000
1885000
166000
458000
2841000
2656000
939000
3530000
826000
2038000
2651000
1999000
1290000
3740000
128000
1375000
2162000
538000
3881000
853000
2537000
2436000
828000
443000
231000
1432000
2640000
1070000
1091000
2701000
1464000
2937000
2071000
209000
1454000
2068000
2080000
736000
2139000
3646000
3524000
3262000
653000
3830000
2438000
2105000
2319000
3666000
1285000
2549000
510000
3893000
2630000
1308000
3452000
1222000
3727000
3024000
3265000
3142000
14000
3403000
1070000
647000
401000
1863000
275000
3351000
3178000
3699000
215000
312000
637000
3563000
3807000
3719000
1892000
2097000
3380000
285000
3491000
3910000
3141000
1239000
1023000
3933000
2268000
708000
1121000
2989000
1984000
2831000
1402000
3838000
2117000
3151000
1915000
3755000
2632000
3782000
2769000
2026000
2754000
2041000
1773000
2456000
3387000
468000
519000
1643000
2732000
3621000
262000
2313000
2929000
2312000
205000
2052000
3297000
3702000
264000
1309000
1088000
1962000
203000
2839000
2476000
2538000
325000
3107000
2622000
1227000
3017000
3025000
2700000
1578000
2162000
3601000
1780000
2596000
3371000
2038000
309000
2792000
953000
3472000
280000
1373000
281000
2690000
645000
2785000
937000
2501000
1268000
868000
3597000
3757000
1518000
1494000
404000
1898000
2615000
2865000
84000
3605000
753000
2726000
585000
3126000
1165000
3107000
3011000
914000
1487000
3972000
1165000
3979000
1922000
1352000
1869000
596000
983000
3796000
2480000
149000
614000
3851000
347000
3403000
58000
3057000
2165000
1889000
2541000
882000
1783000
1463000
1075000
310000
871000
301000
3384000
2384000
1632000
1487000
1609000
210000
566000
899000
472000
3853000
3243000
2309000
1294000
2835000
738000
1739000
3723000
2198000
1543000
3071000
2326000
920000
1255000
3688000
2771000
1963000
2052000
868000
3998000
3348000
3901000
3054000
3303000
368000
3367000
803000
2294000
3743000
710000
3818000
846000
1536000
2914000
753000
1976000
972000
223000
81000
1855000
3532000
421000
3711000
329000
176000
3587000
2379000
2519000
3213000
253000
2946000
1185000
2876000
3412000
1492000
363000
3679000
98000
3686000
1065000
1589000
887000
31000
3047000
3296000
2711000
2255000
1787000
614000
3498000
2055000
2957000
3658000
3056000
717000
3976000
474000
1184000
3948000
206000
2299000
2922000
1292000
2404000
3554000
1673000
1229000
1959000
2539000
1470000
756000
156000
3605000
3583000
2500000
3751000
3238000
1456000
3837000
1650000
2881000
853000
2270000
1766000
2830000
3359000
2218000
1417000
466000
3087000
2568000
907000
2776000
1101000
139000
2558000
3904000
2252000
1143000
1855000
1164000
3072000
3932000
2252000
3905000
2154000
486000
1931000
1676000
2461000
1160000
3462000
2956000
2345000
2034000
3116000
3670000
2888000
2469000
892000
167000
2256000
3752000
1814000
2545000
1588000
1625000
1718000
1467000
678000
766000
3165000
2278000
3763000
1024000
3940000
81000
1206000
3789000
779000
768000
3352000
840000
1446000
61000
2531000
651000
2896000
1293000
859000
3446000
3740000
575000
309000
1436000
1062000
3055000
1395000
881000
3458000
2610000
2914000
1536000
3555000
2033000
1222000
3903000
578000
589000
2297000
797000
663000
2962000
2279000
3244000
2315000
749000
2158000
3908000
2765000
3323000
269000
1554000
129000
3995000
3698000
3086000
1043000
2631000
842000
402000
3044000
937000
2097000
2523000
1418000
2904000
3259000
1211000
3221000
766000
2987000
1513000
809000
1431000
1857000
238000
1103000
2320000
301000
2733000
2353000
2818000
265000
3407000
2724000
1244000
2833000
2944000
2031000
119000
3957000
2657000
523000
2199000
757000
3210000
2904000
1428000
491000
2008000
3477000
2041000
82000
2647000
2544000
539000
612000
211000
2772000
719000
2583000
3419000
847000
650000
554000
1416000
775000
3558000
2076000
8000
1652000
1080000
1092000
3283000
3005000
717000
738000
858000
2547000
3760000
2278000
61000
249000
1137000
2415000
383000
587000
2003000
1002000
2490000
3228000
2137000
1303000
1029000
598000
418000
1142000
1587000
2333000
3751000
401000
64000
1320000
718000
1891000
3516000
3623000
1751000
887000
2836000
857000
1641000
2573000
2582000
1653000
723000
3430000
2095000
541000
2718000
492000
562000
1416000
1965000
2840000
1512000
3654000
1206000
2700000
3579000
1382000
2175000
358000
3906000
1930000
3687000
1154000
274000
436000
1309000
1191000
3144000
3653000
2031000
1732000
1817000
713000
3245000
3442000
546000
3256000
1084000
3712000
222000
133000
3473000
1193000
2707000
1954000
480000
3142000
1950000
744000
125000
3746000
3492000
566000
633000
3646000
3385000
735000
3693000
1742000
419000
3703000
1838000
463000
250000
2135000
3065000
1917000
265000
3296000
1993000
447000
1735000
1761000
2410000
1760000
3147000
2271000
1529000
802000
1979000
1216000
541000
2957000
3335000
1200000
499000
3191000
3521000
2946000
1315000
1018000
2440000
20000
3232000
1000
3308000
772000
3376000
544000
2185000
3654000
3134000
224000
356000
240000
3541000
3345000
3563000
3911000
319000
2829000
793000
592000
1617000
1530000
308000
3651000
2834000
3819000
3789000
1022000
3845000
2552000
631000
2685000
1007000
1014000
97000
2003000
3064000
3724000
47000
58000
3751000
1786000
1907000
1817000
1071000
446000
2590000
3573000
1308000
1049000
17000
3129000
2266000
184000
2853000
124000
1409000
3477000
2950000
3972000
1246000
234000
3584000
3460000
1453000
2758000
3097000
1405000
3902000
1432000
2057000
3934000
1402000
1416000
405000
2115000
1919000
3950000
687000
1518000
2987000
1442000
3272000
3346000
402000
902000
1134000
2793000
3920000
1402000
1613000
616000
3402000
28000
1694000
3690000
2196000
3755000
1596000
1515000
190000
2452000
540000
3271000
3372000
3475000
300000
2123000
2715000
2795000
3993000
3683000
830000
1221000
3728000
1442000
3719000
1961000
50000
1329000
980000
1173000
1034000
2323000
3413000
2395000
1530000
366000
3331000
1787000
3995000
3456000
159000
1137000
2520000
3770000
3641000
2931000
2284000
1905000
2572000
381000
3474000
3123000
516000
2763000
70000
2221000
2625000
1655000
1215000
1395000
3048000
3172000
2981000
2933000
1309000
81000
2619000
1442000
3938000
3634000
3554000
2969000
687000
871000
2728000
1084000
1685000
2745000
3656000
640000
2729000
2880000
1806000
0
3193000
2986000
3411000
139000
1195000
537000
1908000
3423000
2324000
2334000
1267000
1895000
3052000
1226000
500000
1475000
424000
1194000
103000
2661000
1251000
2947000
3367000
1433000
3253000
961000
2872000
460000
3908000
2901000
3247000
1173000
1500000
1737000
2109000
20000
2503000
2169000
819000
1641000
2896000
2363000
1602000
3500000
198000
1144000
1854000
1906000
2257000
2502000
321000
472000
3733000
2403000
3967000
3292000
1190000
3962000
3119000
3507000
1859000
72000
3218000
1926000
1520000
1661000
734000
944000
126000
1247000
3797000
3585000
3354000
2544000
3343000
1895000
1421000
2942000
213000
2388000
1312000
3001000
3394000
107000
2376000
1955000
966000
2664000
2447000
584000
493000
1904000
3857000
2770000
273000
2443000
2243000
3696000
2894000
3355000
662000
2563000
745000
1521000
90000
348000
258000
1934000
2739000
653000
3953000
2348000
351000
572000
3577000
266000
1150000
1718000
377000
3793000
3851000
3242000
2620000
267000
777000
2578000
2981000
502000
77000
529000
2966000
3553000
1011000
734000
3331000
221000
3299000
1604000
925000
3800000
1239000
1540000
3314000
3984000
3486000
1359000
2636000
3467000
1997000
3109000
3911000
304000
750000
3233000
252000
1076000
3855000
2874000
1248000
1131000
3049000
235000
3316000
738000
408000
785000
3674000
3229000
617000
2586000
523000
607000
327000
3381000
2075000
3781000
1844000
1918000
2949000
1447000
431000
3103000
710000
3680000
1218000
3565000
2264000
3120000
2063000
2493000
3744000
608000
317000
2142000
166000
958000
2875000
3452000
924000
511000
417000
3058000
182000
2575000
537000
3716000
133000
1573000
619000
2920000
3539000
2509000
1073000
2757000
830000
2360000
1380000
1353000
2087000
714000
3080000
2999000
460000
753000
1665000
2868000
669000
1644000
2659000
2241000
241000
3019000
3549000
2413000
413000
1908000
2125000
3883000
3217000
749000
2914000
1338000
535000
2538000
2803000
2668000
2994000
355000
3267000
1915000
1947000
1356000
773000
3609000
3466000
1074000
1886000
2592000
3212000
3591000
681000
2822000
1557000
452000
3890000
188000
978000
1989000
1012000
1125000
3659000
5000
1549000
959000
2189000
1254000
3650000
875000
2562000
2523000
3929000
1010000
3051000
1469000
2172000
151000
2234000
3752000
3269000
660000
2529000
1749000
2231000
2211000
454000
353000
2828000
1543000
1376000
3402000
3390000
1429000
2741000
2677000
385000
3042000
2110000
1397000
2400000
3872000
1160000
428000
2479000
2884000
2068000
1762000
51000
3087000
2092000
771000
174000
2321000
548000
64000
3797000
81000
934000
3648000
3000000
3994000
1600000
602000
277000
480000
3624000
2995000
3922000
21000
1811000
973000
3319000
3417000
3734000
1275000
3970000
2210000
1605000
562000
1116000
2939000
162000
170000
2059000
1985000
704000
3035000
347000
2770000
3872000
1215000
2179000
1445000
747000
1631000
2454000
1093000
2893000
2650000
2703000
879000
1570000
543000
32000
2892000
3916000
1047000
3591000
2973000
1939000
2868000
680000
581000
3538000
2958000
2226000
3728000
3500000
3410000
107000
1967000
1919000
1009000
3953000
237000
3994000
1517000
2797000
1595000
1532000
2969000
1361000
6000
688000
2401000
1578000
3650000
3839000
1599000
3442000
3988000
1786000
2556000
483000
2633000
1049000
955000
561000
3249000
628000
3778000
2023000
1558000
2193000
2646000
3073000
2838000
957000
6000
1642000
2360000
493000
3570000
2746000
3012000
3793000
1006000
3201000
1736000
2452000
2509000
3589000
3227000
302000
2587000
3085000
1010000
3015000
726000
1192000
1526000
1821000
1941000
2693000
399000
2547000
3174000
3869000
563000
1149000
1656000
97000
2865000
471000
462000
50000
1425000
1424000
776000
1454000
1115000
696000
2588000
2033000
1643000
253000
1375000
3394000
1124000
1424000
1595000
584000
3490000
2140000
2659000
2374000
3348000
1648000
496000
2738000
3134000
3654000
2297000
3946000
517000
3742000
664000
3124000
444000
3121000
2584000
3021000
540000
499000
577000
2309000
635000
1551000
3513000
3757000
1580000
3791000
208000
1843000
3121000
38000
1724000
2858000
980000
3075000
2409000
1621000
2940000
2764000
3295000
2000000
503000
1977000
183000
2208000
3387000
883000
2614000
1628000
3702000
1271000
2048000
3373000
727000
1155000
1373000
3746000
3493000
24000
2334000
3572000
1830000
659000
3151000
3573000
2530000
1767000
523000
3266000
2604000
2125000
2362000
1141000
1268000
274000
2562000
999000
2834000
1090000
1153000
3188000
3218000
3736000
3684000
531000
3240000
2976000
839000
2321000
1074000
2708000
3885000
3215000
3424000
3355000
3853000
2240000
711000
1807000
2484000
2180000
2368000
80000
3870000
870000
3626000
2514000
799000
731000
1731000
434000
3565000
480000
2274000
1304000
1260000
2434000
1349000
1798000
3933000
2410000
2764000
3197000
274000
1629000
89000
3885000
2533000
364000
2859000
498000
79000
103000
1424000
2211000
2074000
568000
3858000
3317000
550000
374000
2614000
512000
1038000
3074000
3911000
2925000
2964000
3639000
3998000
3604000
734000
3765000
970000
3230000
1657000
3823000
3858000
1159000
338000
2813000
1264000
3407000
1196000
2936000
1210000
54000
721000
3711000
2361000
838000
2624000
2176000
1533000
1414000
1449000
235000
1590000
1238000
2605000
699000
2552000
1423000
2852000
2489000
1332000
1700000
370000
1264000
3045000
1456000
2931000
2972000
555000
943000
1736000
2046000
3664000
3707000
1125000
2468000
2187000
3039000
756000
3132000
2742000
2556000
3584000
2556000
1290000
596000
1598000
2966000
2499000
3012000
3417000
2783000
1386000
2760000
1691000
2117000
1481000
3254000
3415000
2716000
3266000
2968000
3483000
3551000
1536000
517000
446000
3650000
2607000
698000
185000
3728000
398000
2437000
2803000
2892000
1962000
3339000
343000
2756000
1012000
1973000
2897000
1581000
2378000
474000
383000
2575000
1853000
2604000
2402000
1443000
2114000
3376000
207000
3224000
907000
37000
1242000
976000
3569000
2692000
735000
741000
109000
512000
3255000
910000
2925000
1936000
400000
3272000
916000
50000
627000
196000
3866000
2536000
1998000
3312000
1638000
2034000
1252000
2133000
3244000
1241000
1843000
477000
293000
2825000
1856000
1588000
1495000
1118000
2117000
915000
663000
2884000
1427000
2902000
1516000
2923000
3949000
1047000
2239000
3238000
345000
1618000
2217000
3890000
426000
2790000
1631000
3535000
1412000
3140000
1306000
345000
3221000
3442000
2640000
434000
2529000
1399000
2155000
2812000
2788000
225000
3025000
1280000
3994000
3370000
2385000
2370000
3575000
975000
3164000
2224000
3751000
1641000
366000
3520000
2298000
3618000
30000
3937000
754000
258000
2185000
2675000
3334000
2909000
2231000
412000
241000
307000
2091000
3064000
719000
2242000
875000
3152000
2788000
3860000
2584000
453000
1411000
2418000
3089000
2082000
3518000
537000
3825000
1081000
2547000
2719000
3625000
1772000
2664000
880000
494000
2133000
3410000
2565000
3404000
907000
3960000
305000
3243000
934000
240000
979000
412000
2428000
3167000
3071000
168000
1527000
2390000
3331000
427000
909000
415000
2323000
1102000
575000
1348000
2646000
569000
3463000
3190000
81000
879000
191000
1769000
1483000
27000
1382000
15000
3696000
3498000
546000
3566000
1528000
2860000
658000
3953000
2729000
3708000
424000
1450000
1369000
1521000
3518000
1536000
2653000
3160000
3050000
3054000
2984000
1686000
1231000
1358000
3305000
754000
2987000
837000
967000
3713000
438000
3033000
2723000
362000
903000
2774000
254000
3546000
3787000
1999000
3218000
1339000
3754000
211000
2934000
187000
2891000
1368000
2177000
2610000
656000
1923000
1715000
3227000
3791000
3642000
1984000
1288000
2172000
159000
998000
2286000
3497000
246000
1195000
3849000
488000
1160000
2809000
2174000
3485000
693000
2046000
506000
394000
2531000
144000
761000
3894000
1113000
3381000
2679000
2989000
3571000
2207000
3910000
2059000
535000
1368000
3087000
382000
1989000
2876000
3452000
3983000
536000
665000
2823000
1823000
2533000
3392000
1785000
1590000
810000
2437000
3832000
3557000
231000
419000
2259000
2971000
3204000
1768000
728000
313000
1693000
544000
3681000
98000
2323000
1894000
868000
1265000
3797000
2917000
1519000
1508000
3010000
3367000
911000
3177000
457000
190000
2102000
1776000
2231000
3067000
2105000
339000
1391000
3972000
410000
1730000
2453000
1464000
343000
146000
1985000
3360000
487000
3249000
1881000
371000
744000
1431000
3822000
786000
3932000
1956000
1506000
1282000
694000
2314000
1543000
2098000
266000
713000
4000
305000
2739000
789000
1163000
3323000
368000
230000
1942000
3530000
3086000
2029000
1211000
3444000
1609000
2828000
814000
886000
3428000
1304000
1375000
1259000
14000
2465000
1685000
1267000
2530000
1349000
2741000
1284000
1020000
3431000
3311000
394000
943000
3107000
479000
2516000
4000
3802000
3725000
1690000
528000
1387000
376000
233000
2361000
372000
2394000
3033000
1368000
2613000
314000
371000
1300000
1559000
961000
57000
3814000
3894000
966000
2628000
1982000
1696000
3886000
1757000
2452000
176000
3134000
468000
3561000
2478000
2120000
491000
2894000
417000
120000
1046000
2944000
1772000
1771000
344000
682000
2011000
2098000
3428000
1583000
1307000
440000
3459000
2020000
1598000
3653000
1916000
3133000
3855000
3654000
2472000
289000
1101000
2856000
715000
3955000
1660000
3684000
3919000
1945000
2323000
1989000
3125000
915000
1766000
1916000
2602000
377000
313000
794000
3539000
1015000
1215000
1568000
3978000
3413000
3169000
247000
2417000
509000
730000
2125000
809000
60000
3965000
3564000
249000
2619000
416000
1507000
2115000
1212000
1078000
3264000
2465000
2182000
1633000
1751000
3237000
910000
2778000
3985000
573000
3064000
2438000
2058000
2125000
1335000
216000
2652000
3186000
590000
2132000
3335000
3828000
2654000
3949000
30000
21000
2427000
2052000
1906000
658000
862000
1770000
1363000
407000
1322000
2755000
1293000
236000
2475000
2837000
351000
1341000
1169000
3690000
1565000
183000
3015000
3906000
2230000
2220000
396000
583000
2537000
545000
10000
2464000
3975000
438000
616000
1193000
1482000
3054000
1228000
1652000
3008000
3930000
3142000
1808000
3350000
2503000
982000
66000
3704000
336000
38000
437000
2789000
1393000
3159000
90000
2682000
2946000
1681000
3062000
2483000
3868000
2092000
2475000
2012000
577000
2873000
1583000
3493000
1527000
1794000
1529000
2630000
2035000
3428000
2857000
3158000
873000
427000
303000
3667000
1121000
2756000
2609000
1656000
3457000
2952000
2961000
285000
3000000
1419000
120000
102000
626000
127000
1977000
1781000
1202000
887000
3122000
406000
2753000
2347000
2056000
3646000
3613000
165000
2603000
2346000
2003000
297000
2931000
1058000
1008000
633000
2597000
2599000
3932000
1374000
1227000
1173000
278000
2157000
3448000
446000
1980000
2856000
726000
2566000
3456000
1521000
1222000
2173000
2761000
118000
842000
1754000
1724000
1081000
2435000
1271000
3114000
909000
657000
1943000
3962000
2263000
2496000
419000
2991000
3879000
2980000
1410000
3270000
1961000
762000
1524000
2586000
1402000
482000
185000
1405000
22000
768000
1916000
2677000
605000
3032000
43000
3957000
217000
1771000
557000
3374000
282000
453000
310000
1570000
1684000
1141000
3964000
395000
3538000
3691000
28000
1232000
1263000
3131000
441000
913000
3745000
1520000
3142000
1097000
1860000
823000
3216000
9000
2608000
1864000
3444000
1883000
2894000
2554000
3686000
1065000
1487000
3266000
628000
233000
3808000
1013000
3961000
2671000
1917000
2581000
2280000
2940000
2305000
2757000
2593000
2190000
2211000
2170000
2031000
738000
1861000
140000
2631000
2369000
2823000
2359000
1505000
140000
1999000
733000
1617000
557000
1759000
986000
2313000
861000
797000
3437000
287000
2132000
2758000
1595000
3799000
3665000
2526000
450000
405000
3928000
3640000
351000
2575000
3401000
254000
1075000
3784000
2754000
1349000
3942000
3959000
2755000
2850000
1140000
3163000
625000
792000
3028000
2780000
3009000
1412000
3938000
3939000
1833000
129000
1654000
2932000
3658000
712000
1594000
563000
3407000
91000
1415000
687000
1597000
992000
1420000
446000
2708000
902000
3296000
1083000
2715000
2258000
1990000
747000
978000
1652000
2803000
381000
2676000
1369000
3239000
153000
888000
6000
226000
647000
3528000
476000
2050000
764000
1262000
1135000
187000
3598000
2834000
2255000
3673000
2364000
2824000
195000
385000
3481000
710000
1437000
3589000
1120000
2409000
1539000
1539000
1149000
2549000
3527000
282000
1003000
2365000
1181000
1207000
2379000
2800000
1878000
1425000
1953000
2298000
2223000
1496000
2864000
2440000
165000
3645000
2062000
1329000
472000
3655000
783000
3397000
308000
2071000
3839000
331000
1766000
303000
392000
1884000
2699000
2231000
983000
2195000
69000
1582000
1633000
813000
563000
3033000
3923000
3911000
1463000
3463000
551000
666000
250000
1025000
1217000
1327000
1389000
148000
593000
2867000
1229000
1783000
686000
1195000
2433000
453000
674000
1458000
3794000
1833000
2920000
3429000
3189000
657000
438000
157000
3804000
2882000
1350000
1355000
1187000
3700000
3830000
254000
3195000
2114000
1252000
3061000
1010000
1196000
489000
553000
2823000
569000
3961000
1999000
870000
380000
2456000
1312000
1206000
536000
3011000
3605000
822000
3128000
2676000
457000
3449000
2935000
2152000
3199000
1935000
3460000
3810000
1963000
384000
2198000
601000
3045000
179000
1825000
3034000
781000
17000
3100000
349000
2571000
43000
2632000
2467000
1879000
1676000
3178000
2480000
3694000
715000
2270000
3389000
3118000
2050000
1976000
2519000
1939000
203000
811000
69000
3091000
366000
1627000
552000
3153000
3245000
3397000
490000
980000
2156000
226000
3185000
989000
2761000
3898000
3773000
32000
952000
2426000
53000
85000
1262000
516000
2162000
3756000
2339000
3963000
1094000
1530000
895000
164000
3318000
165000
248000
3002000
3484000
1632000
3627000
1551000
1286000
2856000
2228000
3280000
3402000
2955000
304000
1331000
884000
174000
2870000
1837000
336000
997000
2605000
2095000
236000
591000
3650000
3991000
161000
78000
180000
53000
926000
389000
1541000
1898000
3626000
942000
1077000
1750000
194000
77000
51000
791000
3227000
3287000
352000
3028000
2315000
1737000
311000
2347000
3504000
3086000
3032000
3204000
3426000
1318000
495000
2168000
27000
1771000
408000
1861000
409000
3100000
2831000
1230000
1856000
489000
1423000
1341000
3493000
2928000
95000
957000
3223000
799000
764000
1837000
1257000
2962000
2506000
3803000
3533000
247000
755000
1449000
3569000
2916000
3075000
429000
275000
534000
3147000
1539000
2961000
3431000
2342000
1822000
697000
761000
2470000
2869000
3739000
667000
1841000
1075000
2076000
1832000
3214000
515000
161000
234000
3791000
3037000
3457000
2442000
416000
2124000
2586000
472000
394000
417000
813000
2806000
2007000
3194000
553000
2374000
3906000
3698000
285000
329000
835000
682000
637000
1446000
2639000
2690000
177000
2065000
42000
2927000
1669000
1700000
1491000
2067000
3461000
86000
2729000
3247000
2707000
1054000
3436000
3580000
927000
2564000
482000
3808000
2768000
3532000
547000
1055000
1291000
3535000
2176000
1257000
1811000
839000
3224000
2238000
2672000
533000
2806000
186000
284000
1459000
1681000
2542000
3883000
3182000
1569000
2632000
1120000
1439000
2370000
2288000
896000
987000
182000
1215000
112000
1246000
3557000
3441000
541000
716000
933000
3593000
784000
478000
739000
1824000
164000
2996000
2795000
831000
1625000
2760000
2113000
3139000
881000
1439000
1551000
1405000
3244000
1062000
2804000
1511000
1621000
3310000
3997000
576000
1306000
3878000
1078000
1187000
675000
174000
828000
1203000
2147000
3644000
2640000
346000
1372000
850000
627000
3876000
2971000
1842000
1955000
1959000
3390000
2736000
100000
266000
399000
2512000
1220000
722000
767000
274000
1932000
2583000
2555000
3796000
2489000
1440000
2649000
2112000
2596000
3750000
3690000
3853000
2779000
1525000
2245000
3553000
3232000
1715000
2528000
1138000
3693000
3198000
3513000
242000
2446000
1053000
315000
1107000
2200000
3217000
1881000
1737000
2748000
513000
3508000
1924000
3749000
3372000
118000
3058000
1849000
713000
1414000
67000
3994000
709000
165000
896000
1767000
3649000
3952000
3105000
1805000
3263000
1778000
3445000
3370000
