46
1023
1487
367
42
35
46
133
168
1147
556
408
538
255
42
368
41
280
147
393
1036
83
20
1256
99
181
16
151
105
586
937
204
778
58
69
152
790
303
116
29
19
1483
778
152
82
82
381
168
1152
18
47
283
19
1144
1074
44
574
15
175
1949
40
20
20
547
275
846
265
494
161
41
35
184
705
94
52
20
720
44
381
7
2319
431
172
539
2192
224
653
1554
315
511
331
62
34
44
72
53
375
92
652
166
1542
1140
239
205
731
96
378
1753
744
466
73
96
692
12
352
1305
403
276
24
298
2691
178
146
30
332
359
604
1411
248
1503
20
19
21
50
277
37
26
2257
1073
757
354
37
44
336
684
61
128
505
193
97
708
20
92
940
131
604
514
1372
72
495
267
398
72
194
403
683
18
192
87
199
780
277
19
333
797
110
1183
153
79
68
78
110
356
35
388
19
128
171
224
141
104
133
1077
256
310
112
671
200
39
194
1006
1185
100
173
109
36
654
101
541
349
97
577
107
808
298
1308
65
192
387
1185
1743
188
114
94
812
19
1554
552
280
138
65
1351
41
1202
403
62
401
246
327
603
30
91
69
1925
41
539
130
294
43
88
1252
51
67
785
175
18
551
69
1649
91
596
59
19
0
32
65
77
406
70
40
153
41
37
588
108
172
693
97
233
36
297
192
572
7
1508
43
591
129
205
89
384
55
231
697
522
608
30
285
1451
481
171
1119
27
598
1083
296
209
391
31
336
1218
116
0
673
546
107
83
114
213
86
797
19
91
177
452
244
405
550
357
615
252
83
85
368
200
157
55
391
130
1311
36
86
121
0
703
443
47
359
455
38
25
108
80
49
38
403
7
191
54
696
288
308
19
105
1194
4
795
142
227
345
35
34
433
58
35
88
1000
600
350
51
395
22
1488
669
499
256
77
401
19
899
1605
287
677
94
303
403
263
806
199
25
440
625
567
72
43
83
301
1149
397
350
665
1600
349
109
654
104
239
61
195
55
97
66
141
1148
758
684
505
171
630
787
19
282
456
515
20
63
118
205
2520
546
580
20
103
601
345
20
171
2
102
42
80
394
30
50
904
805
31
110
237
1009
1316
18
1316
595
19
794
304
179
163
691
176
26
126
417
1762
515
107
138
167
219
310
8
278
388
189
820
38
1951
391
172
63
462
169
31
54
160
355
198
303
64
2120
203
1561
423
396
156
45
1247
463
95
20
1001
87
373
106
47
175
276
1512
528
291
774
353
45
8
143
44
31
198
906
68
599
58
103
379
1544
300
221
42
960
53
1339
108
216
95
92
181
668
593
267
19
59
61
253
375
254
3
19
697
403
587
244
396
335
27
118
51
35
41
577
46
268
40
116
51
419
596
33
458
386
53
77
1157
50
1341
740
998
97
57
988
82
182
349
54
180
427
104
394
212
84
76
19
702
124
1310
738
20
37
191
0
55
99
51
243
606
26
59
9
249
235
37
89
1594
576
66
1249
1489
344
705
112
147
91
20
3
93
86
602
688
532
673
347
1152
1143
471
787
57
187
29
1505
28
45
397
751
428
2281
1608
68
109
135
325
257
46
149
20
693
595
125
42
564
206
177
734
18
1384
63
35
88
157
395
729
20
408
698
44
31
942
41
148
1995
781
28
20
1325
207
781
114
146
401
319
40
51
87
219
990
319
368
167
59
363
263
736
27
100
34
304
1386
1290
744
340
148
79
43
105
726
807
344
103
20
285
85
104
52
19
20
198
91
127
249
38
197
28
3391
130
52
25
1208
1320
28
19
585
792
189
20
197
136
41
210
128
2366
89
679
352
1165
1200
35
406
1631
135
833
97
201
426
395
50
281
129
151
378
53
101
32
285
147
446
131
42
50
797
28
763
1626
20
33
551
1373
401
373
54
1547
439
554
198
166
73
235
251
596
299
302
352
81
398
400
500
229
1485
1400
204
409
978
83
199
608
95
237
126
37
30
512
384
33
66
123
790
447
41
293
1382
531
258
759
1390
52
1612
39
353
404
138
52
687
1817
46
97
19
2337
384
298
298
75
31
398
71
0
149
414
351
353
175
667
402
865
328
288
222
144
166
72
19
82
56
130
41
3
670
73
107
59
71
170
151
299
37
114
315
22
38
389
120
683
82
404
34
721
569
994
98
1392
1231
535
329
498
792
406
789
20
264
67
24
662
157
20
961
250
48
341
288
1133
0
700
166
212
2
1055
281
404
373
18
101
37
534
750
149
719
31
179
1406
1546
45
535
32
297
777
45
304
33
297
424
172
767
128
248
2284
38
139
297
218
531
102
218
400
1053
181
689
340
221
119
75
192
708
1410
181
206
930
778
950
786
407
179
1198
19
1327
39
672
20
446
62
1421
33
278
503
