75
68
50
49
43
50
38
46
38
47
44
46
51
48
82
48
48
47
128
46
59
43
48
51
52
48
12
46
45
43
45
52
45
46
48
48
54
46
44
52
47
46
48
51
52
58
44
32
52
43
43
46
66
31
47
52
45
13
48
44
42
48
47
51
49
45
51
46
48
28
44
43
48
49
42
49
42
47
50
41
10
50
50
55
48
46
48
42
49
51
46
45
43
34
49
52
48
48
48
30
51
47
42
47
49
46
46
51
43
45
51
63
50
48
14
43
53
46
50
44
47
66
52
49
48
40
49
46
42
45
45
18
48
18
55
56
49
28
64
56
47
42
49
52
46
48
39
47
45
43
45
47
44
51
51
56
48
43
53
53
43
42
48
48
48
48
30
42
45
47
49
55
44
43
48
45
49
52
52
75
39
72
46
48
28
43
47
44
45
45
45
47
51
51
48
53
46
52
45
45
47
50
49
51
49
52
44
78
50
43
44
56
45
33
49
45
45
47
43
53
44
47
78
51
49
71
44
42
47
58
37
51
48
43
58
49
44
43
48
59
42
44
43
33
49
52
43
45
72
49
53
52
52
47
52
42
44
49
52
47
44
47
42
44
0
50
43
43
45
38
29
38
44
25
43
45
50
55
34
52
33
48
49
46
10
44
50
47
30
48
47
42
51
49
47
52
46
45
47
49
47
50
42
48
52
43
41
51
74
47
43
69
48
0
51
47
49
52
48
48
48
47
43
48
54
63
75
44
44
47
47
44
47
51
48
41
47
46
43
42
48
45
45
46
0
61
45
48
55
52
48
33
50
49
37
45
49
11
46
45
54
43
48
46
54
45
5
49
42
49
49
44
43
42
48
46
49
51
46
42
43
43
18
49
48
50
49
43
45
43
50
45
47
50
43
53
45
53
48
49
26
52
51
48
43
47
51
52
42
51
47
51
48
49
41
46
48
49
49
41
46
46
43
52
36
46
72
47
49
46
48
44
46
50
33
49
42
37
57
45
45
42
42
47
44
44
42
39
4
48
42
43
47
45
48
51
46
32
49
41
62
51
48
51
44
46
48
48
45
51
47
38
49
49
52
47
60
45
44
47
44
45
8
89
47
49
47
50
56
46
49
94
49
52
46
52
50
43
49
51
47
68
48
46
48
46
54
42
47
48
44
27
49
48
45
43
47
53
53
55
52
45
49
42
46
10
46
48
33
42
50
35
49
50
45
48
45
48
55
44
50
48
48
50
46
49
44
48
46
49
49
53
51
48
49
50
47
5
49
53
46
45
51
49
49
35
44
52
46
42
48
45
47
49
48
43
50
44
25
48
46
27
48
44
47
44
43
51
49
45
49
48
49
44
48
41
47
48
47
53
42
78
43
46
49
46
46
53
44
47
0
47
49
47
41
49
47
47
13
44
48
45
45
48
51
46
47
53
50
49
39
47
51
33
4
44
38
63
51
48
44
51
47
42
48
51
44
31
44
46
28
47
50
52
47
37
45
65
50
53
45
48
43
46
46
47
48
51
45
52
51
45
51
46
49
46
38
50
44
48
43
45
43
51
48
49
46
44
46
46
47
28
32
53
50
44
43
48
52
42
52
41
47
52
48
47
55
49
50
43
72
49
43
45
46
50
44
47
64
48
45
48
49
41
47
47
46
43
50
46
47
46
50
31
49
43
49
45
46
47
44
49
46
47
48
25
52
46
41
26
48
49
49
50
50
49
35
55
50
41
78
45
47
48
49
45
43
45
43
52
49
47
47
48
49
44
43
47
49
44
48
39
44
47
44
49
48
49
49
39
48
44
27
24
29
49
45
42
51
43
46
45
47
50
40
43
50
45
46
44
66
48
42
49
46
46
35
45
43
48
49
47
43
51
43
61
50
49
37
48
48
43
47
65
48
61
42
45
46
47
51
46
52
42
48
45
42
44
63
50
46
43
27
48
46
43
46
49
51
41
48
46
43
0
44
47
43
51
47
49
48
50
44
47
51
50
40
51
46
48
46
42
48
4
48
49
46
47
45
50
46
45
47
48
52
18
43
52
48
53
47
47
48
44
46
45
49
47
45
51
52
45
50
46
47
64
44
49
47
42
42
18
45
48
74
42
63
48
0
80
43
47
5
49
48
42
46
51
49
39
49
47
46
47
27
45
48
45
48
53
48
42
49
47
48
35
48
46
65
43
49
46
40
34
52
51
49
42
46
48
43
46
42
45
47
31
43
48
48
46
47
51
36
49
52
44
47
51
48
54
49
48
45
47
48
48
37
49
53
55
