939.033
689.067
713.002
721.793
671.251
712.938
678.114
711.927
677.83
716.206
717.888
710.426
746.266
808.763
737.53
742.466
690.94
691.517
673.843
730.915
715.379
761.294
686.381
709.038
704.33
747.585
727.853
724.957
700.108
696.983
730.142
712.739
736.514
724.805
732.628
705.484
741.249
729.459
704.905
686.188
693.471
687.079
701.743
720.591
710.012
725.481
730.446
695.41
738.562
712.507
742.844
761.325
716.411
729.723
731.591
716.661
718.308
750.138
714.36
728.033
720.641
703.8
719.793
701.01
730.07
718.631
712.65
740.076
732.979
737.767
733.133
763.327
740.006
714.992
716.54
707.298
720.397
702.257
706.889
748.869
708.503
732.586
718.623
734.495
731.79
752.419
487.914
194.8
214.954
184.481
202.276
175.402
184.309
176.306
207.889
185.029
213.941
195.605
174.863
183.13
121.524
128.419
117.839
120.858
128.366
127.808
147.528
118.896
123.495
120.245
154.083
204.579
128.644
119.336
141.448
178.013
118.091
160.687
121.827
118.84
124.693
120.904
154.325
125.965
145.951
125.022
133.978
117.052
205.839
134.385
141.159
158.65
141.691
119.446
119.871
144.1
130.66
171.74
147.98
194.544
125.721
119.608
165.137
129.429
136.49
164.461
118.912
164.159
138.032
159.827
125.376
143.729
128.587
118.799
188.914
152.861
132.087
192.479
136.733
119.55
158.705
121.876
168.277
127.359
120.771
123.153
133.552
180.624
188.347
117.498
171.987
117.859
119.475
148.103
120.078
123.169
124.98
118.162
193.069
121.757
123.543
129.636
152.555
126.99
120.311
121.135
122.598
117.604
118.657
123.336
118.472
154.31
170.56
130.49
120.78
151.236
170.808
160.864
163.61
136.599
147.51
156.62
127.27
154.569
158.545
122.786
149.356
146.111
121.92
204.574
120.036
126.596
142.059
121.591
135.777
122.32
126.962
177.415
124.197
134.184
207.814
168.052
151.349
121.434
119.773
188.665
167.985
156.512
139.733
135.918
181.279
118.307
192.149
117.21
121.39
148.432
198.51
191.343
161.022
125.356
118.675
120.906
160.858
152.038
120.157
135.301
120.846
145.873
138.43
119.749
125.462
196.588
163.326
119.702
167.504
119.416
134.827
116.564
124.899
159.299
131.296
121.006
117.665
124.786
150.748
151.715
120.591
181.039
123.408
124.155
118.86
128.597
134.257
120.14
120.583
118.171
153.781
130.775
117.923
121.48
124.408
169.103
127.582
135.123
149.344
141.543
118.824
131.686
163.614
131.414
145.298
133.163
119.975
118.053
189.626
121.036
152.064
144.99
120.39
126.487
138.266
180.255
132.276
124.168
126.808
162.206
131.727
126.172
148.15
121.386
148.094
166.321
121.1
157.436
121.211
182.26
120.253
162.393
126.773
138.407
147.483
142.683
200.639
127.707
149.772
120.511
161.777
137.64
122.739
119.971
122.075
149.377
126.268
150.407
124.293
128.929
123.065
176.957
175.422
122.597
140.345
119.043
117.746
128.34
122.93
126.559
122.832
149.497
187.442
134.055
118.062
138.478
176.849
171.416
212.948
137.67
125.336
134
123.535
120.347
212.606
115.878
182.097
173.886
119.598
133.234
128.449
121.005
118.486
170.01
143.878
119.823
116.338
146.656
137.353
168.98
163.158
119.885
168.2
121.513
131.752
121.857
122.848
121.49
117.579
125.878
140.763
118.093
209.607
198.949
138.576
152.227
201.34
163.365
126.564
124.678
150.903
121.022
126.645
167.342
119.586
155.897
122.873
182.627
120.266
124.453
167.984
149.919
175.14
119.874
140.357
148.402
195.084
128.593
193.132
138.523
138.711
151.592
155.266
120.485
167.329
131.383
178.711
147.235
139.371
122.324
117.567
147.766
139.821
127.686
120.932
119.231
152.699
119.934
148.007
120.823
122.283
122.041
119.619
123.235
195.355
130.379
134.541
126.167
194.072
155.657
194.948
137.694
186.343
120.616
123.272
211.03
203.736
138.245
124.566
119.573
133.791
146.277
163.246
201.187
117.101
144.488
120.809
137.875
120.985
131.093
122.322
199.439
148.093
136.69
189.04
165.514
132.757
126.192
190.645
127.655
146.422
120.038
164.492
121.934
127.893
121.938
200.585
121.687
141.847
161.884
177.23
203.737
181.042
122.274
120.064
172.398
118.852
145.822
193.535
119.47
129.601
121.592
128.77
117.703
130.888
129.663
138.309
134.137
132.721
118.599
130.086
123.745
157.612
150.429
126.189
118.358
119.719
155.062
165.413
126.574
129.168
139.664
136.34
122.24
122.217
164.488
149.773
157.604
120.291
116.009
142.455
205.927
176.152
117.69
135.977
203.798
162.376
121.65
134.717
133.949
120.137
124.428
141.784
133.754
130.358
131.542
123.072
186.603
121.632
183.66
124.427
125.115
127.216
179.256
173.037
141.251
120.465
118.394
152.533
127.535
135.099
174.795
187.659
120.257
123.058
168.021
134.374
174.081
171.885
122.36
138.797
119.66
136.591
119.104
138.599
152.912
118.37
120.329
130.095
123.11
150.113
196.293
205.535
130.575
127.002
140.589
154.919
119.729
122.965
151.681
173.419
187.479
195.78
123.786
178.46
117.582
135.207
125.32
137.017
158.442
119.766
125.328
165.687
120.539
170.649
120.219
161.253
148.16
157.761
123.923
121.476
148.293
136.686
161.712
143.221
168.891
190.112
148.184
122.009
116.28
119.408
165.926
211.308
120.752
197.948
117.5
120.05
147.825
121.437
191.645
141.474
145.54
126.454
141.793
126.167
147.542
142.498
187.266
176.372
129.213
121.157
139.879
154.414
133.191
123.901
156.313
139.534
117.962
184.322
123.468
118.703
171.724
186.268
123.083
121.056
130.306
200.173
120.493
157.835
157.775
191.331
179.331
125.252
137.062
126.616
124.432
167.68
183.598
148.716
117.99
142.778
174.986
117.613
194.132
165.736
153.155
127.59
121.626
127.012
132.181
150.112
205.245
121.013
141.927
119.942
118.281
144.865
147.045
122.061
120.556
131.139
190.035
119.991
127.017
177.42
117.792
120.167
132.236
129.353
120.92
159.587
128.083
133.724
160.819
121.908
136.554
134.787
119.655
137.191
146.635
137.378
149.477
119.278
122.414
119.761
118.33
117.468
137.27
213.305
120.625
163.321
175.597
126.911
165.341
158.493
120.71
128.459
148.126
133.002
189.885
138.475
133.201
177.206
122.153
166.112
158.98
133.485
123.349
132.895
151.582
131.463
135.74
197.417
182.38
128.648
120.164
185.91
127.541
136.67
209.255
140.388
119.967
132.781
201.795
131.96
201.852
175.17
157.49
151.36
143.689
168.112
122.363
175.313
118.438
153.227
119.923
147.961
153.244
126.125
149.272
134.286
138.798
131.327
127.005
126.236
160.11
159.936
122.492
197.956
152.982
194.008
119.476
121.955
131.14
119.32
152.881
116.311
145.182
121.04
125.017
135.021
147.925
127.04
118.978
123.222
122.039
192.06
125.159
200.794
120.913
129.528
138.095
133.451
160.556
201.176
126.013
117.437
138.651
124.428
149.308
121.319
123.278
169.335
183.958
121.689
154.101
172.173
128.062
135.406
129.601
128.006
171.805
123.141
190.104
138.305
121.472
139.995
202.784
173.753
155.549
127.933
126.476
118.147
137.233
158.54
168.171
150.853
132.64
132.946
118.363
139.793
144.037
127.805
124.139
120.445
141.923
124.849
123.993
120.151
121.694
169.099
184.247
130.338
127.232
127.292
125.32
194.314
196.086
147.604
159.113
131.292
146.944
196.067
140.443
125.683
121.69
134.873
118.335
121.703
140.029
126.872
118.988
121.471
157.051
150.505
118.043
193.35
194.946
146.825
119.808
119.192
116.829
126.928
200.469
128.421
119.866
137.748
156.481
134.592
123.057
136.251
131.192
123.26
149.069
122.739
123.818
117.618
119.516
147.206
195.384
202.036
124.931
128.656
117.383
123.349
123.326
154.754
137.381
143.361
120.155
126.716
138.419
117.959
123.318
120.025
168.485
139.285
164.582
124.713
150.301
198.342
125.016
144.941
121.839
128.122
122.625
146.59
179.663
139.468
140.407
156.633
137.109
144.594
181.643
119.275
193.169
118.907
151.587
178.255
118.587
127.178
119.466
145.502
191.687
119.919
161.269
130.046
182.553
132.596
125.738
214.309
135.284
142.565
140.478
118.372
151.648
127.931
141.855
124.356
128.699
157.15
192.358
136.539
188.123
146.198
143.508
142.293
119.863
121.12
128.958
118.636
177.34
121.263
193.402
163.016
125.437
158.545
180.026
142.563
120.055
121.22
137.036
193.854
164.928
121.083
162.022
132.371
121.251
165.86
147.897
176.81
123.942
121.655
117.389
163.355
161.999
156.156
129.878
120.355
149.872
122.775
123.806
168.435
134.545
