137.828
122.872
180.338
198.401
150.869
154.641
164.528
126.082
125.614
763.361
684.258
729.799
692.498
740.972
715.266
699.822
731.698
722.33
730.964
720.021
743.321
770.456
711.059
685.906
699.059
748.26
686.796
690.149
752.157
727.074
732.676
738.056
659.512
715.771
694.231
752.944
712.941
743.8
696.656
715.68
648.797
728.102
737.72
722.484
677.937
743.353
737.698
711.791
771.182
748.813
722.314
710.149
728.645
759.245
706.85
686.282
706.781
698.427
740.907
721.013
677.274
726.311
709.917
889.82
693.43
696.546
722.186
694.544
730.929
705.226
728.664
710.808
712.556
744.492
724.371
714.551
731.262
678.456
720.61
757.38
722.107
742.539
688.53
691.639
709.21
726.322
815.214
712.538
690.184
707.638
727.115
756.682
722.362
700.798
708.214
722.598
711.551
694.08
704.486
676.122
115.306
118.848
108.89
111.465
117.119
118.452
139.472
111.018
110.464
762.219
684.658
691.732
684.224
699.562
691.373
692.872
717.027
705.331
689.714
736.311
719.129
700.327
685.384
707.678
736.74
739.059
744.272
699.292
709.596
716.711
720.183
681.968
685.907
732.301
702.766
692.304
723.26
734.633
678.19
701.023
701.933
719.297
708.114
701.22
730.946
726.993
726.538
728.039
725.437
675.55
714.634
716.445
692.12
721.502
736.309
730.8
694.993
721.177
713.371
716.676
694.044
716.009
701.375
741.735
706.563
718.171
710.601
768.66
738.505
736.952
696.174
711.27
705.577
707.217
717.758
722.326
716.929
712.703
732.497
704.055
712.361
716.861
703.256
741.295
717.458
751.748
719.507
750.958
760.606
730.763
695.256
694.509
737.288
702.19
708.64
705.946
716.563
745.747
761.917
718.832
199.692
176.543
116.259
151.487
336.282
116.533
136.624
135.399
109.922
695.207
676.533
652.176
711.767
688.895
691.864
686.661
708.552
701.262
695.478
699.244
695.364
674.964
707.601
719.455
717.635
702.115
693.731
690.349
703.636
710.222
709.746
686.365
714.256
703.408
705.336
729.572
707.412
722.607
733.995
701.888
700.339
730.585
735.902
688.992
697.229
710.943
723.587
708.725
711.762
687.256
703.492
747.308
773.493
719.796
672.063
690.435
723.627
716.147
684.623
681.054
691.187
712.64
698.145
702.913
683.679
710.456
689.347
726.362
710.347
705.917
721.664
761.364
705.281
708.779
708.318
697.805
696.372
700.491
740.897
687.21
711.872
678.088
695.958
717.448
716.521
711.096
757.887
745.864
715.953
699.325
686.285
690.57
707.929
742.957
755.646
683.297
740.962
713.212
710.52
745.423
137.556
166.458
120.869
113.351
118.352
159.356
124.885
117.09
136.7
767.826
686.486
682.118
671.173
678.382
717.545
719.59
675.481
745.516
670.406
727.269
688.557
690.379
681.668
714.597
699.597
706.458
693.813
674.951
717.254
710.392
717.061
719.263
722.128
702.491
676.357
751.495
674.14
725.769
695.886
694.285
683.732
710.019
719.433
684.916
739.597
658.557
711.158
701.869
762.799
673.491
694.286
750.384
712.85
757.546
701.921
716.472
686.825
709.069
720.023
703.794
738.748
725.775
741.715
706.823
711.624
724.341
708.883
714.304
717.506
714.663
719.664
696.699
722.127
710.215
711.08
716.324
682.995
761.852
684.928
704.207
715.115
767.58
706.354
745.98
708.952
712.025
728.384
681.141
702.468
723.268
700.742
686.469
721.409
725.934
703.166
700.042
707.563
737.601
754.145
700.338
113.773
145.368
111.316
178.731
111.398
117.403
157.868
134.953
162.942
752.012
680.012
700.435
697.18
684.263
729.372
704.421
721.773
682.271
749.957
736.989
694.003
687.641
709.1
708.096
710.27
731.791
732.957
702.165
708.603
689.515
746.761
691.96
694.507
730.884
725.078
683.305
689.856
704.94
705.238
761.224
695.65
712.686
737.813
704.008
699.926
702.67
741.047
712.924
711.802
716.34
706.508
739.074
712.141
701.031
701.261
757.371
736.879
713.29
703.066
776.042
714.263
674.427
731.838
684.8
735.346
715.257
768.679
731.328
732.022
689.08
721.378
764.054
718.128
727.184
697.795
697.915
711.856
721.49
726.284
679.62
679.852
749.389
721.009
691.528
739.715
700.312
722.539
718.567
713.419
717.729
725.925
711.902
704.921
706.561
712.783
718.622
713.972
714.339
729.671
717.488
130.982
120.558
123.704
124.764
123.941
110.076
117.64
109.639
155.656
682.221
691.193
679.92
678.234
746.974
735.115
700.614
693.727
687.922
706.604
717.043
691.58
692.519
701.572
740.409
679.808
736.24
718.999
751.75
710.236
718.179
717.619
708.927
712.585
716.329
694.363
703.854
711.934
713.979
667.486
703.927
700.047
708.958
748.196
692.813
732.375
733.57
731.669
704.823
684.565
740.031
698.465
718.926
730.238
775.378
697.371
693.104
699.06
746.015
736.693
675.408
750.452
686.823
693.38
732.631
763.024
703.98
731.463
704.647
736.548
719.354
756.198
683.13
752.941
750.284
720.642
690.139
727.678
755.023
751.652
733.347
687.627
712.056
723.278
712.226
699.073
744.353
706.164
734.069
732.939
699.676
697.788
710.014
730.297
736.387
726.269
717.861
697.615
706.169
686.75
742.569
168.794
111.561
154.03
133.856
148.729
121.127
112.855
144.67
125.574
682.236
672.516
706.551
723.623
714.577
735.705
705.289
693.023
688.565
682.069
732.501
720.894
726.764
652.635
729.754
688.338
711.612
719.736
677.866
714.805
708.644
722.032
692.876
702.634
697.926
722.907
699.792
720.661
681.873
721.87
674.893
720.384
705.605
735.909
742.079
755.525
718.876
699.752
686.497
729.669
713.076
724.98
715.46
678.328
722.491
731.092
698.876
701.078
705.084
688.094
695.781
748.001
751.069
721.711
701.253
702.117
687.745
692.137
722.665
716.524
696.918
722.87
709.402
698.797
747.345
719.894
736.194
681.837
751.546
715.834
710.371
709.877
738.829
692.598
699.526
686.914
700.766
692.203
692.939
719.557
689.786
743.534
714.655
723.288
719.399
714.071
717.186
720.075
723.68
780.468
714.503
118.477
125.573
125.038
110.041
126.269
134.059
126.895
141.228
109.458
768.247
718.169
695.384
688.491
694.844
708.88
715.099
695.468
684.387
698.248
672.582
720.7
748.021
733.346
691.422
701.023
741.005
747.055
708.925
738.721
739.421
722.551
692.489
684.638
713.68
712.052
745.101
713.19
703.02
718.263
724.445
701.076
680.342
699.767
686.504
719.013
696.799
689.97
704.371
694.87
701.448
720.785
773.192
756.606
720.426
718.547
712.735
707.504
709.613
692.101
703.794
714.733
727.911
723.29
710.278
710.532
719.192
703.907
752.515
715.978
718.913
708.852
737.702
697.782
722.029
717.685
692.305
710.053
724.742
745.057
726.86
707.473
736.357
732.846
712.111
712.296
680.271
753.175
696.981
736.408
733.246
702.828
732.943
717.309
706.933
774.897
736.347
679.524
734.731
718.262
709.707
193.812
118.553
111.13
150.084
121.661
147.126
113.257
110.241
159.455
766.493
690.456
704.806
659.865
722.846
696.073
715.313
713.08
702.996
746.566
681.759
715.908
685.417
715.69
753.242
686.295
729.397
768.398
754.341
700.673
738.882
697.449
668.905
715.711
744.095
709.647
724.353
696.929
679.81
683.149
711.899
700.286
703.893
766.537
730.875
760.418
707.275
742.246
696.49
711.716
672.112
686.819
711.291
684.761
726.767
693.064
728.332
710.156
676.534
712.849
679.892
736.776
734.275
682.55
713.348
717.223
711.341
699.843
719.433
771.226
718.343
723.015
719.55
735.243
734.86
698.158
676.209
734.56
695.306
700.016
720.648
719.728
760.329
690.231
716.602
693.701
729.338
715.548
681.831
729.829
706.063
715.623
753.007
731.067
711.399
711.204
720.046
695.713
713.758
682.798
746.355
116.788
115.033
145.719
127.778
131.915
107.246
116.033
129.375
183.376
744.63
674.617
679.741
666.523
674.879
681.736
683.191
692.459
675.119
697.9
737.165
675.82
693.299
701.016
719.464
717.397
687.406
691.209
738.37
735.886
721.409
744.447
729.741
721.937
679.797
721.951
693.037
716.169
751.699
748.43
719.929
725.298
738.02
693.621
739.374
717.07
718.179
736.749
728.719
727.883
735.41
750.944
698.813
716.182
711.138
686.564
705.639
685.511
716.698
720.952
707.794
673.974
687.948
726.961
688.484
706.528
690.479
711.959
717.102
704.655
746.602
695.411
716.162
688.15
675.178
746.485
717.995
684.62
744.935
708.333
735.093
686.121
737.96
696.294
713.829
720.447
726.06
700.306
740.034
739.744
717.514
701.963
746.699
731.565
712.759
762.797
708.978
713.438
746.622
731.003
727.799
