17
4
20
7
17
11
11
13
8
5
6
12
10
17
10
14
4
19
15
24
7
13
12
3
7
6
19
5
14
29
1
6
13
8
9
7
5
24
7
5
6
1
8
8
8
4
1
13
14
1
5
6
4
9
14
3
17
5
18
9
9
8
7
22
7
11
1
3
113
8
14
5
2
6
17
503
20
7
7
24
18
4
6
7
4
5
30
8
3
9
9
4
9
8
4
5
10
9
4
3
2
5
19
4
19
5
4
18
5
7
3
14
18
6
0
13
32
7
22
5
0
7
5
13
7
44
9
6
4
69
7
29
4
7
11
5
30
8
22
13
9
6
3
16
8
10
6
7
54
15
43
5
503
8
7
4
3
12
4
9
10
7
13
6
7
6
4
7
10
42
29
0
8
17
18
28
2
18
13
5
13
6
7
4
6
41
6
4
4
3
4
8
4
17
13
5
6
8
18
7
12
8
9
4
17
11
13
3
8
12
10
11
5
5
7
7
21
17
14
11
11
10
11
30
10
6
3
8
7
34
11
32
18
4
8
1
3
6
14
6
8
6
6
3
11
4
6
12
9
6
4
4
9
3
6
6
23
9
13
1
8
9
11
3
5
10
9
6
4
4
7
4
4
5
10
1
2
4
13
26
2
11
5
7
5
22
47
5
5
10
7
10
18
9
7
4
13
5
5
7
4
7
3
15
12
6
5
18
19
8
8
5
6
3
8
18
4
20
4
46
9
14
9
12
13
7
22
6
11
23
12
10
11
17
8
7
5
8
5
25
82
8
23
4
7
7
6
8
10
15
23
11
1
8
12
15
44
6
8
17
7
4
13
0
20
7
4
15
6
7
5
29
10
4
1
28
15
13
8
6
22
5
5
5
9
13
4
9
7
5
7
6
12
12
18
18
6
10
4
4
9
2
0
6
4
38
7
5
8
9
13
3
10
9
13
4
3
5
19
52
7
5
8
22
14
6
17
6
3
8
7
26
7
1
16
5
16
3
9
3
5
19
12
4
12
16
16
15
15
5
21
3
6
8
24
7
13
5
15
5
5
10
2
23
1
4
3
3
4
25
24
21
6
18
20
7
9
9
5
4
16
3
5
1
10
5
13
11
13
15
2
6
6
16
3
18
7
6
7
4
7
4
23
11
18
3
7
2
32
6
9
7
6
1
4
7
5
10
9
26
9
5
5
22
19
6
4
1
16
21
15
3
3
7
11
503
1
18
9
3
10
11
5
12
12
12
13
6
19
9
5
7
21
10
5
11
4
12
8
7
5
4
4
9
9
12
13
18
6
23
9
3
4
10
12
8
6
10
6
9
6
12
6
12
14
3
6
3
6
32
12
28
6
5
0
10
4
17
14
9
8
8
4
3
5
8
5
9
6
7
6
33
4
6
6
5
7
6
0
5
7
6
5
13
1
0
9
4
503
10
9
3
3
10
7
10
15
6
34
6
4
6
6
44
4
26
13
3
11
5
1
11
10
7
13
9
17
25
8
8
24
12
4
9
13
9
13
14
5
1
16
16
3
14
13
6
4
6
7
14
7
14
8
12
1
0
18
3
5
5
17
9
5
12
5
2
4
8
13
14
37
9
6
4
3
18
4
1
4
12
11
18
0
6
12
0
2
7
42
2
3
3
17
10
3
1
9
7
5
11
7
19
79
11
11
24
6
6
21
12
10
9
15
13
9
9
12
18
6
30
14
5
14
13
8
29
11
47
10
503
16
17
4
13
4
5
5
18
9
8
16
5
20
3
6
4
12
22
5
13
7
28
5
5
5
4
10
0
11
5
4
7
11
9
2
7
6
9
5
23
6
5
11
7
37
5
6
1
6
4
8
6
6
11
4
6
13
16
13
13
24
4
35
4
10
8
5
6
42
26
17
7
3
1
21
13
6
3
5
7
4
8
3
9
10
5
6
3
3
2
4
17
13
8
7
9
5
41
10
30
6
10
27
6
12
5
4
5
1
2
6
8
2
8
14
6
4
14
8
14
1
6
2
9
9
8
2
12
25
7
6
7
8
4
8
7
5
4
6
15
5
7
7
8
1
4
5
12
9
8
5
4
8
2
6
4
5
13
62
2
15
23
9
14
8
10
6
12
18
11
6
9
47
9
29
3
13
3
8
5
4
11
6
10
16
4
14
10
4
13
6
9
9
5
7
5
11
4
4
6
10
7
4
9
24
19
5
9
5
4
503
11
5
36
3
22
10
3
9
21
19
5
4
12
8
11
3
14
5
4
20
503
4
19
4
5
4
4
5
6
503
7
7
5
5
4
9
4
