14
5
20
8
17
9
11
5
7
5
7
19
29
42
12
9
4
18
46
61
20
12
5
5
8
8
12
7
5
27
1
10
22
11
24
22
15
74
7
5
21
2
17
22
8
5
1
50
15
1
4
25
4
10
14
3
14
6
7
24
21
6
6
7
21
11
1
5
33
12
11
14
2
5
11
23
14
5
49
20
4
12
7
5
16
20
8
4
8
10
4
8
10
6
7
11
8
5
3
12
11
12
5
5
5
5
17
4
7
5
45
33
15
0
8
20
14
9
5
0
20
5
17
8
16
10
6
5
16
7
13
17
37
5
18
92
8
38
16
10
8
4
30
30
38
6
7
97
16
38
6
33
9
4
3
10
5
22
37
7
36
7
24
7
6
17
5
28
21
1
19
7
10
24
3
9
23
5
32
35
6
4
19
39
18
6
5
3
3
12
4
16
14
5
5
11
14
8
24
22
8
6
16
14
12
4
10
5
8
12
5
6
17
7
15
5
41
12
12
37
26
34
10
4
4
8
8
13
11
19
8
4
20
1
4
15
21
19
12
6
13
3
36
6
18
40
21
5
6
5
6
3
7
6
18
8
13
1
35
19
32
3
4
24
10
19
5
4
6
5
4
6
12
2
6
13
12
17
3
25
20
6
8
22
49
6
6
15
7
9
18
11
6
4
15
7
7
6
20
12
9
15
10
6
7
17
9
8
9
6
23
16
8
3
6
64
2
12
17
43
37
13
15
12
5
6
10
12
5
7
7
34
9
27
7
17
14
53
83
21
27
4
6
8
13
51
10
54
10
14
2
10
13
14
19
8
8
16
28
4
34
0
19
22
4
45
14
6
7
14
8
3
1
31
52
31
8
6
61
12
10
23
15
10
4
11
7
5
9
5
12
12
19
23
6
9
3
5
17
4
0
7
4
11
6
5
9
10
14
3
21
10
31
4
23
5
9
20
28
24
11
12
16
7
8
8
4
8
9
10
3
1
12
5
34
3
12
3
5
5
23
3
17
35
20
32
43
5
22
4
8
6
25
7
6
6
13
5
7
13
3
6
1
6
2
3
4
11
7
46
8
31
10
6
15
28
6
5
34
11
10
1
11
4
12
13
12
17
5
11
13
15
5
17
7
5
8
5
29
3
7
11
16
3
6
2
7
6
8
7
7
1
3
6
8
10
11
8
9
5
8
9
15
6
6
1
38
18
6
5
3
22
12
0
25
17
5
28
9
5
21
27
13
14
6
24
8
7
7
8
10
5
5
4
6
7
7
7
4
5
11
11
8
27
46
6
8
11
4
4
30
21
17
7
8
8
20
5
9
8
33
45
4
6
11
6
26
12
26
6
5
0
13
6
18
12
9
8
23
9
2
5
10
6
10
18
7
6
33
15
8
18
3
6
15
0
6
8
7
6
13
1
1
8
5
11
39
4
4
33
14
9
17
10
24
7
22
11
7
11
4
42
13
3
37
7
0
27
9
6
40
8
7
5
8
8
24
12
5
12
14
15
16
20
15
2
36
14
4
15
15
7
4
7
8
5
8
29
15
42
1
0
17
3
4
4
9
10
4
13
6
2
6
10
9
4
39
7
6
5
3
11
6
1
3
13
22
21
0
6
20
1
2
20
95
4
4
3
13
20
4
2
8
7
4
12
12
10
35
12
11
53
12
10
43
12
10
10
12
15
17
6
12
13
18
57
9
5
5
11
10
31
10
37
10
15
15
6
30
3
7
6
18
8
10
16
31
7
4
8
4
17
16
6
36
14
30
6
5
7
5
14
1
35
6
6
7
10
9
2
14
8
8
8
37
8
6
12
7
40
5
7
1
8
4
7
4
6
10
6
6
12
23
19
37
10
4
11
4
18
7
6
5
13
28
17
23
6
1
20
56
23
15
8
10
6
14
5
14
4
8
16
8
7
2
51
17
21
8
6
9
7
7
12
17
6
10
13
5
15
8
4
13
1
4
7
20
8
14
13
10
4
25
11
17
1
9
3
9
15
27
6
15
13
8
7
7
11
4
6
6
6
4
7
16
6
9
8
7
1
4
6
11
9
10
5
32
8
2
9
5
65
32
74
5
30
33
8
22
18
9
8
33
16
11
7
7
18
29
42
8
23
13
6
9
4
17
5
26
35
4
15
23
17
25
13
22
16
8
6
4
53
4
7
6
18
7
5
21
19
20
2
24
6
6
36
7
22
7
27
30
5
33
21
20
7
4
17
9
14
9
22
6
11
24
7
21
4
5
4
7
6
8
8
4
6
5
4
10
4
