5
18
11
5
7
8
11
13
14
16
8
18
8
10
8
7
10
15
19
19
9
9
9
8
9
14
14
19
14
11
2
10
8
9
8
15
17
9
7
20
8
3
5
7
15
17
2
9
8
2
10
7
6
5
9
6
12
6
7
12
17
9
19
17
5
15
2
11
10
16
5
14
3
9
14
9
15
9
8
7
7
20
9
6
18
13
5
8
10
7
19
11
7
5
6
7
14
17
13
5
13
9
9
6
7
10
16
8
16
9
9
16
6
0
14
18
8
13
14
1
7
10
13
7
4
10
14
15
8
11
7
18
18
8
6
7
19
18
8
5
11
12
16
18
18
16
8
16
7
7
11
6
7
8
11
14
8
11
8
14
6
11
13
6
7
11
24
10
17
1
11
10
9
21
5
11
7
5
18
10
10
6
7
11
11
9
16
4
6
16
7
6
8
9
10
8
16
7
11
14
8
13
6
7
14
7
16
6
17
14
8
7
7
13
7
11
6
6
14
6
12
19
7
12
16
9
7
6
18
9
12
6
14
1
16
6
8
20
7
16
8
5
18
10
5
7
7
15
10
8
8
9
16
17
5
9
18
3
7
6
16
17
10
8
17
6
7
15
10
18
7
10
6
3
7
9
9
20
4
6
9
19
5
5
10
5
14
503
19
25
18
7
8
8
8
14
17
8
5
10
7
6
13
23
7
7
8
7
13
6
9
7
7
14
7
15
17
6
5
6
5
7
18
15
6
8
18
19
10
15
8
7
17
11
7
15
11
9
7
7
10
11
20
10
15
15
7
16
4
15
19
2
7
10
6
12
17
7
7
8
10
12
1
9
14
8
19
17
12
8
10
9
5
2
8
8
6
8
18
9
20
20
9
10
9
8
6
16
7
20
16
9
7
18
8
7
9
7
8
20
12
1
10
6
12
5
7
16
8
20
7
9
7
8
21
9
14
8
19
11
9
11
18
11
19
8
14
7
16
7
19
12
2
7
8
7
3
7
9
16
7
10
14
15
18
16
10
17
21
6
7
7
14
16
14
10
15
11
20
8
13
5
8
3
9
3
11
15
6
10
7
7
8
12
6
17
19
6
6
8
15
10
2
11
11
9
12
15
13
9
12
13
8
8
6
13
5
11
6
12
9
6
18
14
22
8
4
18
14
8
10
5
503
1
4
17
7
16
8
9
19
11
7
7
8
11
8
1
10
13
19
7
6
15
18
1
10
7
12
5
9
17
7
15
13
9
7
11
9
8
6
11
7
15
8
9
18
16
11
9
10
6
18
5
10
9
6
17
8
6
8
7
10
7
6
9
12
10
13
7
18
6
7
7
11
18
6
9
14
13
8
7
10
1
19
15
8
8
13
15
7
6
9
8
17
11
8
7
7
10
14
8
15
12
23
17
13
1
6
8
15
10
6
1
2
5
5
8
8
7
9
8
7
15
7
14
15
5
5
7
19
8
16
14
6
503
4
13
20
2
18
11
9
7
12
17
13
13
6
14
19
17
7
8
8
6
13
9
2
9
11
6
16
6
16
14
8
5
6
17
10
18
8
3
1
8
8
9
10
15
7
10
9
17
4
8
7
9
10
16
12
10
13
5
8
15
2
9
7
6
6
1
14
9
1
4
4
13
8
6
11
6
9
19
2
8
21
9
8
11
8
8
16
17
5
5
10
9
17
19
17
17
15
503
9
8
9
8
16
15
503
13
16
9
19
7
13
22
16
13
6
11
6
4
9
5
8
10
18
8
6
7
6
9
6
19
16
7
6
4
9
15
10
17
15
12
11
1
19
12
8
7
6
18
3
7
7
16
7
17
9
20
10
16
14
14
23
1
17
8
20
5
6
16
17
7
9
19
5
7
7
17
14
16
16
8
13
9
8
17
15
8
9
2
6
17
8
5
5
17
7
10
9
22
17
7
7
21
8
1
5
9
8
18
9
5
8
11
16
7
7
10
5
14
6
19
6
5
1
7
4
8
5
9
8
3
8
14
18
8
2
17
4
19
18
10
9
7
5
14
19
503
8
13
9
503
14
14
15
7
8
5
10
8
18
9
2
5
5
10
7
11
6
8
9
3
7
9
9
7
5
3
4
4
9
9
5
7
13
5
12
14
5
9
20
10
15
11
17
7
7
22
8
8
8
9
13
12
8
5
4
10
8
8
7
9
11
16
19
6
5
10
19
10
14
17
12
20
11
7
16
8
15
8
5
16
13
17
16
6
15
10
13
9
9
17
8
9
8
10
4
503
14
7
5
5
9
7
4
18
17
6
9
7
10
6
5
14
