6
18
9
7
9
7
8
15
15
16
12
42
29
21
7
7
10
16
55
58
22
9
8
10
9
17
16
19
14
14
1
34
30
29
25
36
87
28
9
19
22
8
31
29
16
41
10
27
9
2
11
7
6
6
11
9
15
8
7
31
32
9
19
43
28
34
2
14
10
16
5
11
4
9
14
10
30
20
13
26
19
28
7
7
40
13
6
52
11
7
18
9
6
6
8
10
12
17
13
18
34
8
10
5
6
7
16
8
17
7
12
34
18
1
12
18
29
13
15
3
27
9
11
7
8
11
15
18
7
9
8
33
49
33
23
31
45
25
8
5
29
28
36
26
57
24
32
32
9
8
10
17
7
9
9
16
9
11
40
46
59
14
14
24
13
26
26
13
16
1
30
30
10
48
5
10
22
14
32
55
22
29
49
28
33
7
18
5
6
16
4
5
9
8
8
9
17
10
16
13
7
12
6
6
15
6
15
7
16
15
7
6
9
16
8
13
42
7
17
23
19
19
8
13
15
8
8
6
18
31
10
29
36
8
38
10
13
37
23
23
28
6
50
37
22
25
30
13
10
8
8
9
17
17
7
9
19
2
17
21
45
21
11
32
48
31
7
16
11
18
9
11
5
3
5
42
30
54
20
7
42
60
6
7
12
22
16
19
27
19
6
8
8
49
16
18
8
6
27
26
18
12
23
9
6
9
5
16
6
15
9
27
30
10
16
43
32
5
18
25
29
19
16
8
8
28
18
10
15
9
6
27
20
6
40
35
29
23
7
27
10
121
25
15
33
61
33
31
17
20
4
7
9
8
14
19
10
9
10
27
25
1
7
36
8
51
28
14
10
9
10
24
2
9
33
4
8
20
13
57
92
28
23
10
9
9
16
10
22
17
12
7
15
10
6
9
7
7
47
25
1
12
27
12
7
6
13
7
20
6
14
13
13
71
29
18
35
20
25
23
56
18
11
20
8
16
23
19
7
20
15
10
36
26
34
5
27
23
16
10
11
37
30
37
21
15
23
24
9
8
8
14
47
17
11
44
10
20
9
24
5
7
3
29
27
10
37
6
10
15
8
19
15
7
17
26
26
7
18
44
20
10
10
15
14
11
23
13
7
13
16
7
6
5
12
11
12
8
43
8
6
19
13
22
14
3
18
16
9
11
6
2
8
18
12
16
20
8
54
22
13
7
9
9
10
1
18
13
18
18
19
33
29
6
10
23
11
17
13
20
8
17
21
7
7
12
15
24
9
12
10
18
7
12
20
32
10
9
10
8
18
6
15
14
7
19
15
7
8
7
17
29
30
7
13
9
24
18
25
25
22
10
10
80
26
8
17
16
7
8
12
5
19
16
27
28
14
16
25
6
7
9
22
12
10
19
7
9
25
18
15
25
32
32
41
1
7
11
20
35
13
1
2
8
7
8
10
10
9
27
7
14
7
31
29
19
19
6
22
30
31
13
21
16
14
32
3
18
10
11
13
11
17
31
16
8
15
39
32
22
23
16
6
13
17
2
13
9
20
29
25
18
33
10
8
5
67
22
46
40
18
4
26
47
7
11
18
8
8
17
31
3
8
13
18
9
15
10
8
18
6
11
15
2
11
9
26
7
1
27
18
11
8
7
23
39
11
9
6
18
41
2
10
22
11
8
10
7
8
16
35
17
12
10
14
17
20
22
21
13
12
7
12
17
40
18
16
28
10
19
7
14
58
19
16
7
36
7
8
11
8
10
15
42
25
18
26
8
23
8
20
18
31
32
13
12
24
11
23
38
19
29
7
23
14
9
23
7
18
3
8
8
18
10
17
11
46
10
33
12
11
23
1
17
9
19
23
6
19
18
8
8
21
26
5
7
15
15
16
31
8
17
11
8
16
22
21
9
2
28
25
9
7
10
18
9
30
10
18
17
8
47
26
15
3
16
23
21
42
42
8
11
9
18
8
8
9
9
13
17
33
7
10
2
8
10
27
15
28
12
10
12
13
19
10
22
41
5
32
26
34
10
8
24
16
23
23
12
19
15
23
14
9
8
15
19
9
20
17
7
22
13
10
28
22
8
23
9
2
29
10
15
25
27
5
27
13
9
27
20
13
11
26
12
23
9
10
27
42
18
14
24
7
19
33
28
13
12
10
26
22
16
7
15
17
27
29
11
10
13
13
28
6
7
14
26
7
13
14
55
20
11
6
17
8
30
41
5
37
17
71
33
17
15
19
35
30
12
18
10
34
15
8
8
16
11
7
8
10
6
10
17
51
19
9
6
9
10
10
14
