6
18
12
5
10
7
11
16
16
15
8
17
7
10
6
8
11
16
19
20
9
9
8
10
12
14
14
18
14
11
2
8
8
10
10
16
17
7
8
18
7
3
6
7
14
20
2
9
8
2
9
8
6
5
11
6
12
8
6
11
17
10
18
13
5
14
2
15
10
14
5
13
4
8
13
9
13
9
10
8
7
20
7
6
18
13
6
9
8
8
17
9
6
7
6
9
13
15
15
5
13
7
8
7
7
8
17
8
17
9
9
13
6
1
15
14
5
12
14
1
8
9
11
6
6
9
14
17
9
11
7
13
17
8
7
9
19
18
6
5
10
11
14
18
17
18
8
15
9
7
8
6
7
7
10
15
9
10
7
16
8
11
12
6
5
11
24
10
15
1
8
10
10
20
3
11
5
6
17
9
12
8
7
10
11
9
15
4
4
14
6
5
9
9
10
6
15
7
9
11
7
11
7
7
14
6
16
7
18
15
7
7
4
16
8
12
6
7
11
8
13
16
6
14
14
8
8
6
16
8
10
6
16
1
14
6
8
20
9
14
10
5
19
8
6
10
9
13
10
8
9
7
16
16
7
6
17
2
5
7
17
16
11
10
17
6
5
14
10
19
8
12
7
3
6
8
8
20
3
5
7
20
5
6
8
7
16
19
24
19
7
9
9
9
16
17
8
5
8
7
7
11
23
9
6
7
7
13
5
10
7
8
15
9
14
15
6
7
6
5
6
19
17
6
8
17
19
10
15
8
7
16
12
7
15
12
9
7
8
9
12
18
12
14
12
9
15
6
14
18
2
5
7
6
12
17
8
7
7
11
12
1
8
15
6
18
18
12
10
11
9
4
2
8
7
6
6
17
11
20
20
7
10
10
8
6
16
9
20
15
10
8
16
8
6
7
6
9
17
12
1
8
7
13
7
7
13
9
20
7
7
7
6
20
8
16
11
17
9
8
11
18
12
18
8
16
7
12
10
19
10
2
5
10
8
4
6
8
16
4
11
13
17
18
15
8
14
24
8
9
7
14
17
17
10
16
12
18
10
10
3
7
3
8
3
10
14
6
8
6
8
10
9
6
13
17
8
7
9
12
8
2
11
13
12
11
14
14
10
14
13
8
6
5
14
10
13
6
10
8
5
20
13
22
7
3
17
16
7
10
5
1
4
17
7
16
10
10
18
9
7
7
8
8
8
1
10
13
18
9
5
13
20
1
8
7
11
7
14
19
7
14
14
7
8
14
7
8
7
9
8
16
8
10
19
19
9
9
7
7
16
5
10
10
7
19
6
7
7
5
10
9
6
8
15
12
11
8
19
6
8
5
9
19
5
9
15
14
9
4
8
1
17
16
10
11
13
14
10
7
7
9
17
11
9
9
7
9
15
9
13
14
25
15
12
1
7
9
17
13
8
1
2
6
6
8
7
7
8
8
7
15
5
16
14
6
5
6
17
8
16
14
7
3
12
20
2
17
8
10
7
11
16
14
15
5
13
16
18
6
9
8
6
15
8
2
8
10
6
17
7
17
16
7
7
6
17
9
17
8
2
1
9
11
8
13
16
7
9
7
18
2
7
8
9
8
17
11
9
11
5
6
15
1
9
9
6
6
1
11
7
2
3
8
17
13
11
9
7
8
20
3
9
20
10
7
9
9
6
16
15
7
6
7
9
15
17
18
18
11
12
8
8
9
16
15
13
14
9
18
5
11
22
16
14
6
12
5
6
11
6
7
7
18
8
5
6
8
8
7
19
18
7
9
7
8
15
8
16
15
12
10
1
18
13
7
7
6
18
3
7
8
18
8
15
6
19
9
17
14
13
22
1
18
9
19
7
6
13
16
8
7
15
7
6
7
15
15
17
15
7
17
12
7
15
14
9
10
3
7
17
7
7
6
18
6
11
10
18
16
6
8
19
10
3
10
13
10
17
8
7
9
8
15
7
6
8
7
14
5
18
8
5
1
5
7
8
6
9
13
6
8
12
18
7
3
15
4
19
19
13
8
9
5
15
19
9
9
9
14
11
14
8
8
5
14
7
18
9
2
7
6
9
7
11
7
7
9
3
8
8
9
6
7
5
7
7
6
8
7
8
11
9
10
13
7
9
21
9
17
11
15
9
8
24
6
8
9
10
10
10
7
7
7
12
8
7
8
10
10
14
18
7
7
10
19
7
13
14
14
18
9
7
17
7
19
6
7
14
16
18
14
7
16
12
16
9
7
14
8
14
8
9
9
13
13
7
7
8
7
7
16
20
7
7
5
9
7
10
14
