455
22
86
85
66
74
59
107
78
684
37
30
8
27
55
47
206
53
102
35
156
231
58
137
52
61
39
39
132
32
94
36
52
154
31
84
144
96
94
22
4
91
138
106
64
46
104
26
142
173
31
234
162
55
29
20
44
457
49
47
172
360
74
73
65
335
128
141
33
41
53
45
30
149
177
82
75
113
42
213
96
751
77
183
168
124
46
364
60
142
163
55
613
91
201
105
80
193
13
44
99
68
230
309
52
90
63
87
43
115
153
38
72
47
62
193
209
46
14
3
75
45
131
333
205
131
191
95
210
138
114
31
239
146
203
28
57
43
47
54
135
75
153
66
161
80
30
121
51
83
186
26
30
113
62
103
28
47
1316
154
454
834
44
30
193
135
127
681
36
74
29
359
132
158
88
39
331
118
48
1324
29
47
141
46
36
30
48
79
48
237
84
46
95
38
43
52
30
42
217
43
47
37
642
195
38
170
38
184
98
29
198
50
38
81
90
49
337
78
176
166
115
40
54
549
39
56
35
49
577
424
164
179
52
36
81
112
91
167
168
54
200
54
520
267
177
101
36
235
40
41
44
42
166
51
646
69
93
94
231
227
199
163
54
29
50
495
90
91
99
18
951
20
62
135
325
481
102
44
676
159
100
155
34
174
70
402
198
81
40
31
48
49
35
107
487
94
463
81
44
49
51
77
40
43
710
29
158
84
62
28
56
43
414
73
488
218
42
194
33
52
54
786
49
94
143
264
90
98
96
121
171
42
373
22
38
561
504
27
88
46
54
99
181
43
47
27
41
185
31
113
102
189
56
606
187
78
234
8
322
426
28
99
98
84
49
37
33
56
72
166
32
193
153
45
179
770
83
159
110
12
158
29
46
168
45
197
55
49
38
68
168
149
42
71
54
591
137
90
50
166
179
65
32
75
27
93
70
160
20
17
190
204
28
56
331
636
54
862
149
61
54
104
167
152
34
129
37
196
55
30
204
140
103
337
79
155
565
167
44
24
595
77
69
25
62
109
151
185
87
40
360
55
351
60
39
69
119
62
66
45
51
42
63
275
33
202
53
45
188
65
37
42
125
38
202
394
31
108
82
44
54
187
153
50
97
24
52
69
32
40
66
34
385
16
188
163
12
32
65
31
181
518
55
86
125
36
51
109
54
41
79
45
161
27
48
257
55
138
222
69
171
52
30
26
49
439
178
186
26
28
35
36
30
57
16
193
102
693
62
43
242
416
27
88
39
415
203
63
17
36
66
40
48
165
654
161
60
50
36
124
117
303
66
201
65
100
64
93
44
107
64
32
32
138
43
47
79
32
31
79
55
99
41
82
362
82
121
194
109
67
727
52
161
124
63
52
38
121
28
196
68
84
43
40
621
46
60
21
65
29
41
112
186
26
68
35
350
184
33
63
196
101
142
81
56
83
37
369
27
81
608
352
20
189
32
155
62
195
1
60
44
1802
10
248
24
106
50
176
104
59
38
42
189
162
47
93
30
103
29
31
179
157
48
52
49
52
46
101
123
60
156
63
795
188
46
83
41
500
83
55
92
44
40
48
226
224
309
32
598
13
329
29
53
129
104
98
278
94
732
88
41
41
39
42
35
104
217
32
28
34
26
64
52
344
613
53
210
276
270
136
36
51
205
53
32
154
42
32
49
87
46
32
3
28
141
48
87
47
129
48
12
39
79
62
57
29
38
150
36
186
30
103
67
11
29
363
159
91
201
935
34
56
83
53
45
153
42
285
47
36
39
213
38
127
107
52
48
484
66
179
74
24
47
55
69
98
162
43
67
65
3
153
44
43
29
115
49
188
43
66
470
69
460
131
52
50
120
44
54
45
27
118
98
200
167
156
57
41
410
62
53
83
466
298
32
52
259
57
57
42
243
26
145
247
38
64
114
528
45
171
400
15
280
23
68
61
59
48
405
44
32
55
50
2
53
44
497
37
165
26
623
26
178
599
169
44
33
245
31
31
54
94
28
100
27
70
28
184
593
29
29
82
56
190
66
76
27
189
87
23
131
35
120
64
41
21
46
82
56
130
50
33
878
32
348
207
154
93
37
119
69
248
92
363
61
36
23
108
41
29
182
587
48
61
155
199
176
188
497
103
88
37
147
93
48
26
49
198
54
55
172
42
49
55
579
67
57
697
191
120
27
44
84
28
59
163
101
200
156
282
104
37
46
42
20
39
92
7
57
88
205
50
26
44
29
185
76
66
143
103
56
94
38
367
54
94
52
672
11
585
102
382
391
67
31
47
94
106
54
43
