64.133
64.736
57.612
57.712
60.004
59.317
86.751
34.306
62.213
317.936
88.698
58.677
84.91
224.09
55.308
54.878
61.055
20.909
66.629
86.341
96.883
85.756
57.276
6.991
67.199
33.445
198.203
635.653
814.737
662.604
793.866
60.809
762.148
748.856
740.992
699.838
208.004
522.785
601.111
610.696
420.564
407.723
218.024
825.745
618.92
786.739
335.723
802.102
829.677
236.308
678.426
829.172
838.105
867.362
788.396
762.389
797.093
773.884
798.398
564.401
112.852
803.038
790.579
735.672
808.085
859.221
811.974
820.037
949.744
818.231
765.746
821.518
804.141
831.583
827.055
684.331
824.189
815.583
837.647
760.21
807.784
829.572
790.165
705.363
95.279
816.625
836.667
832.18
838.215
708.145
817.32
818.622
816.693
864.082
814.085
832.396
765.811
768.57
1114.114
797.553
60.255
68.311
42.494
98.024
94.144
54.582
205.54
65.519
105.499
201.213
89.345
484.999
90.581
1170.205
116.928
95.699
71.812
408.787
1391.697
103.424
1453.637
213.014
72.471
841.376
100.769
77.678
351.113
840.602
817.385
809.566
834.157
1076.833
831.218
875.985
791.924
779.509
778.571
661.723
713.968
668.048
90.547
825.97
796.686
882.31
192.119
729.954
27.401
852.56
518.905
883.993
818.362
861.522
1376.119
810.737
769.621
724.797
792.304
593.318
750.949
554.89
945.138
804.044
705.119
680.338
806.85
816.713
831.486
834.723
863.07
792.813
806.247
71.325
668.797
852.082
812.471
742.248
699.457
216.838
406.649
806.66
705.131
830.315
1022.574
557.671
799.602
676.449
812.225
580.724
701.393
719.827
693.047
814.518
223.463
813.859
877.507
805.604
350.967
620.105
664.272
672.544
499.349
655.251
243.402
59.724
77.372
56.98
50.207
146.987
1501.661
69.211
127.61
575.641
67.168
367.747
68.623
68.942
57.297
700.693
75.957
90.341
63.758
62.36
84.807
794.425
57.238
1625.794
818.967
799.573
1000.079
558.429
199.711
814.533
344.157
823.548
804.009
1230.005
832.678
1575.028
676.552
705.23
545.003
820.222
805.372
847.19
801.756
845.299
411.771
777.041
520.793
834.366
812.172
833.264
207.031
832.948
570.064
306.525
212.179
174.44
90.372
82.599
798.423
85.157
554.307
258.828
59.443
303.09
148.047
101.806
1126.301
1090.447
114.844
698.914
97.984
64.36
87.513
401.444
72.827
1283.615
68.892
936.415
81.39
88.254
91.769
1336.572
785.329
131.829
77.819
384.13
70.847
75.28
131.93
64.39
636.21
70.262
75.023
82.028
55.85
110.008
65.074
63.943
72.042
77.639
75.048
58.161
95.661
61.992
396.394
623.173
161.697
67.879
12.48
99.718
73.444
85.529
69.791
1077.525
62.835
14.977
125.025
667.852
121.998
98.623
93.516
57.629
72.516
310.351
95.966
71.766
60.214
60.82
661.706
81.454
691.596
673.586
76.098
58.671
879.7
729.351
83.597
1422.301
252.637
53.886
65.055
117.069
56.418
818.933
60.703
92.74
55.848
99.164
53.438
56.801
715.921
472.726
484.016
80.109
99.311
80.078
57.189
84.008
67.668
875.604
93.549
78.546
73.594
212.727
63.576
351.831
77.863
76.994
573.299
58.61
215.055
87.31
75.834
66.356
61.387
188.345
426.013
540.736
92.889
56.223
94.174
109.615
275.228
80.193
74.274
231.267
55.645
104.748
106.202
73.943
93.995
55.974
79.937
78.195
91.514
1524.627
113.321
75.643
95.123
572.741
720.459
59.877
110.288
59.813
308.33
104.543
118.698
68.276
107.251
560.269
56.442
74.649
82.849
62.804
155.224
814.002
576.566
100.572
109.325
80.343
106.873
69.244
54.171
142.659
63.546
277.378
61.071
95.724
106.789
61.79
121.057
71.508
59.075
77.187
294.841
116.335
17.009
99.469
102.653
81.646
56.75
520.08
677.151
102.715
121.733
661.897
753.248
77.172
61.807
60.856
97.825
103.989
102.549
478.377
88.141
75.241
81.01
74.954
105.526
77.253
99.05
57.238
82.124
148.089
60.083
254.603
692.947
152.961
60.336
75.613
61.759
66.96
84.091
54.978
85.386
85.626
139.95
57.045
111.6
69.686
99.413
139.54
37.163
59.022
72.986
88.601
525.961
60.459
132.45
80.27
1446.657
86.801
55.464
132.177
60.75
93.564
109.423
73.398
56.349
191.592
78.296
137.211
56.434
53.771
77.283
84.525
646.158
1483.299
795.048
279.502
82.416
82
78.093
67.935
133.581
73.998
65.214
72.844
93.396
55.417
874.501
67.637
109.848
675.384
75.55
796.48
59.139
66.87
58.748
114.23
93.931
1595.442
65.225
97.355
98.949
291.292
77.499
55.925
59.815
67.168
100.225
72.698
124.318
58.522
58.331
70.504
100.041
84.166
227.284
103.081
76.51
89.305
68.857
79.039
647.317
81.122
111.136
53.857
104.355
56.124
85.842
78.944
1560.829
101.018
71.954
54.113
78.884
56.067
77.654
102.364
77.727
66.356
666.334
22.788
65.99
90.528
114.465
74.925
89.219
63.071
380.041
59.441
91.693
132.085
76.925
88.769
110.796
60.51
68.566
97.973
524.858
72.125
100.891
91.506
65.11
99.479
1704.419
97.524
68.02
69.384
60.18
93.106
61.781
131.675
97.845
80.978
61.229
92.883
85.143
95.513
58.345
98.12
88.687
67.73
1182.734
55.95
71.505
98.3
117.59
67.087
149.991
66.232
66.271
176.59
122.559
561.586
62.304
58.704
96.137
62.514
74.12
66.482
57.051
209.721
79.85
54.862
85.958
74.325
55.809
58.121
84.549
148.967
82.105
111.697
57.195
825.942
71.299
71.28
151.515
59.096
64.424
80.7
63.072
1634.017
60.268
67.768
61.531
92.306
154.088
104.85
57.683
78.417
65.591
58.74
1225.711
68.854
74.332
106.003
69.514
97.957
81.003
61.691
59.804
908.309
34.571
66.745
50.765
693.912
995.425
62.475
649.719
83.717
38.193
662.686
42.613
54.614
654.644
120.154
59.187
529.376
101.975
58.863
72.232
136.879
110.043
1246.847
65.506
84.606
62.595
565.833
67.362
104.43
65.729
106.008
109.315
62.337
73.65
80.209
51.915
192.919
67.855
177.772
59.763
65.421
602.082
761.309
55.472
95.85
84.468
56.426
468.16
71.87
496.113
75.079
58.025
113.722
70.34
85.33
86.184
99.796
56.756
109.945
64.02
112.589
62.916
55.796
1403.062
113.898
77.631
53.033
1399.147
664.663
74.859
72.767
76.983
1492.807
1169.31
129.18
74.238
63.71
109.99
104.145
94.133
63.822
87.083
150.931
96.464
114.807
134.235
89.959
88.369
58.197
80.535
79.861
65.736
721.427
60.317
72.1
68.453
57.463
62.304
134.351
66.479
75.661
60.776
74.168
760.616
93.143
88.674
64.08
258.078
94.26
78.357
89.812
151.893
63.626
74.645
20.425
68.858
77.092
86.914
79.821
73.692
123.62
1063.448
95.978
74.697
770.895
87.143
73.208
73.876
125.231
90.91
141.215
115.205
65.422
102.456
96.847
56.596
637.51
101.375
209.856
58.875
87.745
71.318
484.322
114.87
87.01
418.97
78.794
592.492
107.181
103.01
82.852
86.141
87.285
83.364
1364.559
61.997
98.922
118.195
95.04
57.693
59.663
68.878
100.608
83.61
89.43
101.363
99.642
62.106
111.703
541.808
103.679
82.129
138.971
57.998
81.908
1131.934
93.867
95.25
164.144
120.08
71.115
47.801
106.417
76.63
66.746
145.988
62.503
158.619
82.467
174.01
72.568
80.938
41.954
142.962
75.322
121.585
58.941
89.015
64.328
58.473
96.104
64.52
75.925
84.542
76.468
93.483
109.215
22.262
128.322
61.615
107.342
105.459
60.891
56.819
99.638
96.426
1220.354
97.357
112.149
122.497
72.743
89.46
164.214
83.618
86.227
105.826
638.627
97.083
87.448
80.383
103.368
77.186
95.357
113.137
113.722
55.924
81.558
125.836
104.289
58.848
56.127
70.68
269.081
91.654
55.134
82.425
71.855
90.759
81.026
861.346
125.816
711.325
66.285
97.08
90.339
58.303
77.336
57.711
724.604
67.168
61.828
76.07
61.447
131.677
95.552
63.347
82.172
62.35
64.976
58.797
76.886
53.989
54.49
86.312
112.207
73.861
56.943
88.079
58.834
78.42
320.5
59.915
74.115
60.954
58.613
235.272
63.477
76.926
70.11
99.118
80.27
127.397
661.787
60.548
73.959
71.589
103.622
91.22
72.633
67.722
72.796
65.676
59.862
89.349
88.16
1305.817
86.745
95.052
81.786
81.432
54.639
85.708
114.541
57.087
95.084
202.689
77.043
802.946
81.406
64.415
99.959
76.379
71.541
101.997
67.769
