116.933
82.111
91.229
88.981
101.83
99.335
195.904
73.471
80.03
79.945
204.254
88.784
188.917
483.432
74.859
85.472
98.329
19.724
122.316
189.187
231.328
193.896
90.988
5.341
127.808
97.898
5.125
610.561
75.52
83.006
118.436
6.495
345.845
292.474
181.436
130.299
21.468
280.314
83.991
300.468
204.625
639.153
20.139
328.993
130.249
234.007
19.623
154.127
141.612
17.322
28.826
298.432
81.898
82.411
277.262
116.148
144.729
180.479
279.732
82.86
6.612
100.837
152.334
95.538
195.719
188.223
178.16
94.479
612.481
613.391
575.996
201.666
204.047
145.595
117.928
145.427
93.021
98.606
106.987
148.171
198.412
192.62
263.798
193.43
9.31
349.463
217.482
126.168
177.841
209.938
135.772
299.803
328.149
170.646
81.019
138.546
98.692
336.256
631.654
93.164
97.289
132.373
17.073
234.709
217.654
79.491
110.751
122.533
168.149
173.082
202.069
100.105
199.194
514.979
266.396
206.819
146.436
28.648
110.777
227.73
380.05
98.414
145.706
75.521
152.497
81.464
21.279
97.318
232.693
151.068
176.009
646.017
202.959
225.341
235.719
305.342
216.409
183.606
174.856
145.796
17.302
155.296
148.106
209.209
20.489
156.24
4.298
154.975
192.907
207.929
138.765
151.257
623.73
143.985
153.976
119.888
183.035
212.571
126.604
118.214
641.695
164.128
201.152
125.573
219.072
270.715
141.417
84.789
80.866
146.546
148.247
17.271
88.007
648.788
165.134
407.435
82.189
23.964
160.035
156.506
74.298
142.357
589.477
235.903
160.497
299.214
141.179
338.772
150.382
136.402
120.123
257.441
17.491
111.28
633.993
266.305
600.459
128.533
100.463
78.624
167.503
118.837
102.546
80.548
158.921
73.947
17.034
22.619
82.105
133.834
341.41
76.259
128.374
97.342
152.689
133.979
97.169
326.931
162.04
17.662
115.24
95.269
171.186
164.63
76.25
85.06
127.402
103.825
652.889
126.761
19.484
164.82
21.647
118.541
659.975
604.087
108.241
418.059
266.662
81.035
223.7
178.52
90.55
78.22
161.503
80.92
659.06
258.382
194.737
220.626
97.825
151.266
17.936
261.845
79.266
118.714
145.159
218.199
144.272
168.523
322.619
142.669
159.001
284.355
83.257
29.66
104.314
250.122
93.642
173.065
234.853
124.654
232.916
94.09
159.304
87.681
154.729
624.461
20.225
167.493
179.699
176.822
202.592
76.928
168.232
310.6
159.139
26.868
123.93
153.949
339.8
114.814
93.702
107.112
153.749
164.122
86.343
6.737
20.006
99.848
131.744
166.203
148.849
92.77
235.491
109.275
265.387
218.686
20.367
126.63
8.296
236.056
136.456
186.001
134.49
80.75
117.523
8.981
314.736
94.573
335.63
243.425
225.166
90.115
149.227
20.851
227.914
152.56
96.549
91.238
80.243
182.447
186.929
75.154
159.341
97.266
76.662
76.939
175.233
81.675
83.563
75.316
100.921
20.083
20.458
75.463
103.408
216.656
88.834
247.611
75.029
79.057
153.436
76.994
31.803
167.669
238.836
162.61
77.116
187.879
126.492
75.179
221.4
163.176
146.642
89.604
115.787
29.318
170.396
153.433
74.105
78.971
21.443
188.607
154.777
110.574
109.297
221.397
227.451
73.532
228.437
82.25
228.974
7.96
25.758
176.827
143.162
246.227
77.73
259.707
275.436
141.909
219.352
88.808
163.165
166.295
219.625
225.397
126.254
152.047
237.835
71.951
79.727
98.449
274.646
96.463
206.246
127.982
158.297
130.75
185.578
80.536
80.181
149.556
228.466
110.377
160.803
280.106
75.446
239.395
269.598
169.494
266.274
139.158
79.055
75.032
105.233
75.835
111.574
231.66
261.832
105.133
312.47
145.177
94.768
163.927
78.269
297.486
6.334
248.147
253.206
176.315
85.715
28.514
337.64
241.311
333.772
74.336
74.488
157.31
110.246
85.614
242.054
258.713
85.264
75.641
194.585
152.978
183.601
158.155
274.402
155.474
248.854
93.675
178.417
226.884
99.599
78.149
80.314
21.051
95.297
163.774
106.802
118.045
181.941
87.487
184.509
198.127
102.64
88.104
18.273
132.354
249.842
96.096
75.571
85.002
150.414
22.082
28.142
90.936
369.181
155.524
79.742
203.849
75.753
24.802
96.828
214.014
280.981
152.829
89.671
20.82
163.325
18.462
81.65
77.792
134.161
120.393
152.197
80.563
159.739
26.56
187.878
185.148
175.415
132.005
366.208
147.504
115.691
145.287
218.38
85.235
76.647
135.39
274.944
150.01
163.366
75.842
83.906
131.019
91.68
299.951
224.923
78.148
115.188
238.48
246.282
25.718
145.508
93.813
93.577
130.955
240.584
152.585
338.93
96.659
90.224
139.035
247.274
193.651
20.989
274.929
155.296
211.462
130.388
174.731
75.088
173.571
284.594
76.246
254.349
81.762
204.177
167.924
85.376
247.931
149.047
76.886
169.772
76.464
160.126
19.232
227.673
118.897
74.807
6.641
128.684
204.946
304.581
18.062
207.477
91.503
26.879
94.746
215.319
20.003
158.59
189.896
288.777
99.753
127.401
238.685
75.505
140.217
249.629
211.872
118.637
238.032
82.057
235.056
126.059
139.423
104.337
203.533
104.643
369.227
241.614
181.003
106.731
219.908
193.26
7.288
92.276
242.938
206.604
128.769
77.476
85.838
139.324
247.201
293.698
127.67
19.846
128.819
120.029
22.74
324.446
78.651
93.621
95.175
213.879
101.087
152.825
120.364
84.602
20.653
154.383
81.884
196.409
157.701
79.802
92.302
181.383
126.039
180.171
17.263
89.198
75.336
132.918
144.498
25.123
93.641
121.604
177.453
107.378
78.963
100.163
139.008
107.93
218.438
19.644
252.213
86.352
156.696
118.775
102.211
78.937
130.641
149.613
274.941
140.164
172.411
186.69
100.82
103.916
265.576
30.561
116.907
20.536
178.84
77.922
100.724
230.762
176.693
73.431
89.225
19.071
82.244
77.371
315.232
99.579
74.854
253.457
93.025
146.989
19.643
18.974
86.438
99.028
192.736
108.017
72.191
127.848
259.121
111.5
269.851
283.583
88.2
150.397
179.702
75.724
267.099
128.691
23.023
82.751
119.145
78.811
82.814
85.395
228.974
185.448
77.396
26.08
130.362
79.924
158.399
90.047
298.929
134.316
196.73
199.379
228.479
86.793
17.83
108.87
288.062
107.567
76.251
83.078
112.987
171.153
78.502
79.993
77.256
150.539
146.28
164.991
87.765
81.004
338.014
137.327
110.489
335.452
224.851
232.325
104.189
203.828
366.471
217.541
308.785
90.655
203.972
196.121
85.038
171.264
153.648
108.681
87.258
98.087
112.754
128.638
101.681
105.551
23.118
93.802
154.168
99.512
162.22
582.951
179.346
200.355
108.156
19.982
247.06
188.672
178.533
135.255
107.764
153.297
15.806
123.874
163.748
194.41
167.25
144.137
242.576
78.256
132.327
120.023
94.691
142.999
139.852
145.426
239.248
209.303
357.081
19.682
116.381
263.603
245.409
81.277
234.809
294.083
103.925
91.433
153.19
199.927
86.285
321.277
129.393
33.776
111.46
296.498
176.043
238.978
175.049
175.137
205.193
183.831
87.137
116.293
241.403
368.966
19.948
85.846
95.305
104.59
255.313
161.492
232.109
192.145
215.12
89.738
318.47
106.722
316.979
19.857
377.679
94.019
122.405
100.784
261.542
172.679
415.826
240.904
91.878
19.364
283.348
132.039
166.577
359.797
100.94
541.933
79.706
22.494
130.917
116.265
25.43
313.854
157.38
305.326
96.237
214.514
95.059
78.798
210.608
94.544
106.397
189.233
175.404
288.72
327.552
20.249
391.297
101.364
196.062
262.861
97.926
90.029
254.23
213.528
82.026
190.205
286.417
315.891
144.684
213.81
20.729
165.143
19.466
262.778
84.439
213.52
257.263
157.302
264.76
196.596
170.881
290.345
28.135
82.019
107.114
366.912
262.298
87.299
90.72
107.382
80.846
229.38
87.35
193.828
81.516
210.676
7.227
95.911
334.074
98.756
121.988
207.355
208.3
111.441
123.623
86.842
76.96
92.95
84.1
153.254
109.641
377.363
236.214
120.073
178.986
90.698
101.888
87.218
163.795
84.915
79.979
200.179
20.374
160.354
91.527
204.301
143.28
118.453
75.218
99.173
144.051
107.972
93.084
23.505
113.688
158.951
129.593
21.218
178.396
356.131
77.545
95.914
142.898
134.41
262.912
209.504
144.579
126.17
143.355
119.371
106.224
211.607
185.117
81.208
191.802
235.079
174.463
174.875
80.998
186.422
287.438
82.382
227.005
75.343
158.749
84.414
176.699
119.14
6.742
167.298
130.962
249.184
124.814
